0.230037 19
0.000610 8
0.000116 47
1.588709 1
0.685893 1
2.746945 1
0.264336 1
0.238273 1
0.547735 1
0.237826 1
0.085596 1
0.149354 1
0.185281 1
0.502474 1
0.587504 1
0.392360 1
0.514555 4
0.325092 1
0.078340 1
0.495784 1
0.164974 1
0.171064 1
0.242358 1
0.420021 1
0.066424 1
0.429034 1
0.130566 1
0.123702 1
0.163594 1
0.154963 1
1.267631 1
0.176868 1
0.342217 1
1.385105 1
0.194873 1
0.169353 1
0.189482 1
1.010559 2
0.000044 9
0.000142 19
0.000076 8
0.000031 47
1.392715 1
0.150676 1
0.540444 1
14.666798 45
0.643633 101
2.667333 1
0.328660 1
0.275861 1
0.093795 1
0.299850 1
0.318647 1
0.188507 1
1.166514 1
0.229509 1
0.438755 1
0.065613 1
0.285894 1
0.303198 1
0.133979 1
0.063666 1
0.120000 1
0.210233 1
4.437987 1
0.090683 1
0.149341 1
0.162279 1
0.515577 1
0.222954 1
0.202588 1
0.166302 1
0.096656 1
0.209057 1
0.266204 1
0.170002 1
0.125554 1
0.510504 1
0.047717 1
0.224616 1
0.144518 1
0.189348 1
0.100889 1
0.455334 85
1.448502 1
0.152365 1
0.415320 1
0.757221 1
0.338672 1
0.126634 1
0.169750 1
0.381336 1
0.139347 1
15.467891 1
0.153038 1
0.142037 1
0.570801 1
0.173564 1
0.132451 1
0.539671 1
51.020611 45
1.269239 140
0.750313 85
11.333968 1
0.060918 1
0.157270 1
0.547260 1
0.301020 1
0.119040 3
0.614617 1
0.168001 8
0.645565 1
0.254660 1
0.126129 11
0.828319 121
8.573528 1
0.135053 1
0.138466 1
0.181915 1
0.142050 1
0.874543 1
0.630719 1
0.438150 1
0.148109 1
0.073970 1
0.947722 4
0.295403 4
0.141065 4
0.581328 1
0.094910 1
0.234646 1
0.581520 1
0.300492 1
0.286214 1
0.146660 1
0.236626 1
0.756482 1
0.133585 1
0.415200 1
0.055528 1
0.266432 5
0.815703 1
0.138821 3
0.766181 1
0.138712 1
0.164136 5
2.013386 1
0.941262 1
0.133180 1
0.111719 1
0.854422 1
10.704883 1
0.130785 1
1.579756 1
0.096496 1
0.748604 1
0.125705 1
1.226578 1
0.121609 1
0.200436 1
0.190215 1
0.154458 1
0.111283 1
2.752240 1
0.916402 1
0.117988 1
0.207199 1
0.126883 1
2.253580 1
0.086646 1
0.234130 1
3.296394 1
0.120818 1
2.378603 11
0.006794 47
0.000191 70
0.026029 27
3.928650 2
1.943211 47
3.476720 2
0.019106 29
0.001429 44
0.004937 28
0.001326 49
0.000260 2
0.000059 25
0.002623 181
0.007416 3
0.004962 189
0.000479 67
0.032070 2
0.000133 79
0.208191 57
0.272082 191
0.047081 69
0.000131 29
12.839913 46
0.753075 173
0.622651 11
0.003212 191
0.038467 69
0.000038 29
8.736180 41
0.373744 143
0.006754 11
0.003123 191
0.047850 69
0.000123 29
11.073225 51
0.805927 203
0.007053 11
0.003259 191
0.042779 69
0.000070 29
12.417317 149
0.586254 773
0.848057 241
0.082734 252
0.148597 241
0.052004 241
0.344683 243
1.529114 243
0.148659 241
0.133799 241
0.643498 241
0.083764 241
0.196126 303
0.793684 6
6.271286 11
0.032560 202
0.002071 191
0.031913 69
0.000124 33
5.902753 19
0.408027 21
1.731613 1
0.429346 1
0.177730 1
0.393862 3
0.132729 3
0.468957 1
0.156939 1
0.164028 1
2.186369 1
0.199886 3
0.106853 3
0.131393 3
0.790958 10
0.284575 8
0.122008 1
0.716948 1
0.147399 1
0.131186 1
0.467739 1
0.131885 1
0.254762 1
0.185979 1
0.935125 1
0.143917 1
0.112592 1
0.228774 1
0.520480 1
0.121830 1
0.186796 1
0.436194 1
0.471216 1
0.239243 1
0.107337 1
0.177338 1
0.489790 10
0.122890 16
0.207435 16
0.461313 22
0.124210 1
0.286471 11
0.000391 21
0.000118 191
0.041175 69
0.000035 25
0.000024 8
13.426808 69
0.428636 286
0.288425 5
0.749522 160
0.108284 171
0.139145 160
0.105857 160
0.220199 222
0.781539 11
0.040563 191
0.030023 69
0.000029 29
0.787061 76
0.156874 185
0.745622 212
1.559464 11
0.027419 135
0.004583 191
0.041501 69
0.000026 33
10.650290 156
0.276552 227
0.448103 185
0.547809 69
0.382842 85
0.367184 87
0.475102 11
0.003181 191
0.051645 69
0.000039 29
0.404685 38
0.175789 213
0.493985 11
0.038273 191
0.039278 69
0.000128 29
2.095297 10
0.001501 62
0.123239 236
0.001137 34
0.188298 51
0.146747 30
0.147618 55
0.228194 6
1.283470 15
0.572200 21
0.095098 21
0.145027 21
0.305473 29
1.098796 83
0.160393 16
0.127329 32
1.023185 82
0.092095 1
0.585452 11
0.002739 191
0.046645 69
0.000028 29
1.255203 10
0.001142 144
0.125836 23
0.112642 41
0.109731 65
0.252365 6
0.471458 693
0.001368 27
0.273923 35
0.210685 30
0.191259 30
0.235863 30
0.249808 66
0.133926 6
0.963634 15
0.328451 21
0.107298 21
0.179942 31
0.555212 21
0.165080 16
0.138927 28
0.538018 7
0.006600 11
0.041651 191
0.031429 69
0.000131 29
1.033308 11
0.000213 191
0.045922 69
0.000038 29
0.746262 10
0.001652 48
0.121394 23
0.091507 41
0.083261 65
0.242597 6
0.346279 122
0.001666 44
0.187669 23
0.233418 41
0.157480 44
0.136594 6
0.344846 6
0.148100 6
0.148237 6
1.393553 15
0.734221 21
0.116795 21
0.038700 21
2.567246 21
0.335993 122
0.194951 30
0.427476 23
0.009240 11
0.040462 48
0.002383 191
0.038465 69
0.000029 29
1.130777 59
0.623996 19
0.001215 12
0.141057 26
0.001544 14
0.170502 33
0.001258 16
3.127629 35
0.000398 3
0.000111 107
0.000051 90
0.270933 27
0.977695 55
0.167881 19
0.001217 12
0.157917 26
0.001543 14
0.159875 33
0.001273 16
0.545601 35
0.168839 16
0.139043 32
0.409860 23
0.008464 14
0.030613 51
0.002132 191
0.036989 69
0.000029 29
0.784482 62
0.575638 19
0.130986 19
0.159957 19
0.128770 19
0.000766 18
0.144295 47
0.001168 20
0.131752 54
0.001128 22
1.061842 56
0.177103 34
0.473552 23
0.006470 11
0.037849 26
0.000033 48
0.000026 28
0.000018 57
0.002088 191
0.041095 69
0.000025 29
23.221586 10
0.001660 33
0.217952 123
0.161341 340
0.152718 44
0.197734 11
0.042920 2
0.000179 72
0.037788 50
0.001798 60
0.002659 44
0.000189 8
0.000063 58
24.696941 1
0.111353 1
0.337337 4
0.155569 4
4.764692 1
0.118508 1
0.294314 4
0.111805 4
11.114067 61
2.392528 11
0.008102 47
0.000062 49
0.000269 21
0.040008 44
0.000908 49
0.000246 2
0.000083 25
0.002665 181
0.003067 180
0.000530 3
0.006917 278
0.000502 67
0.039899 2
0.000034 79
0.175523 57
0.294885 191
0.045350 69
0.000135 29
1.503485 10
0.001254 50
0.083477 23
0.104054 41
0.114198 65
0.237873 6
3.025588 134
0.001285 32
0.228706 35
1.067151 172
1.666290 19
0.154097 19
0.153974 19
0.001052 16
0.140036 40
0.000766 18
0.230145 47
0.002416 20
0.313498 54
0.001109 22
0.789371 56
0.100098 16
0.274870 29
0.400775 7
0.004175 11
0.038296 191
0.030901 69
0.000125 29
1.772758 11
0.045210 2
0.000170 72
0.032926 50
0.022672 110
2.002396 61
1.117183 91
0.164723 1
7.917303 1
0.260324 1
23.465037 117
0.682616 203
2.227401 2
0.000059 9
0.000183 44
0.000139 8
0.000043 58
0.285324 110
1.389623 4
0.665751 4
0.043059 4
0.039753 4
0.039920 4
0.038896 4
0.041113 4
0.039190 4
0.040535 4
0.040114 4
0.039475 4
0.040015 4
0.238688 4
0.148578 4
0.168753 4
0.230458 4
0.219516 4
0.660187 1
0.138564 1
0.216882 1
0.109558 1
0.259655 1
0.581035 1
0.123126 1
0.631067 1
1.465681 1
0.656788 1
0.039618 1
0.039516 1
0.039780 1
0.040100 1
0.040831 1
0.039689 1
0.040249 1
0.039961 1
0.040210 1
0.039246 1
0.040138 1
0.040398 1
0.039880 1
0.039696 1
0.041608 1
0.042652 1
0.040339 1
0.039866 1
0.039510 1
0.039965 1
0.040738 1
0.040035 1
0.039883 1
0.039400 1
0.039910 1
0.040109 1
0.040217 1
0.040081 1
0.040200 1
0.039217 1
0.040847 1
0.039212 1
0.040307 1
0.040180 1
0.040278 1
0.038971 1
0.040191 1
0.040085 1
0.040312 1
0.039992 1
0.039852 1
0.040621 1
0.039396 1
0.039802 1
0.040612 1
0.039317 1
0.040832 1
0.039227 1
0.039954 1
0.040671 1
1.158532 1
0.870849 5
0.666938 5
0.039164 5
0.040414 5
0.039713 5
0.040204 5
0.040342 5
0.039797 5
0.039494 5
0.040298 5
0.039893 5
0.040363 5
0.040005 5
0.040010 5
0.039508 5
0.039956 5
0.040546 5
0.039772 5
0.039458 5
0.040471 5
0.040215 5
0.040023 5
0.039853 5
0.040138 5
0.039667 5
0.040066 5
0.040466 5
0.039052 5
0.040796 5
0.039461 5
0.040187 5
0.040535 5
0.039792 5
0.040735 5
0.038841 5
0.040228 5
0.039780 5
0.040059 5
0.039773 5
0.040514 5
0.039861 5
0.040339 5
0.039785 5
0.039811 5
0.040284 5
0.040124 5
1.563513 121
0.788396 1
0.387271 1
11.115903 250
0.526527 321
2.214468 121
1.010793 225
19.474612 190
2.035402 121
0.703526 1
0.154169 1
0.357884 1
0.517163 1
0.326874 1
0.286483 1
3.168220 1
0.161598 1
0.220040 1
0.171999 1
0.269344 1
0.185660 1
0.079257 1
0.136886 1
0.334138 1
0.397458 1
0.357182 1
0.117912 1
0.186646 1
0.152449 1
0.101129 1
6.127936 1
0.072490 1
0.589722 1
0.267202 1
0.253003 1
0.000038 4
0.852050 1
0.132045 3
0.538383 1
0.139405 1
0.168183 5
0.869992 1
0.434106 4
0.385553 1
0.115898 1
0.141031 1
0.460828 1
0.184696 1
0.229095 1
0.148088 1
0.155881 1
0.214866 1
0.260219 1
0.195348 1
0.088677 1
3.902074 1
0.233386 1
0.210113 1
0.166183 1
0.107536 1
1.414782 1
0.118568 1
0.120589 1
8.542815 1
0.173889 1
0.173977 1
0.057512 1
0.400318 1
0.149377 1
0.213991 1
0.133224 1
1.210035 1
0.107321 1
0.141104 1
2.667789 1
0.122194 1
0.096942 1
0.703373 1
0.874287 1
0.211038 1
0.769482 1
0.090648 1
0.184146 1
0.545563 3
0.211666 3
0.271310 3
0.132552 3
0.238999 3
0.418366 3
0.092896 3
0.178669 3
0.101306 3
0.454711 3
0.125119 3
0.074980 3
0.294468 3
0.151692 3
0.112280 3
0.213828 3
0.857384 3
0.175518 3
0.511442 7
0.164791 3
0.177420 3
0.445303 3
0.378273 3
0.223250 3
0.076387 3
0.190170 3
0.578234 3
0.349346 2
0.000043 9
0.000146 44
0.000099 8
0.000033 58
7.216793 11
0.000040 6
