0.225919 19
0.000371 8
0.000166 47
0.548002 1
0.147303 1
0.058200 1
0.131463 1
0.200086 1
0.304280 1
0.158591 1
0.196516 1
0.522194 1
0.158959 1
0.134602 1
0.543959 1
0.206617 1
0.084726 1
0.459127 1
0.095250 1
0.593087 1
0.052455 1
0.139249 1
0.710328 1
0.116796 1
0.625111 1
0.377468 1
0.243694 1
0.115753 1
0.665011 4
0.449502 1
0.126174 2
0.549935 1
0.169489 8
0.744468 11
0.026782 27
2.343287 2
0.206127 74
0.632665 1
0.083920 1
0.076990 1
0.575326 1
0.281013 1
0.122929 3
0.619091 1
0.171822 8
0.667704 1
0.279742 1
0.172267 11
0.588343 2
0.000042 9
0.014326 110
1.169476 1
0.049949 1
0.198454 11
0.013233 89
0.000427 44
0.000096 8
0.000027 58
0.613611 121
0.601067 1
0.293336 1
0.581437 1
0.245156 1
0.231598 1
0.538534 1
0.295963 1
0.122123 1
0.262834 1
0.170104 1
0.658708 1
0.321898 1
0.143341 1
0.583644 1
0.136804 1
0.102415 1
1.648069 1
0.164561 1
0.136478 1
0.618812 7
0.169993 121
1.884691 1
0.109384 1
0.095705 1
0.168369 1
0.413707 1
0.113656 1
0.248136 1
0.179107 1
0.128298 1
0.085838 1
1.313338 57
0.584018 1
0.000090 166
0.567472 1
0.159422 1
0.691028 1
0.135862 1
0.176244 2
0.755164 1
0.268138 1
0.162274 1
0.333870 2
0.000042 9
0.002732 28
1.462727 126
0.000205 833
0.077870 126
0.000210 420
0.000064 1026
0.000457 88
0.000135 358
0.000134 1305
0.000294 458
1.547186 59
0.109786 59
0.149514 59
0.000278 59
0.000159 59
0.000214 59
0.000085 59
0.018713 60
0.073095 60
0.051656 60
0.000227 60
0.000649 60
0.000385 60
0.000106 60
0.000167 60
0.005735 60
0.000595 60
0.000333 60
0.000596 60
0.000145 60
0.038338 60
0.000193 120
0.000100 60
0.017538 60
0.022974 58
0.181923 58
0.000222 58
0.375840 58
0.000209 174
0.190755 116
0.225880 58
0.000200 58
0.000197 58
0.001399 58
0.000049 58
0.093962 58
0.000170 58
0.008721 58
0.000181 58
0.000105 58
0.000804 58
0.000026 58
0.011886 58
0.065319 58
0.000217 232
0.000047 58
0.000050 116
0.156633 58
0.000235 58
0.036364 58
0.014455 116
0.401300 58
0.000057 58
0.235790 58
0.125189 58
0.000386 58
0.002404 58
0.000278 58
0.000270 58
0.000223 58
0.000386 58
0.000251 58
0.000256 59
0.000209 59
0.000187 59
0.000152 59
0.000284 59
0.040095 59
0.044772 59
0.004223 59
0.010434 59
0.063511 59
0.002465 59
0.000058 59
0.000357 59
0.017912 59
0.687927 59
0.547592 57
0.000563 57
0.144598 57
0.025887 68
0.001063 57
0.000287 57
0.000251 114
0.000178 57
0.000170 57
0.000124 57
0.000150 57
0.000134 57
0.000154 57
0.000138 57
0.000172 57
0.000143 57
0.000164 57
0.000138 57
0.000153 57
0.000141 65
0.000542 30
0.002110 30
0.000023 30
0.000136 30
0.004512 30
0.002939 30
0.000304 30
0.000196 30
0.000203 30
0.000081 30
0.000079 31
0.000094 31
0.003763 31
0.000373 31
0.000165 31
0.000092 31
0.184569 31
0.038319 31
0.030760 31
0.036026 31
0.000075 39
0.373968 44
0.000212 66
0.685978 1
0.138469 1
0.193809 1
0.537482 1
0.321193 1
0.171575 1
0.146364 2
0.446607 1
0.149851 3
1.199113 1
0.230384 11
0.692361 1
0.182327 11
0.385042 2
0.000124 9
0.083887 44
0.000149 66
0.937971 1
0.038496 1
0.217339 11
0.001548 132
0.000418 44
0.000092 8
0.000039 58
0.559322 121
0.716697 1
0.380136 1
0.771617 1
0.152478 1
0.435400 1
0.975873 1
0.361073 1
0.391110 1
0.279995 1
0.720114 1
0.081134 1
0.184717 1
0.264690 1
0.274145 1
0.151270 1
0.160564 1
0.091354 1
0.248791 1
0.135229 1
0.228895 1
0.137468 1
0.244787 1
0.692398 1
0.310201 1
0.214926 1
0.264856 1
0.227953 1
0.925099 1
0.275023 1
0.291457 1
0.554572 1
0.325718 1
0.120947 1
0.115901 1
0.191918 1
0.188863 1
0.189229 1
0.217847 1
0.216176 1
0.864025 1
0.276321 1
0.134813 1
0.186194 1
1.123101 1
0.142865 1
0.102921 1
0.185850 1
0.173639 1
0.584703 1
0.593467 1
0.209841 1
0.272796 4
0.165107 4
0.149235 4
0.294428 4
0.148280 4
0.158305 4
0.165124 4
0.138517 4
0.274733 1
0.322142 1
0.156596 1
0.177683 1
0.206550 1
0.298175 1
0.176987 1
0.184262 1
0.279364 1
0.386339 4
0.130898 1
0.212926 1
0.545549 1
0.127276 1
0.178735 1
0.103095 1
0.188365 1
0.704177 4
0.106121 1
0.202045 1
0.744628 1
0.080030 1
0.231610 1
0.503228 3
0.111572 3
0.176759 3
0.100645 3
0.224568 3
0.764755 3
0.167088 3
0.214363 3
0.081742 3
0.460677 3
0.121712 3
0.238797 3
0.610388 3
0.635394 3
0.340450 3
0.133377 3
0.257416 3
0.842346 7
0.670742 7
0.040388 7
0.039431 7
0.040549 7
0.039893 7
0.039986 7
0.039459 7
0.040279 7
0.040146 7
0.039671 7
0.764201 7
0.503264 3
0.139531 3
0.333906 3
0.335116 3
0.127857 3
0.146294 3
0.699376 3
0.401660 7
0.291961 3
0.154632 3
3.150313 3
0.274966 3
0.236664 3
0.249156 3
0.177204 3
0.925388 3
0.290179 3
0.397880 3
0.614692 3
0.516934 3
0.119733 3
0.121422 3
0.176617 3
0.483290 3
0.193403 3
0.236831 3
0.160228 3
0.221424 3
0.375604 3
0.128850 3
0.137743 3
2.302041 3
0.167995 3
0.060836 3
0.138687 3
0.138428 3
0.139950 3
0.492286 3
0.536637 7
0.652745 7
0.038632 7
0.040257 7
0.042024 7
0.040173 7
0.279341 7
0.553651 3
0.091282 3
0.084371 3
0.264622 3
0.407667 3
0.466838 3
0.533132 3
0.280448 3
0.137946 3
0.611281 7
0.131150 7
0.182410 7
0.560324 1
0.406748 9
0.175081 9
0.292456 9
0.154723 9
1.054044 6
0.534771 1
0.228994 1
0.622831 1
0.342076 11
0.667726 11
0.039521 11
0.040288 11
0.040459 11
0.039732 11
0.040345 11
0.299343 11
0.502050 9
1.400953 121
0.892224 1
0.151304 1
0.313390 1
0.529402 1
0.672088 1
0.190094 1
0.277705 1
0.232390 1
0.102927 1
1.239297 1
0.270912 1
0.304290 1
0.332454 1
0.421661 1
0.097944 1
0.269126 1
0.139176 1
0.272984 1
0.114138 1
0.129618 1
0.138874 1
0.611043 1
0.241114 1
0.259557 1
0.263881 1
0.437803 1
0.143650 1
0.176940 1
0.226022 121
1.349068 1
0.083648 1
0.191742 1
0.783591 1
0.066217 1
1.046055 1
1.663187 4
0.767887 1
0.147294 1
0.150682 4
0.831103 1
0.167378 13
0.418532 2
0.000032 9
0.000185 64
0.000090 67
0.895014 1
0.081950 1
0.201076 1
0.170942 1
0.254073 1
0.111425 1
0.149782 1
0.646333 1
0.076827 1
0.121780 6
0.721742 11
0.005453 59
0.000068 381
0.000270 74
1.848158 1
0.133191 1
0.173651 1
0.208649 1
0.277458 1
0.171590 1
0.129671 1
0.084599 1
0.268295 1
0.212792 1
0.109506 1
0.231345 1
0.141109 1
0.928311 11
0.067312 92
4.855818 45
4.832137 183
0.047529 8
0.000185 77
2.537329 1
0.060121 1
0.226036 2
0.000577 13
1.067389 1
0.069542 1
0.175558 1
0.119438 1
0.161751 1
4.583591 1
0.296430 1
0.184934 1
0.295413 1
0.557718 1
0.967094 1
0.219347 1
0.298801 1
1.051488 1
0.278591 1
0.135888 1
0.132008 1
0.749565 1
0.237629 1
0.101529 1
0.207792 1
0.148601 1
0.264809 1
0.157793 1
0.132690 1
0.761547 2
0.104681 86
0.002940 13
0.744264 25
0.780821 14
0.272365 1
0.190256 1
0.156955 1
0.150152 1
0.426275 5
0.152072 5
0.335937 5
0.241405 5
0.156556 1
0.488436 5
0.116104 5
0.180915 5
0.213632 5
0.110730 5
0.354676 2
0.087579 13
0.336154 26
0.135155 43
0.294875 2
0.056040 29
0.001865 13
2.807132 8
0.013917 19
0.000055 8
0.000021 47
6.369863 1
0.121220 1
0.303895 1
0.157029 1
0.509414 1
0.644337 1
1.240272 1
0.093032 1
0.098150 3
0.353374 1
0.150781 1
0.117811 4
0.480942 4
0.435972 142
5.727101 1
0.162843 1
0.378097 1
0.753096 1
0.376083 1
0.195815 1
0.154268 1
0.522406 1
0.223761 1
0.176206 1
0.298844 1
0.506577 1
0.080622 1
0.214452 1
0.126468 1
0.270232 1
0.131985 1
0.133592 1
0.099974 1
0.262750 1
0.129422 1
0.373070 1
0.115818 1
0.238587 1
4.596756 1
0.125525 1
0.236320 1
0.195073 1
0.136101 1
0.106056 1
1.342444 2
0.000039 9
0.000145 64
0.000085 8
0.000029 59
5.932444 1
0.178841 1
0.076535 1
0.213189 1
0.148884 1
0.606739 1
1.187511 1
0.577127 1
0.141075 1
0.236323 1
0.529939 1
0.243458 1
0.274715 1
0.215702 1
0.232386 1
1.242070 1
0.085607 1
0.189600 1
0.602930 3
0.160580 3
0.240238 3
0.148849 3
0.217063 3
0.086088 3
0.195365 3
0.129042 3
0.720395 3
0.267453 3
0.218611 3
0.232303 3
0.883078 3
1.521737 3
0.075664 3
1.397079 7
0.155945 7
0.472423 7
0.144506 7
0.168285 7
0.158760 7
0.129377 7
0.454733 3
0.206863 3
0.215947 3
0.214229 3
0.200264 3
0.139918 3
0.146312 3
0.500471 3
0.240507 3
0.188081 3
1.368697 3
0.386228 4
0.664202 4
0.039551 4
0.040029 4
0.039988 4
0.040413 4
0.039507 4
0.039919 4
0.040360 4
0.040064 4
0.040217 4
0.039932 4
0.040389 4
0.039060 4
0.039771 4
0.040931 4
0.039669 4
0.040315 4
0.039803 4
0.210780 4
1.368361 1
0.076170 1
0.618697 1
0.092797 1
0.314211 1
2.296803 1
0.185077 1
0.615685 4
0.666745 4
0.039113 4
0.039601 4
0.040136 4
0.040391 4
0.039956 4
0.039350 4
0.040094 4
0.040629 4
0.039730 4
0.040012 4
0.040312 4
0.039630 4
0.039710 4
0.040022 4
0.040259 4
0.040437 4
0.039493 4
0.039257 4
0.040178 1
0.040380 1
0.040535 1
0.493581 1
0.047675 1
0.293023 1
0.374374 1
0.159074 1
0.303997 1
0.248799 1
0.148520 1
0.329803 121
2.234352 1
0.152124 1
0.102425 1
0.200175 1
0.142677 1
0.832620 1
0.657516 1
0.514479 1
0.092362 1
0.229783 1
0.514728 1
0.257406 1
0.239930 1
0.199856 1
0.249970 1
1.181743 1
0.657949 4
0.496089 1
0.066120 1
0.547327 1
0.141139 1
0.218285 5
0.676834 1
0.160219 3
0.635767 1
0.173771 1
0.125602 5
2.324817 11
0.006742 47
0.000046 49
0.000029 21
0.043346 29
0.001493 59
0.001183 28
0.001481 64
0.000299 2
0.000066 25
0.002621 211
0.007310 3
0.004903 219
0.000543 67
0.037793 2
0.000033 79
0.207515 57
0.337183 191
0.067769 69
0.000040 29
1.275182 19
0.000665 38
0.039140 43
1.116313 11
0.000402 191
0.044586 69
0.000057 21
0.000027 8
2.537826 10
0.001517 135
0.147585 671
0.001221 38
0.078806 41
0.112977 65
0.248526 6
0.599886 134
0.001177 43
0.163798 35
0.249550 30
0.211707 30
0.158305 55
0.133718 6
0.814037 143
0.001184 37
0.150647 6
1.112421 196
1.661804 90
0.280050 1
0.168459 95
0.469594 112
0.149158 82
0.671762 19
0.038478 19
0.040474 19
0.041634 19
0.036014 19
0.039830 19
0.038444 19
0.041622 19
0.039010 19
0.039048 19
0.043496 19
0.042040 19
0.037799 19
0.042888 8
0.001292 29
0.037152 89
0.001480 30
0.037310 102
0.001357 31
0.038628 101
0.001202 32
0.035413 109
0.001873 33
0.039587 115
0.001732 34
0.039480 121
0.001099 35
0.040020 127
0.001052 36
0.037324 133
0.001152 37
0.037947 139
0.001304 38
0.039841 143
0.001360 39
0.037774 209
0.001289 40
0.037444 186
0.001271 41
0.042538 192
0.001319 42
0.036816 198
0.001292 43
0.315779 180
0.000925 35
0.581514 134
0.000823 43
0.099623 202
0.001402 27
0.339531 30
0.086351 30
0.165607 55
0.101801 6
0.883723 15
0.634068 63
0.189568 30
0.851696 20
0.153883 35
1.363807 94
0.328511 1
0.341527 85
1.064092 97
0.294212 1
1.296060 1
1.079189 1
0.253572 1
0.587748 1
0.691266 1
0.432605 1
0.142880 1
0.115246 1
2.250884 8
0.000257 3
0.035863 191
0.030846 69
0.000123 29
0.974562 10
0.001355 62
0.129760 23
0.077299 41
0.100032 65
0.232693 6
0.375799 15
0.172733 220
0.000516 42
0.203943 30
0.200776 30
0.123326 55
0.135365 6
0.517167 143
0.001566 37
0.139765 6
0.611279 196
1.118186 16
0.325190 16
0.202850 38
0.805193 23
1.239411 11
0.044220 191
0.045407 69
0.000036 29
1.236992 10
0.001233 23
0.034616 23
0.151411 1
0.001781 41
0.685804 15
0.828954 261
0.922228 16
0.901798 16
0.213382 173
0.000278 3
0.000057 101
0.000032 71
1.229851 155
0.124874 31
1.163081 20
0.076656 16
0.234038 39
0.166304 291
0.000285 6
0.000098 270
0.000035 90
0.920632 245
0.010307 14
0.000276 191
0.037174 96
0.000037 29
1.126177 19
0.002480 80
0.121090 299
0.001578 27
0.165869 41
0.194434 30
0.288749 30
0.132050 66
0.145421 6
0.472139 75
1.228110 11
0.002112 58
0.000190 496
0.000189 191
0.056816 96
0.000125 29
14.819865 19
0.001093 42
0.064336 30
0.320321 41
0.226416 51
1.342016 45
1.214156 10
0.367650 16
0.133998 30
4.233837 20
0.175534 35
0.677298 20
0.287147 16
0.170297 38
1.141972 20
0.361852 173
0.000276 3
0.000079 133
0.000034 62
0.864555 155
0.143203 31
1.064083 20
0.095591 16
0.175148 39
1.361248 23
0.466719 8
0.000024 3
0.000223 3
0.000341 191
0.038895 98
5.198374 10
0.001421 41
0.097468 21
0.241556 27
0.214701 21
0.259793 21
0.171491 21
0.849339 83
0.128513 6
0.643226 6
0.165127 6
0.126827 41
0.752610 1
0.114258 1
1.338817 11
0.174643 183
0.002764 8
0.000125 77
1.234203 1
0.087909 1
0.141566 2
0.000337 13
0.917191 1
0.096232 1
0.158113 1
0.103671 1
0.159684 1
1.818164 1
0.262342 1
0.132183 1
0.124438 18
1.073813 2
0.061092 29
0.001846 13
3.172259 26
0.627400 1
0.663671 1
0.039243 1
0.040369 1
0.039335 1
0.041135 1
0.039109 1
0.039593 1
0.798785 5
0.135177 5
0.224302 5
0.277494 5
0.125757 5
0.092060 5
0.920219 5
2.371429 2
0.066850 100
0.001830 13
1.055920 33
1.138198 3
0.354685 14
0.813324 4
0.148058 4
0.144934 4
0.405164 4
0.604537 5
0.074942 5
0.196743 5
0.144592 5
0.130434 5
0.463313 2
0.055473 13
0.575637 33
0.144924 47
0.400634 2
0.085541 36
0.002473 13
2.094396 33
0.182737 47
0.370293 47
1.134854 3
0.330045 14
0.563885 4
0.150528 4
0.150836 4
0.368598 4
0.665333 5
0.094398 5
1.134806 5
0.271685 5
1.740053 30
1.887283 14
0.595829 4
0.122117 4
0.164868 4
0.141912 4
0.746623 5
0.096530 5
1.974780 2
0.070189 13
0.992696 2
0.000512 13
0.849093 1
0.104502 1
0.185091 1
0.081647 1
0.126772 1
0.287679 1
0.283375 1
0.163620 26
1.967773 3
0.663793 3
0.040983 3
0.039486 3
0.040038 3
0.040006 3
0.040291 3
0.039989 3
0.039446 3
0.040613 3
0.040116 3
0.039819 3
0.039918 3
0.040129 3
0.284616 3
0.535274 1
0.127821 1
0.135017 1
0.154645 1
0.221477 1
0.146562 1
0.085039 1
0.223088 1
0.928585 1
0.263837 1
0.146979 26
0.853157 2
0.057448 93
0.000159 36
0.001731 13
2.688250 8
0.008887 191
0.049613 69
0.000138 29
2.746009 19
0.001569 48
0.124691 99
0.001822 59
0.076027 41
0.091501 65
0.242757 6
0.435293 264
0.001221 34
0.270248 30
0.662756 192
0.588110 16
0.181744 36
0.822012 7
0.006346 11
0.036648 8
0.000042 43
0.000027 2
0.004736 191
0.041738 69
0.000028 33
2.179249 76
0.181334 258
1.657533 3
0.001702 12
0.159925 10
0.001799 14
0.138428 17
0.001685 16
0.678916 20
0.001172 20
0.412662 34
0.521621 3
0.001661 20
0.556088 30
1.691486 3
0.001057 12
0.667958 10
0.001553 14
0.040361 17
0.001296 16
0.037191 24
0.001657 18
0.038365 31
0.001897 20
0.038249 38
0.000727 16
0.039886 24
0.001233 18
0.036671 31
0.001161 20
0.039707 36
0.001699 22
0.043043 121
0.001250 24
0.035022 64
0.001072 22
0.040798 70
0.001170 23
0.041329 77
0.001282 25
0.035013 89
0.001046 26
0.040339 89
0.000849 38
0.032781 84
0.585999 19
0.001196 34
0.151813 30
0.091710 33
0.196501 11
0.000191 48
0.000036 191
0.050629 69
0.000125 29
1.539904 19
0.001294 84
0.063850 22
0.257576 6
1.466197 287
0.001250 63
0.190267 320
0.000889 84
0.156472 310
1.105439 19
0.001009 84
0.036881 22
0.228021 6
0.282378 15
0.374577 281
0.005738 11
0.000301 191
0.043968 69
0.000023 29
0.739521 23
0.172477 34
0.147577 106
1.055100 11
0.037859 191
0.030601 69
0.000034 29
2.872609 10
0.001555 33
0.229084 58
0.002059 65
0.215985 340
0.168466 44
0.443102 11
0.098791 2
0.000042 70
0.000163 2
0.039418 50
0.062316 44
0.000106 8
0.000039 58
3.557362 1
0.134057 1
0.616392 1
0.804736 1
0.250902 1
0.185022 1
0.144104 1
0.646188 1
0.327464 1
0.087334 1
0.199946 1
0.241558 1
0.291724 1
0.644856 1
0.129098 1
0.226396 1
0.512738 4
0.208795 1
0.253040 1
0.345199 1
0.394325 1
0.067560 1
0.244231 1
0.111552 1
0.250837 1
0.130079 1
0.078340 1
0.169970 1
0.445350 1
0.104720 1
0.206197 1
0.140325 1
1.312047 1
0.193232 1
0.115676 1
0.413587 1
0.128722 1
0.348106 1
1.697825 1
0.094687 1
0.150055 1
6.728952 57
1.061447 97
0.682270 1
0.219484 1
0.074553 1
0.224434 1
0.213426 1
0.226673 1
0.185906 1
0.578661 1
0.310972 1
0.110603 1
0.149306 1
1.120244 1
1.346361 1
0.240512 1
0.704704 1
0.247865 1
0.130252 1
0.152271 1
0.280813 1
0.355781 1
1.056764 2
0.000058 9
0.000180 44
0.000113 8
0.000047 58
2.474572 1
0.046127 1
0.218955 1
1.274653 1
0.119227 1
0.667868 1
0.087356 1
0.151115 4
0.626841 14
0.434760 2
0.000188 9
0.000121 64
0.000081 8
0.000013 59
1.068292 1
0.123042 1
0.258483 1
0.123613 1
0.417093 1
0.281590 1
0.459229 1
0.333767 1
0.043458 1
0.148699 6
0.633413 569
1.702304 1
0.080777 1
0.204106 1
0.188161 1
0.246699 1
0.121776 1
0.118394 1
0.133107 1
0.213829 1
0.177496 1
0.097707 1
0.218329 1
0.146611 1
0.666235 11
0.179064 183
0.002707 8
0.000125 77
0.904336 1
0.050655 1
0.157043 2
0.000463 13
1.245885 2
0.243442 56
0.347585 19
0.650881 56
1.758273 2
0.059339 93
0.000039 36
0.001850 13
20.829939 1
0.359310 1
0.922379 1
0.329934 1
0.200378 1
0.269609 1
0.438831 1
0.132796 1
0.114205 1
0.140737 1
0.217768 1
0.043493 1
0.219339 1
0.127958 1
0.497051 1
0.307421 1
0.070403 1
0.166544 1
0.487331 1
0.087943 1
0.226522 1
0.145441 1
0.199768 1
0.186691 1
0.699929 1
0.086951 1
0.124439 1
0.584927 2
0.000556 13
1.677917 1
0.153201 1
0.314726 1
0.850949 1
0.361654 1
0.607151 1
0.142186 1
0.199171 1
0.254710 1
0.188675 1
0.185529 1
0.194548 1
0.201204 1
0.509550 1
0.109591 1
0.422969 1
0.138629 1
0.633605 3
0.133254 3
0.526705 1
0.218014 1
0.147289 1
1.307231 1
0.125386 1
0.209538 1
0.142759 1
0.336239 1
2.643734 1
0.114410 1
0.136651 1
0.251685 1
0.084734 1
0.130744 1
0.081140 1
0.127086 1
0.439579 1
0.264218 1
0.131879 1
0.109085 1
0.087585 1
0.149112 1
0.366343 1
0.159690 1
0.123750 1
0.968501 2
0.000721 13
12.234470 8
0.009387 74
2.831614 13
0.189042 28
0.168324 40
0.193813 163
0.263860 92
0.242073 66
0.315310 38
0.215411 76
0.337861 33
0.428142 29
0.325221 11
0.000200 64
0.000081 8
0.000028 59
1.790242 1
0.080514 1
0.532478 1
0.209432 1
0.155533 1
0.197562 1
0.320658 1
0.152082 1
0.309956 121
1.251557 11
0.000195 44
0.000119 8
0.000054 58
1.741991 1
0.254712 1
0.205683 1
0.133650 1
0.236913 1
0.609339 1
0.087416 1
0.361396 1
0.104690 6
1.823557 1
0.153466 3
0.810234 1
0.137607 1
0.000061 4
0.548265 2
0.000044 9
0.013913 31
0.000341 28
0.000125 37
0.000060 27
0.000051 36
0.000054 44
0.000030 2
0.000024 24
0.000518 44
0.000051 8
0.000023 58
4.998997 22
1.067045 22
0.251358 3
0.210031 3
0.315669 3
0.169044 3
0.352830 3
0.633317 35
0.071064 35
0.549371 35
3.400651 35
0.829996 35
0.918285 35
0.143900 35
0.457580 35
0.715564 11
0.005032 31
0.000103 65
0.000038 33
0.000037 27
0.000034 36
0.000034 69
0.000633 44
0.000107 8
0.000042 58
0.520536 30
0.280399 1
0.148027 1
0.289250 1
0.166646 1
0.125315 1
0.202874 1
0.158987 1
0.159337 1
0.407878 1
0.185487 1
0.133964 1
0.188617 1
0.140543 1
0.312528 1
0.160056 1
0.162500 1
0.171092 1
0.152320 1
0.593028 41
0.257054 37
0.165846 11
0.005054 31
0.000067 98
0.000042 27
0.000037 36
0.000046 46
0.000038 23
0.000582 44
0.000104 8
0.000039 58
0.650661 30
0.348277 1
0.658521 1
0.039314 1
0.039420 1
0.042105 1
0.039960 1
0.040315 1
0.039927 1
0.040294 1
0.039786 1
0.039718 1
0.039932 1
0.039943 1
0.040607 1
0.039957 1
0.040089 1
0.040120 1
0.635872 39
0.168965 39
0.137558 39
0.150405 39
0.172329 39
0.135841 39
0.568603 35
0.378802 11
0.004992 31
0.000063 98
0.000219 132
0.000431 44
0.000092 8
0.000038 58
11.327160 25
1.124575 1
0.099867 5
0.470592 11
0.005479 37
0.000055 125
0.000482 44
0.000104 8
0.000077 58
2.764868 31
0.278425 31
0.683789 5
0.146732 5
0.074129 5
0.130442 5
0.159191 5
0.238455 11
0.036837 37
0.000168 83
0.001847 44
0.000147 66
2.805062 36
1.636423 4
0.532153 4
0.178717 4
0.135684 4
0.257209 4
0.146920 4
0.470994 11
0.043495 31
0.000062 28
0.000080 37
0.000053 33
0.000070 27
0.000047 36
0.000063 67
0.000029 2
0.002406 44
0.000105 8
0.000065 58
6.834715 1
0.367434 1
2.943708 1
0.247534 1
1.288136 1
0.251838 1
0.369143 1
0.130121 1
0.236824 1
0.283211 1
0.161817 1
0.544875 1
0.113379 1
0.354100 1
0.314817 1
1.095209 121
1.150957 17
