0.268395 19
0.000342 8
0.000025 47
0.637652 1
0.291913 1
0.654748 1
0.074432 1
0.206582 1
0.241409 1
0.191631 1
0.321680 1
0.161618 1
0.118151 1
0.599787 85
1.233281 1
0.619674 1
1.360309 4
0.315964 4
0.071590 1
0.514994 1
0.085081 1
0.131355 1
0.556862 1
0.345183 1
0.124741 3
0.632857 1
0.182280 8
0.587156 1
0.272443 1
0.131176 11
1.174002 1
0.274374 1
0.710056 1
0.131406 4
0.555515 1
0.092059 1
0.143556 12
0.382286 142
1.248757 1
0.101240 1
0.208449 1
0.145441 1
0.268094 1
0.131531 1
0.150682 1
0.814241 1
0.077371 1
0.131534 6
0.263439 525
1.007335 1
0.125565 1
0.270080 1
0.140907 1
0.272639 1
0.142573 1
0.057893 1
0.202325 1
0.331716 1
0.167785 1
0.354955 1
0.177769 1
1.439163 4
0.190834 4
0.147314 4
0.728837 1
0.272358 1
0.148157 1
0.609435 1
0.139344 1
0.218665 1
0.184853 1
0.760634 2
0.000250 9
0.013944 74
3.727393 1
0.108529 1
0.274218 1
0.175258 1
0.472744 1
0.745641 1
1.259040 1
0.020921 1
0.169387 3
0.412266 1
0.214320 5
0.393024 4
0.347337 2
0.000043 9
0.000174 64
0.000079 8
0.000028 59
2.116169 142
0.953539 1
0.122161 1
0.096282 1
0.126864 1
0.271510 1
0.531054 4
0.659585 4
0.039739 4
0.040079 4
0.040203 4
0.039991 1
0.039992 1
0.040084 1
0.333728 1
0.047184 1
0.262282 1
0.348412 1
0.157770 1
0.254248 1
0.272920 1
0.164965 1
0.294862 121
0.846119 1
0.123820 1
0.116567 1
0.103684 1
0.327553 1
0.419170 1
0.102374 1
0.215806 1
0.274990 1
0.151039 1
0.061467 1
0.153524 1
1.043311 1
0.094858 1
0.320030 1
0.113910 1
0.354609 5
1.019978 1
0.719823 4
0.811428 1
0.199391 3
0.525749 1
0.152096 5
0.592653 11
0.024020 27
3.057879 2
0.015876 44
0.000057 8
0.000029 58
0.412179 29
0.188548 6
0.446052 11
0.034092 52
0.000062 58
3.217314 1
0.164170 1
0.102858 1
0.180454 1
0.149389 1
0.944383 1
0.630937 1
0.442775 1
0.102347 1
0.143500 1
1.594665 1
0.602267 1
0.483753 1
0.200089 1
0.364864 1
0.974553 1
0.102875 1
0.400656 1
0.087792 1
0.284802 5
0.686847 1
0.148481 3
0.685552 1
0.171250 1
0.158124 1
0.333775 4
8.799407 11
0.006655 47
0.000047 49
0.000030 21
0.030760 29
0.001425 59
0.001203 28
0.001399 64
0.000258 2
0.000084 25
0.002695 211
0.008161 3
0.004945 219
0.000535 67
0.033328 2
0.000033 79
0.222090 57
0.335049 191
0.078050 69
0.000127 29
1.246843 19
0.001014 38
0.039798 43
0.246919 11
0.000277 191
0.037112 69
0.000059 21
0.000036 8
2.865769 10
0.000893 23
0.051370 23
0.295284 1
0.001458 41
0.275572 15
0.453666 21
0.152589 49
0.790829 165
0.429138 22
1.129084 29
0.657017 3
0.040666 3
0.044343 3
0.035698 3
0.038590 3
0.039039 3
0.042400 3
0.041849 3
0.001292 23
0.038964 61
0.001696 25
0.035899 67
0.001349 26
0.042318 152
0.001160 27
0.350622 95
0.001453 28
0.403110 29
0.491700 110
1.617064 175
0.000485 28
0.658712 101
0.000743 29
0.035574 107
0.001471 30
0.039792 113
0.001459 31
0.036492 119
0.001089 32
0.041520 125
0.001383 33
0.036032 131
0.000955 34
0.039188 137
0.000906 35
0.042157 143
0.001263 36
0.034536 149
0.001090 37
0.040058 155
0.000947 38
0.038458 161
0.000900 39
0.038988 167
0.000955 40
0.039206 162
0.001138 41
0.039340 161
0.043121 24
0.001314 23
0.032545 15
0.632802 10
0.001569 135
0.139261 671
0.002162 38
0.121532 41
0.064024 65
0.261432 6
1.284316 134
0.001472 43
0.241481 202
0.001684 27
1.030594 30
0.120301 30
0.131244 55
0.136142 6
0.651643 15
0.606334 63
0.172584 30
0.803831 20
0.149275 35
0.782609 94
0.344644 1
0.193880 85
0.542027 97
0.329326 1
0.162434 1
1.814474 1
0.486087 1
0.351363 1
0.875229 1
0.482686 1
0.136369 1
0.155686 1
0.706411 11
0.040865 191
0.031754 69
0.000152 29
0.766516 10
0.001724 62
0.125103 23
0.108525 41
0.070619 65
0.249104 6
0.416164 15
0.199542 220
0.001625 42
0.236087 30
0.524704 33
0.000276 3
0.000143 628
0.000090 93
1.450779 52
0.093122 55
0.120859 6
1.381699 15
1.775554 144
0.001257 38
0.352485 143
0.001324 37
0.134705 6
0.556346 196
0.932117 16
0.252040 16
0.186889 38
0.870623 23
0.395267 14
0.034730 191
0.030501 69
0.000029 29
1.967221 10
0.001248 23
0.073813 23
0.137319 1
0.001336 41
0.957080 265
0.540541 16
0.365487 167
0.000310 3
0.000156 671
0.000038 70
0.913144 150
0.097492 16
0.190132 31
1.200812 20
0.111348 16
0.130432 39
0.801946 23
0.007434 14
0.000370 191
0.039497 96
0.000093 29
1.541402 19
0.001434 80
0.129922 299
0.001515 27
0.215054 41
0.109894 30
0.278295 30
0.163455 66
0.156047 6
0.779208 15
0.065466 21
0.654808 61
0.568760 11
0.001860 58
0.000133 460
0.000044 36
0.000282 191
0.059510 96
0.000028 29
9.344380 10
0.001229 41
0.075828 21
0.267108 27
0.219096 21
0.282758 21
0.172295 21
0.083847 83
0.148175 6
0.830360 6
0.191735 6
0.086722 41
1.075441 1
0.130098 1
2.828399 11
0.091780 40
15.005815 59
0.000747 191
0.045463 96
0.000048 32
23.363362 11
0.001679 39
0.176093 30
0.086759 41
0.224877 30
0.122313 55
0.261528 6
0.457327 15
0.114324 56
0.210728 16
0.102061 16
0.249143 16
0.090452 16
0.110703 16
0.239709 60
0.000299 53
0.000079 191
0.040285 96
0.000041 21
0.000023 8
1.653520 32
0.827765 68
1.394521 1
0.818243 5
0.717490 110
0.074315 121
0.322618 110
0.521663 111
0.423363 110
0.126594 110
0.110833 141
1.056768 47
0.648365 86
0.973550 11
0.039801 230
0.000728 191
0.045635 96
0.000030 29
59.650933 10
0.001213 38
0.129138 106
0.388606 41
0.878335 33
0.000435 3
0.000096 61
0.000082 33
0.926502 34
0.223838 41
0.227129 30
0.214170 64
0.510482 7
0.003972 14
0.012573 59
0.000235 191
0.041464 96
0.000027 32
1.069915 15
0.775805 5
0.621076 74
0.196552 85
0.059359 68
0.135666 74
0.167942 136
0.334641 11
0.038794 74
0.000234 1051
0.000183 1290
0.000036 225
0.000033 132
0.000010 71
0.000316 55
0.000048 54
0.000043 66
0.000040 81
0.000035 63
0.000041 84
0.000036 64
0.000045 198
0.000029 87
0.000048 93
0.000046 212
0.000026 61
0.000039 64
0.000041 89
0.000045 192
0.000024 67
0.000041 111
0.000075 182
0.000026 73
0.000028 76
0.000048 122
0.000047 151
0.000045 159
0.000049 179
0.000051 94
0.000007 92
0.000050 124
0.000046 78
0.000044 81
0.000045 106
0.000045 95
0.000016 114
0.000045 180
0.000044 103
0.000043 236
0.000048 175
0.000049 163
0.000045 125
0.000045 78
0.000016 103
0.000059 201
0.000049 214
0.000053 166
0.000049 132
0.000049 153
0.000109 301
0.000083 212
0.000007 63
0.000056 253
0.000052 106
0.000007 121
0.000068 393
0.000006 76
0.000076 232
0.000053 165
0.000016 86
0.000007 2
0.000052 193
0.000056 231
0.000052 162
0.000047 169
0.000052 156
0.000052 186
0.000045 169
0.000053 167
0.000052 155
0.000043 160
0.000047 173
0.000049 164
0.000050 93
0.000016 134
0.000007 2
0.000050 167
0.000050 82
0.000020 158
0.000050 208
0.000055 220
0.000060 164
0.000047 179
0.000052 175
0.000052 165
0.000047 179
0.000049 75
0.000008 93
0.000046 75
0.000010 138
0.000058 213
0.000046 80
0.000007 143
0.000044 93
0.000016 71
0.000046 251
0.000054 247
0.000052 247
0.000055 248
0.000022 248
0.000029 96
0.000029 107
0.000056 255
0.000084 333
0.000008 255
0.000040 193
0.000043 250
0.000044 248
0.000026 86
0.000039 199
0.000038 209
0.000039 198
0.000042 249
0.000038 191
0.000037 192
0.000038 199
0.000038 205
0.000037 192
0.000027 83
0.000037 198
0.000028 96
0.000031 123
0.000029 103
0.000030 105
0.000030 101
0.000038 85
0.000018 100
0.000027 100
0.000030 126
0.000028 94
0.000032 134
0.000028 111
0.000044 108
0.000008 2
0.000034 116
0.000028 93
0.000026 67
0.000025 62
0.000026 63
0.000027 79
0.000030 121
0.000031 114
0.000028 96
0.000030 113
0.000026 82
0.000027 66
0.000025 75
0.000028 85
0.000025 77
0.000028 86
0.000029 106
0.000031 119
0.000025 71
0.000025 67
0.000025 65
0.000025 64
0.000025 61
0.000025 64
0.000025 65
0.000026 65
0.000025 58
0.000025 64
0.000027 64
0.000025 62
0.000027 81
0.000027 87
0.000024 68
0.000026 63
0.000024 54
0.000029 104
0.000031 126
0.000030 115
0.000025 64
0.000024 56
0.000028 93
0.000042 59
0.000008 63
0.000027 74
0.000025 75
0.000028 89
0.000028 89
0.000029 107
0.000028 93
0.000025 69
0.000025 66
0.000025 71
0.000024 61
0.000026 71
0.000026 79
0.000028 86
0.000026 87
0.000024 51
0.000031 123
0.000027 86
0.000024 63
0.000026 74
0.000024 56
0.000018 2
0.000025 56
0.000008 2
0.000030 56
0.000018 2
0.000026 56
0.000025 2
0.000021 56
0.000016 2
0.000026 56
0.000017 2
0.000024 56
0.000017 2
0.000025 56
0.000008 2
0.000032 69
0.000026 77
0.000026 78
0.000026 73
0.000025 75
0.000024 56
0.000016 2
0.000026 56
0.000059 105
0.000009 11
0.000017 2
0.000024 56
0.000007 2
0.000057 114
0.000009 2
0.000031 56
0.000006 2
0.000034 69
0.000055 155
0.000009 73
0.000032 74
0.000024 56
0.000008 2
0.000029 57
0.000008 2
0.000054 146
0.000027 78
0.000026 73
0.000027 71
0.000031 131
0.000029 100
0.000043 144
0.000020 110
0.000031 106
0.000028 92
0.000027 81
0.000028 93
0.000027 84
0.000030 118
0.000031 124
0.000025 61
0.000029 111
0.000025 61
0.000030 114
0.000025 58
0.000024 57
0.000024 44
0.000024 46
0.000023 48
0.000081 77
0.000026 69
0.000029 98
0.000029 94
0.000024 61
0.000027 90
0.000032 124
0.000029 112
0.000035 149
0.000028 102
0.000031 126
0.000024 62
0.000027 94
0.000025 69
0.000024 58
0.000028 85
0.000026 86
0.000048 281
0.000043 250
0.000044 258
0.000028 95
0.000066 257
0.000022 255
0.000043 253
0.000042 242
0.000028 96
0.000028 96
0.000025 67
0.000027 81
0.000026 89
0.000031 131
0.000026 84
0.000025 56
0.000025 59
0.000025 69
0.000027 91
0.000026 74
0.000026 76
0.000025 74
0.000026 81
0.000026 79
0.000026 78
0.000025 75
0.000025 69
0.000026 86
0.000046 262
0.000025 69
0.000042 249
0.000036 170
0.000026 74
0.000043 251
0.000045 251
0.000046 263
0.000053 246
0.000032 246
0.000042 240
0.000045 262
0.000045 273
0.000044 269
0.000045 266
0.000045 257
0.000047 297
0.000026 85
0.000050 311
0.000047 299
0.000049 304
0.000036 181
0.000044 258
0.000048 298
0.000052 256
0.000028 181
0.000055 360
0.000028 97
0.000026 86
0.000043 245
0.000045 257
0.000027 97
0.000028 97
0.000045 249
0.000042 243
0.000026 78
0.000027 83
0.000023 56
0.000026 85
0.000030 107
0.000023 53
0.000027 74
0.000026 77
0.000025 61
0.000028 92
0.000029 97
0.000045 262
0.000042 244
0.000043 252
0.000028 99
0.000029 99
0.000030 99
0.000065 262
0.000033 286
0.000046 274
0.000046 278
0.000047 294
0.000029 106
0.000047 295
0.000045 278
0.000046 274
0.000047 286
0.000049 294
0.000026 83
0.000030 115
0.000032 145
0.000049 295
0.000045 286
0.000045 274
0.000057 286
0.000037 294
0.000048 295
0.000047 286
0.000047 286
0.000045 274
0.000045 278
0.000048 294
0.000047 295
0.000047 278
0.000045 274
0.000046 286
0.000049 294
0.000029 106
0.000048 295
0.000058 286
0.000036 274
0.000048 286
0.000048 294
0.000048 295
0.000046 286
0.000045 274
0.000047 286
0.000048 294
0.000047 295
0.000047 286
0.000046 274
0.000046 286
0.000049 294
0.000058 295
0.000036 286
0.000046 274
0.000046 286
0.000047 294
0.000049 295
0.000046 286
0.000046 274
0.000048 286
0.000047 294
0.000049 295
0.000047 286
0.000046 286
0.000046 274
0.000056 278
0.000037 294
0.000030 106
0.000047 295
0.000047 278
0.000045 274
0.000046 286
0.000048 294
0.000047 295
0.000047 286
0.000046 274
0.000049 286
0.000047 294
0.000027 95
0.000058 295
0.000046 286
0.000059 274
0.000034 286
0.000047 294
0.000045 274
0.000048 286
0.000049 294
0.000045 295
0.000047 286
0.000045 274
0.000046 286
0.000048 294
0.000048 295
0.000046 286
0.000049 295
0.000057 286
0.000035 274
0.000046 286
0.000047 294
0.000047 295
0.000047 286
0.000045 274
0.000046 286
0.000048 294
0.000035 180
0.000026 85
0.000103 274
0.000031 286
0.000049 294
0.000048 295
0.000062 286
0.000032 274
0.000046 286
0.000049 294
0.000047 295
0.000047 286
0.000046 274
0.000047 286
0.000047 294
0.000050 295
0.000045 286
0.000044 259
0.000045 259
0.000045 275
0.000047 287
0.000059 295
0.000037 296
0.000047 287
0.000043 251
0.000047 287
0.000045 275
0.000047 279
0.000048 278
0.000045 279
0.000045 279
0.000045 275
0.000047 287
0.000045 278
0.000047 279
0.000026 85
0.000058 275
0.000034 287
0.000047 278
0.000046 279
0.000046 287
0.000047 275
0.000046 287
0.000046 278
0.000046 279
0.000047 287
0.000063 275
0.000037 263
0.000044 267
0.000046 266
0.000046 267
0.000059 267
0.000030 263
0.000047 275
0.000045 266
0.000045 267
0.000046 275
0.000045 263
0.000045 275
0.000046 266
0.000044 267
0.000045 275
0.000046 263
0.000045 275
0.000044 266
0.000047 267
0.000054 275
0.000035 263
0.000047 275
0.000044 266
0.000045 267
0.000046 275
0.000044 263
0.000046 275
0.000046 266
0.000045 267
0.000046 275
0.000049 295
0.000045 286
0.000046 275
0.000047 287
0.000058 295
0.000017 85
0.000044 275
0.000047 287
0.000048 295
0.000035 180
0.000048 296
0.000045 287
0.000046 275
0.000048 287
0.000047 295
0.000048 296
0.000047 287
0.000026 85
0.000046 275
0.000045 275
0.000059 275
0.000035 287
0.000047 295
0.000049 296
0.000045 287
0.000046 275
0.000047 287
0.000047 295
0.000048 296
0.000048 287
0.000046 275
0.000046 287
0.000048 295
0.000048 296
0.000047 287
0.000059 275
0.000035 287
0.000048 295
0.000027 95
0.000049 296
0.000046 287
0.000046 275
0.000048 287
0.000057 295
0.000046 275
0.000048 287
0.000047 295
0.000048 296
0.000048 287
0.000058 275
0.000034 287
0.000049 295
0.000047 296
0.000046 287
0.000049 296
0.000046 287
0.000046 275
0.000047 287
0.000046 295
0.000026 85
0.000045 275
0.000048 287
0.000047 295
0.000048 296
0.000057 287
0.000036 275
0.000047 287
0.000047 295
0.000047 296
0.000047 287
0.000045 275
0.000047 287
0.000047 295
0.000049 296
0.000047 287
0.000045 275
0.000077 287
0.000225 878
0.000010 275
0.000045 287
0.000049 295
0.000050 296
0.000047 287
0.000050 287
0.000048 275
0.000046 279
0.000048 295
0.000048 296
0.000047 279
0.000029 108
0.000046 262
0.000029 99
0.000063 262
0.000024 236
0.000026 78
0.000027 83
0.000024 56
0.000027 85
0.000029 107
0.000024 53
0.000028 92
0.000028 97
0.000045 262
0.000049 302
0.000044 262
0.000048 299
0.000046 287
0.000044 275
0.000047 279
0.000047 295
0.000029 106
0.000048 296
0.000046 279
0.000057 275
0.000036 287
0.000059 295
0.000048 296
0.000047 287
0.000046 287
0.000045 275
0.000046 279
0.000047 295
0.000030 106
0.000047 296
0.000045 279
0.000045 275
0.000046 287
0.000049 295
0.000068 296
0.000027 287
0.000045 275
0.000049 287
0.000047 295
0.000028 95
0.000048 296
0.000048 287
0.000044 275
0.000046 287
0.000048 295
0.000044 275
0.000046 287
0.000049 295
0.000047 296
0.000057 287
0.000036 275
0.000047 287
0.000048 295
0.000048 296
0.000047 287
0.000045 275
0.000047 287
0.000047 295
0.000049 296
0.000047 287
0.000045 275
0.000047 287
0.000049 295
0.000058 296
0.000037 287
0.000048 296
0.000048 287
0.000045 275
0.000048 287
0.000046 295
0.000026 85
0.000046 275
0.000047 287
0.000047 295
0.000047 296
0.000047 287
0.000046 275
0.000046 287
0.000058 295
0.000038 296
0.000046 287
0.000048 287
0.000045 275
0.000046 279
0.000048 295
0.000048 296
0.000046 279
0.000045 275
0.000047 287
0.000048 295
0.000047 296
0.000027 85
0.000046 275
0.000080 287
0.000025 295
0.000028 95
0.000047 296
0.000047 287
0.000046 275
0.000046 287
0.000047 295
0.000047 275
0.000045 287
0.000048 295
0.000047 296
0.000047 287
0.000045 275
0.000048 287
0.000061 295
0.000035 296
0.000047 287
0.000033 152
0.000032 152
0.000045 275
0.000046 287
0.000048 295
0.002175 191
0.037124 96
0.000030 29
53.097040 39
0.604668 1
0.351100 1
0.133488 1
0.696258 19
0.146773 30
0.132140 30
0.181332 44
0.290495 11
0.050704 250
0.000017 255
0.000171 1095
0.000087 803
0.000488 191
0.039288 96
0.000029 29
27.124933 19
0.001096 55
0.070259 30
0.421275 41
0.159095 44
0.126484 6
0.519671 110
0.000991 39
0.340749 164
0.093549 30
1.095592 20
0.157545 35
1.120073 20
0.300895 16
0.118788 38
1.450224 20
0.094667 16
0.193614 31
1.128883 20
0.097384 16
0.154240 39
1.280488 20
0.172014 22
1.050877 11
0.007264 68
0.000639 191
0.045376 96
0.000029 29
16.258794 10
0.001235 29
0.113512 44
0.091167 1
0.363866 1
0.692677 1
0.264393 11
0.017012 59
0.000063 50
0.000053 53
0.000050 57
0.000046 53
0.000465 191
0.044617 96
0.000029 29
124.216141 11
0.000234 191
0.045406 96
0.000028 29
0.394038 15
0.180711 99
0.270607 446
0.341835 39
0.352593 95
0.354559 86
0.434768 133
0.448475 93
1.302963 1
0.431102 1
0.967177 5
0.791189 100
0.461404 97
0.370863 100
0.162445 111
0.116027 94
0.102420 100
0.220417 162
0.797068 11
0.037591 51
0.080171 40
15.004947 59
0.003068 191
0.041034 96
0.000028 32
4.790530 11
0.000196 191
0.044141 96
0.000027 32
1.214615 93
0.550964 324
0.760210 1
0.655358 1
0.040408 1
0.039773 1
0.039809 1
0.040432 1
0.039956 1
0.040724 1
0.038572 1
0.040368 1
0.040829 1
0.040224 1
0.039236 1
1.253619 1
1.217709 1
0.489430 1
0.480733 4
1.747695 4
0.365375 4
0.226041 4
0.795346 11
0.031243 34
0.001030 191
0.038031 96
0.000038 24
0.000027 8
1.243193 72
0.299792 1
0.396401 139
10.361695 19
0.001848 71
0.089523 245
0.001739 34
0.208069 41
0.158340 30
0.160770 55
0.327278 6
3.348819 95
0.033212 1
0.215351 1
0.156540 1
0.679366 1
0.345495 1
0.195371 1
0.332942 1
0.298718 1
0.127367 1
0.136468 1
0.787658 1
0.429860 1
0.168456 1
0.188086 1
0.166245 1
0.330098 1
0.202943 1
0.113853 1
0.969095 11
0.007662 191
0.047033 96
0.000042 29
1.931622 44
0.374451 5
0.866360 166
0.148265 160
0.205756 150
0.244009 140
0.218940 121
0.617883 130
0.413971 141
0.414208 152
0.480083 153
0.332418 152
0.115319 155
0.324170 11
0.007434 28
0.000744 191
0.042555 96
0.000040 21
0.000027 8
1.261520 11
0.087148 2
0.000121 72
0.035783 50
0.001854 60
0.002491 44
0.000193 8
0.000068 58
2.852767 34
2.605942 11
0.007417 47
0.000051 49
0.000228 21
0.033421 59
0.000812 64
0.000290 2
0.000071 25
0.002681 211
0.002331 180
0.000366 3
0.005072 464
0.000553 67
0.043192 2
0.000126 79
0.157867 57
0.323068 191
0.066605 69
0.000133 29
1.236129 10
0.000673 60
0.108000 23
0.089301 41
0.056913 65
0.263932 6
0.341882 194
0.000747 34
0.263530 35
0.650941 192
0.693630 16
0.185266 27
0.673714 11
0.036898 53
0.002439 191
0.040707 69
0.000125 33
7.523887 11
0.039209 2
0.000160 72
0.038775 50
0.001895 60
0.002511 44
0.000119 66
2.897057 1
0.439950 1
0.223415 1
0.192371 1
0.163606 1
1.023836 1
0.543515 1
0.136418 1
0.170272 1
0.098591 1
0.781337 1
0.379628 1690
0.668176 4
0.202675 4
0.152461 4
0.115754 4
0.275812 4
0.176923 4
1.506913 1
0.080345 1
0.234550 1
0.101567 1
0.143984 1
0.798363 1
0.350893 1
0.101602 3
0.814509 1
0.132441 8
0.574368 1
0.280980 1
0.153443 11
1.677905 1
0.159783 1
0.129842 4
0.571489 1
0.090861 1
0.137373 12
1.919219 1
0.032565 1
0.299450 1
0.311522 1
0.205032 1
0.173340 1
0.153698 1
8.647734 4
0.260464 4
0.523304 28
0.517657 40
0.000038 9
0.001001 35
0.000577 44
0.000076 8
0.000038 58
1.864482 75
0.325424 75
0.790273 4
0.170202 4
0.164947 4
0.195848 4
0.433583 11
0.006275 178
0.000683 44
0.000083 8
0.000035 58
11.260237 1
0.115836 1
0.108710 1
0.097315 1
0.242526 1
0.860192 1
0.296535 1
0.243973 1
0.189078 1
0.612081 4
0.564813 1
0.226872 1
0.215544 1
0.138110 1
0.643651 1
0.388641 1
0.145975 3
0.894586 1
0.410099 1
0.616182 4
1.359935 1
0.223270 8
0.579226 1
0.277458 1
0.161408 11
2.981016 1
0.075977 1
0.254593 5
0.688887 1
0.203282 1
0.958424 1
0.194819 1
0.569436 4
0.254921 1
0.208491 2
0.000165 146
0.000149 142
0.000145 142
0.000149 142
0.000034 104
0.168206 2
0.000376 146
0.000149 142
0.000228 142
0.000213 142
0.000033 104
3.961383 1
0.134289 3
0.887844 1
0.149249 8
0.967964 1
0.285542 1
0.117102 11
0.720351 4
0.546119 11
0.035679 44
0.000050 8
0.000022 58
2.633018 71
1.470985 4
0.657075 4
0.038236 4
0.040876 4
0.042124 4
0.039893 4
0.039340 4
0.040605 4
0.039845 4
0.040330 4
0.039870 4
0.039874 4
0.040213 4
0.039602 4
0.040000 4
0.459946 4
0.208358 4
0.174104 4
0.173826 4
0.151676 4
0.173890 4
0.147008 4
0.148516 4
0.170686 4
0.150824 4
0.137347 4
0.417675 2
0.000131 9
0.088236 44
0.000209 8
0.000160 58
0.755501 11
0.000191 44
0.000120 8
0.000049 58
1.639246 1
1.334664 4
7.113267 45
0.336412 26
0.174126 159
0.132832 171
0.652175 127
8.031165 1
0.544157 1
0.106649 1
0.131219 1
0.550037 1
0.423895 1
0.251615 1
0.154353 1
0.122878 1
0.104592 1
4.095454 1
0.372108 1
0.164689 1
0.127679 1
3.653755 2
0.000042 9
0.007332 47
0.000228 70
0.041783 29
0.001354 31
0.001241 28
0.001337 36
0.000333 2
0.000056 25
0.002644 155
0.007647 3
0.006006 163
0.000591 67
0.054827 2
0.000141 79
0.192906 57
0.267085 191
0.046171 69
0.000126 29
1.566881 10
0.001577 135
0.109723 671
0.000909 38
0.105794 41
0.064332 65
0.255659 6
0.447630 134
0.001319 43
0.164034 35
0.215753 30
0.235239 30
0.210207 55
0.243865 6
2.560449 143
0.001222 37
0.142669 6
1.545876 133
0.000836 37
0.655958 139
0.001042 38
0.035635 143
0.000837 39
0.041984 209
0.001319 40
0.038208 186
0.001152 41
0.036377 192
0.001027 42
0.041347 198
0.001517 43
0.037982 180
0.001109 35
0.784231 134
0.001052 43
0.172439 202
0.001433 27
0.217755 30
0.092926 30
0.133090 55
0.133658 6
0.523013 15
0.310007 63
0.157125 30
0.618416 20
0.141536 35
0.764774 94
0.287410 1
0.203869 85
0.543030 97
0.305680 1
0.151278 1
1.973639 1
0.490637 1
0.346608 1
1.147750 1
0.458314 1
0.129788 1
0.182043 1
5.297497 8
0.000351 3
0.034603 191
0.029079 69
0.000028 29
3.854492 10
0.001571 62
0.185018 23
0.068186 41
0.087758 65
0.252593 6
0.348538 15
0.180445 220
0.001412 42
0.207599 30
1.165887 33
0.000202 3
0.000175 628
0.000028 93
1.418050 52
0.191676 69
0.631733 6
0.696277 143
0.001578 37
0.275817 6
0.632010 6
0.000236 468
0.000132 801
0.759627 196
1.861266 16
0.259330 16
0.152721 38
0.783926 23
0.008461 8
0.000145 3
0.000051 3
0.050778 191
0.039410 69
0.000117 21
0.000039 8
2.678977 19
0.001407 38
0.075128 43
0.118323 1
0.001845 41
0.891920 265
0.621492 16
0.789224 16
0.120490 16
0.191810 31
0.868740 20
0.088157 16
0.191814 39
0.603084 23
0.009971 11
0.000332 191
0.034875 96
0.000036 29
0.767439 19
0.001604 80
0.089856 299
0.001489 27
0.220118 41
0.151051 30
0.289409 30
0.143534 66
0.179143 6
0.572541 75
2.765746 5
7.794758 5
1.775701 11
0.002057 58
0.000067 460
0.000226 36
0.000862 191
0.058862 96
0.000035 29
3.079094 19
0.001757 42
0.097973 30
0.954038 41
0.142175 51
0.713836 45
0.702190 10
2.640258 16
0.125016 30
0.557062 20
0.169163 35
1.054495 20
0.263920 16
0.172210 38
1.077395 20
0.098622 16
0.077131 16
0.146389 30
0.533715 20
0.081977 16
0.178949 39
1.121357 23
0.330346 11
0.000241 191
0.040190 69
0.000028 29
3.558446 10
0.001693 41
0.108373 21
0.213780 27
0.146954 21
0.261268 21
0.160438 21
0.060029 83
0.141972 6
0.306693 6
0.153952 6
0.117521 41
0.384821 1
0.413681 1
1.025784 8
0.000066 3
0.079104 40
15.005554 59
0.000775 191
0.034412 69
0.000128 32
3.654350 10
0.001234 38
0.157844 106
0.145935 41
1.048232 30
0.293042 55
0.400157 1
0.697364 1
0.155779 1
0.527743 19
0.169338 30
0.185830 30
0.226651 44
0.333730 11
0.002996 7
0.000184 25
0.000111 27
0.000788 191
0.041632 69
0.000064 21
0.000035 8
1.588834 32
0.837889 5
0.664304 111
0.117118 122
0.157889 105
0.088737 111
0.532029 173
0.277075 11
0.040344 257
0.000038 267
0.000022 2
0.000021 275
0.000019 2
0.000022 276
0.000035 2
0.000025 267
0.000022 2
0.000020 123
0.000020 2
0.000021 123
0.000021 2
0.000022 256
0.000021 2
0.000022 198
0.000033 72
0.000035 278
0.000307 191
0.035493 69
0.000028 29
33.866284 19
0.001339 83
0.074319 22
0.110145 6
0.602896 15
0.344946 290
0.002377 22
0.131206 21
0.115271 21
0.303814 28
0.005766 11
0.000347 191
0.046171 72
0.000029 29
1.227892 19
0.001324 32
0.096691 22
0.153225 8
0.000160 3
0.003033 191
0.041980 72
0.000037 21
0.000027 8
1.290972 19
0.002553 32
0.101572 22
0.171404 1
0.001393 22
0.287631 55
0.001809 12
0.120577 6
0.001457 31
0.193659 101
0.003849 11
0.002558 7
0.000407 191
0.045122 72
0.000073 29
3.764092 19
0.001457 42
0.150959 22
0.330504 6
0.595732 45
0.551939 16
0.000898 16
0.212472 47
1.142859 70
0.665034 19
0.001344 12
0.037824 26
0.001184 14
0.036101 33
0.001351 16
0.038185 29
0.001679 18
0.041640 29
0.001707 20
0.035121 63
0.001481 42
0.036369 54
3.773266 19
0.001737 59
0.201946 30
1.466537 41
0.131441 30
0.138465 55
0.148934 6
2.172703 119
0.117005 1
0.702278 1
0.110858 1
0.691027 1
0.138315 11
0.003159 191
0.043947 72
0.000028 29
12.378979 19
0.002316 51
0.128031 22
0.123017 41
0.099781 65
0.288352 6
0.576900 90
0.001310 55
0.173869 30
0.231252 30
0.243544 30
0.148368 55
0.120981 6
0.627901 6
0.819621 209
0.154129 1
0.837278 1
0.149945 1
0.448007 3
0.168249 3
0.141932 1
0.216369 3
0.002104 49
9.256864 209
0.001284 127
0.525077 6
1.016051 660
2.423300 3
0.656928 3
0.035510 3
0.038266 3
0.044951 3
0.036516 3
0.183034 1
0.854176 1
0.221172 10
0.361412 1
0.833194 1
1.141013 21
0.646609 21
0.043360 21
0.032723 21
0.044998 21
0.045701 21
0.032174 21
0.046013 21
0.041429 21
0.032245 21
0.049949 21
0.036301 21
0.192134 21
0.347307 21
1.356434 4
0.478279 10
0.786858 4
5.976800 202
0.043011 72
0.000027 34
1.322290 19
0.001540 45
0.189113 30
0.188649 41
0.128676 30
0.140443 55
0.102760 6
3.075333 43
1.006596 8
0.891226 1
0.147785 1
0.227710 1
0.201809 1
1.514687 8
0.000176 3
0.004333 191
0.044892 72
0.000028 29
0.769464 31
0.180941 55
0.918248 67
0.221780 7
0.152723 33
0.155326 115
0.333058 133
0.149859 54
0.661436 3
0.045128 73
0.036993 40
0.037123 77
0.669916 19
0.001624 51
0.161365 22
0.069566 41
0.111641 65
0.240037 6
0.609878 90
0.001523 55
0.206450 30
0.223679 30
1.513267 30
0.174745 55
0.099764 6
0.450646 6
0.242893 209
0.003039 127
0.182873 6
0.709020 660
0.835854 3
0.661368 3
0.034296 3
0.038414 3
0.041915 3
0.040200 3
0.038233 1
0.038252 3
0.041992 3
0.038744 3
0.041014 3
0.038760 3
0.046519 3
0.030993 3
0.045602 3
0.034570 3
0.046305 3
0.036165 3
0.041912 3
0.039397 3
0.350526 3
1.230228 1
0.164442 1
0.383189 1
0.199067 1
0.576069 1
0.131728 1
0.445976 1
0.535100 10
0.095349 1
0.658356 1
0.040587 1
0.040901 1
0.040251 1
0.041004 1
0.039954 1
0.039671 1
0.040338 1
0.040431 1
0.040303 1
0.039383 1
0.040190 1
0.040123 1
0.039799 1
0.039481 1
0.222425 1
0.474292 38
0.656793 38
0.033561 38
0.037235 38
0.045957 38
0.039896 38
0.034624 38
0.042975 38
0.042934 38
0.039333 38
0.036673 38
0.045512 38
0.033637 38
0.040001 38
0.210719 38
1.569586 37
0.102445 1
0.653945 1
0.041183 1
0.041319 1
0.039966 1
0.038913 1
0.041748 1
0.038749 1
0.040131 1
0.040218 1
0.039237 1
0.685244 49
0.660708 49
0.046637 49
0.043499 49
0.033649 49
0.046198 49
0.032516 49
0.048093 49
0.035568 49
0.036986 49
0.038822 49
0.040453 49
0.043748 49
0.039990 49
0.041334 49
0.033981 49
0.039756 49
0.049363 49
0.030208 49
0.047322 49
0.036604 49
0.036770 49
0.040212 49
0.039201 49
0.227786 49
0.169546 49
0.143480 49
0.530681 49
1.064512 48
4.122834 11
0.035029 197
0.001721 191
0.036525 72
0.000025 33
22.866729 108
0.233347 1
0.655100 1
0.038270 1
0.040121 1
0.039354 1
0.040350 1
0.040330 1
0.040267 1
0.039349 1
0.041093 1
0.039991 1
0.040016 1
0.039552 1
0.040690 1
0.039520 1
0.039411 1
0.040765 1
0.039152 1
0.040889 1
0.040190 1
0.039685 1
0.039419 1
0.040048 1
0.040519 1
0.039618 1
0.039718 1
0.040533 1
0.040948 1
0.215352 1
0.588708 49
0.416647 49
0.114073 49
0.096877 49
0.646681 49
0.975023 4
0.656333 4
0.039657 4
0.040041 4
0.041623 4
0.039217 4
0.040243 4
0.039775 4
0.040809 4
0.039933 4
0.453042 4
1.605042 38
0.536184 38
0.097292 38
0.080255 38
0.845406 38
0.627754 4
0.659463 4
0.040115 4
0.040581 4
0.040147 4
0.038582 4
0.040956 4
0.273909 4
0.199190 4
0.216858 4
1.164872 27
0.595646 27
0.109259 27
0.116635 27
0.752600 27
2.023167 4
0.647529 4
0.039178 4
0.040307 4
0.041563 4
0.039162 4
0.040688 4
0.039695 4
0.353943 1
1.001016 8
0.358725 3
0.120028 3
0.118711 3
0.652067 40
0.334710 11
0.034711 197
0.002513 191
0.037679 72
0.000027 33
2.490182 19
0.001401 124
0.126053 22
0.100274 41
0.091756 65
0.244898 6
0.482079 528
0.001084 26
0.108652 30
0.598577 92
0.919110 8
0.000181 3
0.062889 2507
0.001125 191
0.047064 72
0.000043 21
0.000032 8
10.843120 19
0.000701 51
0.221638 125
0.517262 32
0.001584 51
0.655839 22
0.464085 41
0.118231 65
0.257247 6
0.404975 90
0.001482 34
0.222403 30
0.590880 192
0.654529 37
0.777225 7
0.007557 8
0.000120 3
0.036087 191
0.029495 72
0.000029 29
2.234290 19
0.001691 42
0.217954 57
0.001436 65
0.162739 340
0.204106 44
0.399845 11
0.036353 2
0.000126 72
0.029517 50
0.040218 110
0.972715 1
0.081163 1
0.092322 1
0.560172 1
0.298583 1
0.171537 1
0.130586 1
0.066451 1
0.370130 90
3.023696 1
0.210554 1
0.200289 1
0.167537 1
0.128252 1
0.136038 1
2.341245 1
0.505968 1
0.127779 1
0.178824 1
1.049843 1
0.137346 1
0.357816 1
0.143761 1
0.269383 1
0.158878 1
0.312028 1
0.509626 1
0.209446 11
0.002153 79
7.725057 1
0.110289 1
0.193319 1
0.069630 1
0.297932 1
0.699092 1
0.144682 1
0.398369 4
0.134458 4
0.649779 4
0.040319 4
0.039366 4
0.040549 4
0.040123 4
0.040039 1
0.040231 1
0.040031 1
0.039539 1
0.040126 1
0.040073 1
13.187619 99
0.518877 152
3.271796 11
0.048447 22
0.000031 8
0.000132 49
8.913811 1
0.095752 1
0.393376 1
0.791663 1
0.128506 90
0.874653 1
0.117850 1
0.162187 2
0.000041 9
0.002457 24
0.000176 55
1.070238 1
0.137091 1
0.200151 1
0.104250 1
0.139513 1
0.234984 1
0.533807 1
0.089785 1
0.452399 11
0.002263 79
1.724659 17
