0.224654 19
0.000329 8
0.000086 47
1.116543 1
0.052742 1
0.095301 1
0.583769 1
0.330755 1
0.117721 1
0.139718 2
0.741604 4
0.156537 4
0.310407 4
0.144441 4
0.426908 1
0.118161 3
0.593131 1
0.141385 8
0.589548 1
0.214872 1
0.114071 11
1.531416 2
0.000043 9
0.000193 44
0.000099 66
1.800231 30
0.161282 91
0.151907 191
0.617321 154
19.146324 11
0.004908 47
0.000259 49
0.000113 21
0.031828 27
3.540872 2
0.021600 44
0.000843 49
0.000361 2
0.000032 25
0.002795 181
0.008864 3
0.004465 189
0.000504 67
0.034121 2
0.000138 79
0.183016 57
0.312643 191
0.052420 69
0.000041 29
1.864465 19
0.000948 60
0.095619 30
0.193894 41
0.157076 44
0.113634 6
2.011945 140
0.001398 39
0.276099 164
0.093218 16
0.236500 29
0.765102 39
0.000423 3
0.000121 157
2.012506 32
0.675041 19
0.040304 19
0.038986 19
0.001548 39
0.035414 156
0.001550 36
0.037855 131
0.001332 37
0.040072 186
0.001269 38
0.038705 185
0.001032 39
0.039482 180
0.001089 60
0.035035 166
0.550466 10
0.001505 49
0.191643 23
0.054554 41
0.111376 65
0.272093 6
1.501132 128
0.001577 34
0.213665 23
0.248216 41
0.129968 44
0.179893 6
0.684854 6
0.226495 6
0.146896 6
0.768438 15
0.335425 21
0.145362 21
0.081909 21
0.155832 29
0.450350 68
0.008589 14
0.030695 18
0.000080 27
0.000052 30
0.000084 31
0.000038 30
0.000051 56
0.000024 2
0.002075 191
0.031859 69
0.000131 29
14.196612 19
0.001232 60
0.072103 30
0.177939 41
0.150413 44
0.065927 6
5.286329 194
0.548913 89
0.005510 11
0.008176 74
0.000585 191
0.040767 90
0.000014 8
5.664579 11
0.039501 2
0.000182 72
0.027575 50
0.020305 110
1.503730 11
0.000199 44
0.000115 8
0.000046 58
1.222212 1
0.336490 1
0.932542 1
0.380668 1
0.126131 1
0.165358 1
0.575641 1
0.085950 1
0.179682 1
0.310525 1
0.233901 1
0.457214 1
0.121656 1
0.212152 1
0.147043 1
0.258041 1
1.474115 1
0.108491 1
0.291246 1
0.159938 1
0.294463 1
0.119175 1
0.153924 1
0.077672 1
0.510074 1
0.146326 1
1.162011 1
0.149578 1
0.163713 1
0.499310 1
0.066563 1
6.675810 1
0.127657 1
1.345396 1
0.228825 1
0.137541 1
0.104541 1
0.837212 121
3.285255 37
0.178911 149
0.157586 123
0.161519 91
0.445836 191
0.498617 315
0.247543 416
0.358930 202
0.291956 154
0.938473 123
0.428517 82
0.561616 170
0.601652 151
0.172321 123
0.979895 82
0.384388 123
0.306095 82
0.190006 170
0.426659 127
0.425038 101
0.315411 141
0.267753 105
0.291990 2
0.375231 2
0.291019 11
0.374435 47
0.264924 9
0.210675 2
0.162480 11
0.157730 15
0.155177 13
0.161618 6
0.167473 94
0.165850 109
0.499537 31
0.241753 56
0.178309 137
0.514691 136
5.893190 137
2.530405 26
1.305325 29
2.083486 136
2.874763 11
0.005297 47
0.000029 49
0.000020 21
0.040507 29
0.001386 31
0.001178 28
0.001518 36
0.000440 2
0.000069 25
0.002576 155
0.006727 3
0.004979 163
0.000641 67
0.037661 2
0.000150 79
0.225323 57
0.271110 191
0.046377 69
0.000122 29
2.253929 10
0.001350 33
0.089967 23
0.114040 6
0.728568 15
0.282168 41
0.291359 11
0.002160 191
0.042385 69
0.000120 21
0.000025 8
15.238785 10
0.000407 56
0.158670 23
0.075564 41
0.110113 65
0.245789 6
0.387886 170
0.001111 103
0.149659 35
0.269939 30
0.232526 30
0.145004 55
0.121708 6
0.535322 6
0.136475 497
0.001030 36
1.615527 133
0.000856 97
0.664314 499
0.001143 98
0.040256 503
0.001621 99
0.035467 569
0.001136 100
0.041866 546
0.001737 101
0.034799 552
0.000876 102
0.040454 558
0.000885 103
0.636408 562
0.001429 27
0.224667 30
0.132792 30
0.141220 55
0.113450 6
0.798900 15
0.387434 63
0.204629 30
0.611133 20
0.126236 35
0.789858 94
0.303499 1
0.212934 85
0.670229 97
0.278160 1
0.149480 1
3.588027 1
0.404120 1
0.574949 1
0.552874 1
1.070081 1
0.149414 1
0.149965 1
0.428220 11
0.038614 191
0.029442 69
0.000044 21
0.000034 8
0.635774 10
0.001375 62
0.148249 23
0.071403 41
0.379402 65
0.648200 6
0.491876 15
0.159124 220
0.001622 102
0.190708 30
0.670778 30
0.144606 55
0.093656 6
0.543748 6
0.096352 497
0.001492 36
0.352882 6
0.614598 190
0.993631 40
1.173709 23
0.013757 11
0.037096 191
0.029937 69
0.000132 29
0.904385 19
0.001756 38
0.079075 43
0.001261 43
0.104964 6
0.584714 15
0.315133 21
0.125041 49
0.510857 235
1.370029 11
0.000421 191
0.035509 94
0.000048 21
0.000029 8
3.494787 19
0.001663 64
0.064392 22
0.110599 6
0.744040 176
0.000931 12
0.075210 21
0.873717 16
0.083059 16
0.189878 31
0.793463 20
0.158753 40
0.315612 23
0.005503 11
0.000258 191
0.038216 96
0.000029 29
0.739679 19
0.001670 80
0.076722 299
0.001779 27
0.222926 41
0.165636 30
0.299722 30
0.550956 147
0.351735 11
0.001892 58
0.000066 416
0.000041 36
0.000248 191
0.052350 96
0.000138 29
1.684408 19
0.001539 42
1.349916 30
0.434171 41
0.154520 51
0.654648 45
0.590378 10
1.144650 16
0.141436 30
0.612436 20
0.159080 35
0.541827 20
0.271195 16
0.128729 38
0.629572 20
0.112734 16
0.225444 31
0.477012 20
0.102424 16
0.146334 39
0.593504 23
0.376214 8
0.000143 3
0.000329 191
0.039109 69
0.000037 21
0.000026 8
1.927082 10
0.001106 29
0.177657 42
0.001416 29
0.259676 27
0.171113 21
0.245076 21
0.158554 21
0.127092 83
0.122957 6
0.590542 6
0.154887 6
0.097232 41
0.211967 1
0.157485 1
3.803712 8
0.000151 3
0.115820 40
15.005242 59
0.000749 191
0.045028 69
0.000137 32
5.034325 19
0.001622 48
0.133205 99
0.001432 59
0.089466 41
0.103285 65
0.239407 6
1.258035 15
0.148735 35
0.292161 30
0.254578 30
0.167564 55
0.111426 6
0.707747 6
0.179663 209
0.000939 96
0.222566 6
2.294345 485
0.000775 96
0.651463 493
0.002302 49
0.037476 211
0.001186 50
0.037564 215
0.001025 51
0.040106 281
0.001402 52
0.038891 258
0.001274 53
0.037482 264
0.001232 54
0.038276 270
0.001196 55
0.038378 252
0.001356 56
0.038351 251
0.001366 57
0.038738 326
0.001385 58
0.038593 301
0.001049 59
0.040832 296
0.001593 48
0.034342 94
4.881107 56
0.507881 233
0.525058 3
0.658127 3
0.043861 3
0.035343 3
0.040135 3
0.042170 3
0.043117 38
0.038902 19
0.037529 19
0.232936 19
0.171453 19
1.214370 16
0.157097 30
0.677327 20
0.210193 35
2.488222 20
0.379081 16
0.502717 19
0.666396 19
0.034525 19
0.046738 19
0.039631 19
0.036609 19
0.039643 19
0.043844 19
0.037428 19
0.035610 19
0.042390 19
0.042880 19
0.040923 19
0.033518 19
0.286371 19
6.896898 16
0.121754 30
0.543615 20
0.172544 35
0.564985 20
0.247041 16
0.159460 38
0.541618 20
0.080831 16
0.178029 31
0.556674 20
0.054436 16
0.217301 39
0.834681 20
0.186791 22
5.337048 335
0.000176 3
0.000106 100
0.000027 117
0.187573 9
1.050127 291
0.008577 11
0.000012 3
0.002343 172
0.000440 191
0.042139 69
0.000030 33
4.563636 95
0.890548 5
0.735911 375
0.168294 386
0.110232 375
0.099581 375
0.171872 437
0.371102 11
0.047729 191
0.029913 69
0.000130 29
1.400538 119
0.141874 416
0.381201 401
0.798209 8
0.000251 3
0.001891 38
0.000413 191
0.040760 101
7.775111 19
0.001830 115
0.149251 22
0.079058 41
0.148064 65
0.247901 6
1.022649 474
0.001159 52
0.100577 251
0.001559 40
0.324256 30
0.133015 30
1.296441 55
0.266227 6
1.910407 131
0.001786 47
0.130719 6
0.379701 6
0.147500 6
0.147259 6
1.359971 168
0.543559 3
0.678276 3
0.039107 3
0.044156 3
0.039145 3
0.036460 3
0.042646 3
0.038315 3
0.041484 3
0.041742 3
0.035761 3
0.045996 3
0.034394 3
0.042862 3
0.040910 3
0.036216 3
0.040016 3
0.042026 3
0.039595 3
0.041301 3
0.035610 3
1.100042 10
0.402751 16
3.581797 19
0.445278 16
0.072561 16
0.320224 20
1.568643 11
0.041019 191
0.030884 69
0.000131 29
0.693193 69
0.134184 156
0.520741 11
0.087849 40
15.005296 59
0.000708 191
0.040697 101
4.193242 23
0.314585 126
0.383146 155
1.755058 16
0.156857 35
0.829719 23
0.510490 11
0.048012 191
0.034599 69
0.000029 29
1.047674 11
0.000243 191
0.045348 69
0.000029 29
0.418423 127
0.139254 489
0.309985 126
0.340982 156
0.354374 11
0.095682 40
15.004713 59
0.000764 191
0.045143 69
0.000028 32
5.524550 19
0.447179 12
0.272583 19
0.001734 123
0.111118 22
0.117049 41
0.103823 65
0.242152 6
0.891097 518
0.146190 35
0.614248 30
0.299009 30
0.119622 1
0.585515 1
0.152987 32
0.163411 32
0.383375 32
0.823452 35
0.221229 30
0.567821 32
0.749360 30
0.194168 30
0.319054 30
0.669911 32
0.160690 32
0.423703 32
0.175396 32
1.851939 35
0.146793 30
0.285892 30
0.990220 55
0.605820 1
0.765301 1
0.125915 1
0.837402 19
0.143493 30
0.165816 30
0.223715 44
0.303999 11
0.055535 258
0.000043 268
0.000023 2
0.000024 276
0.000023 2
0.000050 277
0.000213 1240
0.000302 191
0.037262 69
0.000134 29
19.516685 19
0.001562 58
0.140444 167
0.001892 77
0.174050 33
0.103128 6
0.694815 365
0.174370 1
0.851608 10
0.320316 16
0.199290 16
0.243531 21
0.000370 3
0.000104 102
0.000073 49
1.503925 1
0.165736 1
0.361923 1
0.077486 41
0.838947 33
0.107424 28
0.833051 34
0.147809 1
0.596925 14
0.001614 43
0.000703 191
0.046273 69
0.000033 24
0.000026 8
2.712739 25
0.238139 1
0.658479 1
0.038599 1
0.041147 1
0.039892 1
0.682399 13
0.071106 58
0.328184 11
0.706439 2
0.740142 160
0.435053 2
0.158648 2
0.747896 191
0.043444 69
0.000029 29
2.474103 11
0.000230 191
0.045118 69
0.000030 29
3.226439 19
0.001522 51
0.158202 22
0.094848 41
0.075414 65
0.253427 6
0.495322 90
0.001406 27
0.267476 30
0.234184 30
0.636213 98
0.847013 38
0.001482 12
0.157775 26
0.001553 14
0.153177 33
0.001625 16
0.153641 40
0.001565 18
0.153752 47
0.001105 20
0.990512 49
0.001756 26
0.396493 89
0.000882 20
0.154289 43
0.001710 22
0.702070 50
0.000978 22
0.112327 21
2.598210 49
0.214664 16
0.097677 16
0.271318 20
0.884350 11
0.051569 191
0.030512 69
0.000028 29
0.458400 60
0.650379 16
0.147852 31
0.308929 7
0.007056 11
0.036786 191
0.032773 69
0.000121 29
1.742479 19
0.002444 64
0.134248 22
0.082974 41
0.083949 65
0.298379 6
8.388002 155
0.001656 41
0.648535 230
0.001354 42
0.039910 205
0.001533 43
0.039416 200
0.001846 64
0.035382 190
0.512609 19
0.001669 49
0.042147 105
0.001273 37
0.226351 6
0.229952 15
0.149451 140
0.524615 11
0.000369 191
0.050549 95
0.000028 29
2.393686 19
0.001488 64
0.136063 22
0.091727 41
0.076227 65
0.289359 6
2.864367 168
0.001403 98
0.136708 30
0.276691 30
0.215339 30
0.180608 55
0.122743 6
0.701919 725
0.757324 19
0.653302 19
0.042712 19
0.035446 19
0.038369 19
0.047922 19
0.034968 19
0.042884 19
0.033463 19
0.044023 19
0.040149 19
0.041326 19
0.038629 19
0.042674 19
0.271843 19
0.147585 19
0.152156 19
0.945586 11
0.044982 191
0.033118 95
0.000038 21
0.000035 8
2.349527 19
0.001499 47
0.106729 30
0.181722 41
0.182759 30
0.237422 30
0.131521 30
0.101417 77
0.149705 6
0.458136 6
0.173939 6
0.124588 6
0.368116 17
0.001881 16
0.671578 24
0.002008 18
0.034857 31
0.000337 20
0.039339 36
0.000655 22
0.042433 125
0.001153 24
0.035995 77
0.001751 22
0.037702 83
0.001184 23
0.041528 90
0.001711 25
0.036009 107
0.001162 26
0.038561 102
0.001040 47
0.038699 88
0.565819 19
0.001786 106
0.096352 22
0.106509 41
0.096329 65
0.237725 6
1.540381 420
0.001682 40
0.090411 30
0.558373 171
0.596562 3
0.207876 3
0.190078 3
0.140006 3
0.150212 3
0.141627 3
0.147213 14
0.185172 8
2.238639 10
0.069006 16
0.634131 16
0.106060 16
0.222912 39
0.725576 23
0.401563 11
0.042580 191
0.030096 95
0.000028 29
1.121641 11
0.000235 191
0.046274 95
0.000029 29
0.885814 19
0.001223 47
0.094741 30
0.255237 41
0.119348 30
0.254435 30
0.132976 30
0.087173 77
0.136744 6
0.605276 30
0.844272 11
0.002355 92
1.037599 45
0.999061 151
0.000447 191
0.041503 95
0.000057 24
0.000031 8
13.748735 19
0.001123 47
0.108782 30
0.222041 41
0.139720 30
0.216452 30
0.147182 30
0.092933 77
0.175005 6
0.335700 6
0.193463 6
0.347578 20
0.134528 1
0.851400 3
0.167701 3
0.001288 16
1.109809 20
0.000905 20
0.175800 6
0.289480 6
0.062719 6
0.229905 6
0.133423 6
0.352958 11
0.005326 191
0.067691 95
0.000065 21
0.000037 8
0.570414 26
0.148402 15
0.373167 11
0.103876 45
1.000159 151
0.000450 191
0.042495 95
0.000163 24
0.000060 8
14.309622 8
0.000256 3
0.000320 191
0.072020 95
0.000164 24
0.000063 8
1.480019 9
0.000049 2
0.045239 2
0.000144 72
0.001855 68
0.007205 64
0.016504 50
0.002297 60
0.009699 110
2.658372 48
0.437544 11
0.006676 47
0.000244 70
0.038885 31
0.000762 36
0.000265 2
0.000069 25
0.002595 155
0.002291 105
0.000073 75
0.000320 3
0.005086 693
0.000179 97
0.000413 67
0.046166 81
0.020217 27
3.421679 2
0.153385 57
0.301127 191
0.066626 69
0.000218 29
1.075797 10
0.001353 63
0.117478 23
0.095241 41
0.080645 65
0.242680 6
1.311283 212
0.001347 39
0.295355 35
0.173013 30
0.237595 30
0.360065 155
0.144764 1
0.403893 1
0.145043 32
0.001365 36
0.682664 30
0.117665 66
0.133518 6
7.277689 122
0.001207 20
0.783508 49
0.147671 99
3.233193 110
0.001547 20
0.626609 49
0.001137 26
0.157936 138
2.091906 16
0.495149 16
0.134472 16
0.298368 261
2.626873 253
0.198538 267
0.798785 250
0.187542 19
0.121957 19
0.389485 167
0.000257 3
0.000305 333
0.000036 98
16.693313 150
0.157749 269
1.225649 248
0.167850 261
0.848530 245
0.349735 19
0.239479 167
0.000560 6
0.000261 333
0.000051 98
3.956459 150
0.096508 16
0.176489 26
0.982185 7
0.010403 14
0.024915 27
2.833501 2
0.022431 191
0.033040 69
0.000131 29
0.508860 81
0.379413 19
0.168795 19
0.149910 19
0.131588 19
0.267378 56
0.036086 68
0.000202 60
3.283620 235
0.654285 19
0.037794 19
0.038507 19
0.042753 19
0.035985 19
0.040238 19
0.043692 19
0.036638 19
0.039648 19
0.040480 19
0.039117 19
0.041490 19
0.038126 19
0.044451 19
0.036340 19
0.041530 19
0.039938 19
0.041500 19
0.001375 38
0.036296 161
0.000852 39
0.039276 167
0.001030 40
0.038769 173
0.000943 41
0.041864 179
0.001142 42
0.039092 185
0.001557 43
0.038271 191
0.001149 44
0.039531 197
0.001411 45
0.037165 192
0.000952 46
0.038215 191
0.001308 47
0.042741 268
0.001200 48
0.038145 234
0.001206 49
0.037904 240
0.001183 50
0.040589 246
0.001198 51
0.035662 252
0.001293 52
0.036124 234
0.001249 53
0.038785 233
0.001691 54
0.038639 308
0.000824 55
0.038363 283
0.001487 56
0.043859 274
0.001215 68
0.030874 264
1.648797 11
0.037465 2
0.000056 72
0.001634 68
0.001805 68
0.001772 64
0.002134 62
0.026255 50
0.001279 60
0.002802 44
0.000106 8
0.000037 58
4.149238 1
0.187100 1
0.069447 1
0.115780 1
0.266545 1
0.346731 1
0.287172 1
0.204146 1
0.183605 1
3.797442 1
0.242198 1
0.140607 1
0.099471 1
1.296779 1
0.303054 1
0.137120 3
0.624650 1
0.208039 8
0.777669 1
0.289164 1
0.392376 11
1.945518 1
0.102943 1
0.262487 1
0.000016 4
1.472551 1
0.204107 1
0.177396 1
0.146724 1
0.856890 4
0.362368 2
0.930152 1
0.357495 2
0.000081 42
0.000047 106
1.815045 1
0.256474 1
1.190396 1
0.142794 1
0.778048 2
0.000425 158
0.000046 109
1.423768 1
0.215208 1
0.446129 11
0.039663 27
2.908001 2
0.016335 68
0.002427 44
0.000038 8
0.000021 58
3.758410 53
1.783584 4
0.196682 4
0.140955 4
1.042022 4
0.166581 4
0.660509 4
0.038326 4
0.040694 4
0.039733 4
0.039650 4
0.040515 4
0.040153 4
0.039717 4
0.214759 4
2.547614 1
0.113735 1
0.778921 1
0.114507 1
0.673377 1
0.225241 1
0.581190 1
0.146388 1
0.257203 1
0.665098 4
0.653366 4
0.038904 4
0.040309 4
0.041914 4
0.040093 4
0.039916 4
0.039672 4
0.039536 4
0.040535 4
0.039954 4
0.040219 4
0.040233 4
0.040262 4
0.039861 4
0.039207 4
0.040518 4
0.040194 4
0.038958 4
0.040725 4
0.040036 4
0.039973 4
0.039878 4
0.040279 4
0.040017 4
0.039081 4
0.040415 4
0.039865 4
0.040307 4
0.039985 4
0.040389 4
0.039770 4
0.039732 4
0.040311 4
0.039942 4
0.039776 4
0.041340 4
0.038922 4
0.040094 4
0.039550 4
0.039921 4
0.040626 4
0.039439 4
0.040593 1
0.039885 1
0.039980 1
0.969227 121
0.691822 1
0.324616 1
1.606174 1
0.307298 1
0.152138 1
0.161558 1
0.627713 1
0.133828 1
0.231944 1
0.140495 1
0.331189 1
0.160991 1
0.148017 1
0.101130 1
5.782091 121
1.238769 17
