0.249428 19
0.000429 8
0.000103 47
0.663489 1
0.073524 1
0.069447 1
0.621416 1
0.269089 1
0.121459 3
0.703964 1
0.134981 8
0.625433 1
0.287591 1
0.087637 11
1.236600 121
0.909743 1
0.109286 1
0.190431 11
0.001502 132
0.000415 44
0.000079 8
0.000030 58
4.298872 11
0.000176 44
0.000082 8
0.000030 58
0.360753 1
0.121291 1
0.157409 1
0.847593 1
0.083863 1
0.576641 1
0.083135 1
0.142485 4
0.743090 1
0.070566 1
0.132324 12
0.904584 2
0.000029 9
0.000151 64
0.000055 8
0.000020 59
1.689591 1
0.096615 1
0.588377 11
0.055462 187
0.000556 131
2.347310 2
0.408871 1
0.357408 1
0.114025 1
0.186748 2
0.000041 9
0.021115 270
0.000620 72
0.000045 59
7.719741 1
0.107426 1
0.184557 1
0.159083 1
0.250560 1
0.120031 1
0.142151 1
0.517656 1
0.064249 1
0.209831 6
2.288271 2
0.000040 9
0.020821 59
0.000452 408
0.000021 47
2.744408 1
0.056131 1
0.271611 1
0.242954 1
0.104244 1
0.354177 1
0.315832 120
2.169549 1
0.161810 1
0.064732 1
0.063570 1
0.249067 1
0.410081 1
0.183900 1
0.228882 1
0.226728 1
0.104856 1
0.134705 1
0.482334 1
0.311349 1
0.129007 1
27.730610 1
0.086027 1
0.206442 1
0.374136 1
0.141734 1
0.529553 1
0.393691 1
0.129154 1
0.140251 1
0.814930 1
0.143067 1
0.254704 1
4.822603 1
0.060270 1
1.036618 1
0.114572 13
0.707923 4
1.024656 11
0.097625 27
3.222949 2
0.021091 50
0.000134 59
2.234286 1
0.081706 1
0.177070 1
0.980546 1
0.095286 1
0.377357 12
0.463806 11
0.003686 50
0.000096 8
0.000047 51
2.183081 11
0.000167 50
0.000082 8
0.000034 51
9.831213 1
0.073839 1
0.129347 1
0.307215 1
0.093205 13
0.413189 2
0.000041 9
0.000218 19
0.000080 8
0.000032 47
3.874791 1
0.130050 1
0.227259 1
0.231382 1
0.246488 1
0.167562 1
0.104963 1
0.108234 1
0.266539 1
0.211266 1
0.078180 1
0.253279 1
0.142198 1
1.112676 11
0.025473 92
4.408579 45
3.745604 183
0.026663 85
2.492412 1
0.077649 1
0.256846 2
0.000710 13
8.499462 1
0.109431 1
0.352717 2
0.102920 241
0.001832 13
3.430172 8
0.011233 74
3.742092 1
0.295310 1
0.618207 1
0.319414 1
0.290354 1
4.032680 1
0.087645 1
0.101170 1
0.054411 1
0.200489 1
0.526751 1
0.147176 1
0.202417 1
0.125850 1
0.158626 1
0.427267 1
0.075152 1
0.206487 1
0.149276 1
0.527809 1
0.114264 1
0.359657 1
0.521235 1
0.394111 1
0.185212 1
0.133252 1
0.117995 1
3.815835 1
0.194913 1
0.032511 1
0.233263 1
0.198708 1
0.160291 1
0.476916 1
0.058259 1
0.930536 1
0.063374 1
0.331976 1
0.144644 1
0.117647 1
1.176560 1
0.256205 1
0.264049 1
0.192014 1
0.400968 1
0.369056 1
0.159172 1
0.156706 1
3.211626 85
0.868192 1
0.151263 1
0.217910 1
0.119112 1
0.257532 1
0.143709 1
0.121255 1
0.118118 1
0.925185 1
0.150368 1
1.178480 1
0.256651 1
0.547036 1
0.105977 1
0.204434 1
0.096652 1
0.830232 4
0.140501 4
0.580987 1
0.117137 1
0.344438 11
0.003243 74
0.948987 85
3.032814 1
0.111854 1
0.278210 1
0.157590 1
0.419918 1
0.696062 1
2.066644 1
0.076261 1
0.155293 3
0.526138 1
0.079248 1
0.173741 4
0.440165 2
0.000042 9
0.000174 64
0.000079 8
0.000106 59
2.871675 11
0.000173 64
0.000082 8
0.000025 59
19.334355 1
0.145703 1
0.049451 1
0.221384 1
0.152521 1
0.673551 1
0.662665 1
0.546619 1
0.081919 1
0.112205 1
1.040215 1
0.344008 1
0.386076 1
0.117068 1
0.277595 1
0.713444 1
0.097376 1
0.445750 1
0.086548 1
0.266578 1
1.151569 1
0.195679 1
1.591914 4
0.649565 4
0.040399 4
0.040035 4
0.040585 4
0.039383 4
0.040429 4
0.040959 4
0.038088 4
0.040756 4
0.039272 4
0.040602 4
0.040074 4
0.039220 4
0.040229 4
0.040572 4
0.039255 4
0.040000 4
0.040601 4
0.039639 4
0.040158 1
0.040051 1
0.040163 1
0.319896 1
0.062525 1
0.258692 1
0.283990 1
0.132757 1
0.161601 1
0.294522 1
0.083193 1
0.244807 2
0.000042 9
0.000209 44
0.000080 8
0.000029 58
2.674911 1
0.169370 1
0.064213 1
0.179927 1
0.153899 1
0.488975 1
0.532535 1
0.453450 1
0.121934 1
0.258398 1
0.559064 1
0.265240 1
0.647024 4
0.166672 4
0.133723 4
0.812459 1
0.370747 1
0.479750 1
0.238209 1
0.148629 1
0.247694 1
0.905478 1
0.113613 1
0.506421 1
0.102735 1
0.284869 1
0.544571 4
0.139259 4
1.302905 1
0.100657 1
0.282140 1
0.000036 4
0.767120 1
0.135427 3
0.688527 1
0.141460 1
0.142177 5
3.889936 1
0.391550 1
0.173846 1
0.084896 1
5.356234 4
0.302842 4
0.362753 4
0.457836 4
0.249195 4
2.741595 1
0.199621 1
0.336329 1
0.139652 1
0.111466 1
0.702642 1
0.739652 1
0.263194 1
0.180404 1
0.127179 1
0.075092 1
0.752289 1
0.194154 1
0.200052 1
0.118795 1
0.954787 2
0.000041 9
0.027933 48
0.000207 49
0.000099 21
0.037776 29
0.001342 31
0.001062 28
0.001322 36
0.000262 2
0.000059 25
0.002566 155
0.006199 3
0.007519 163
0.000503 67
0.038223 2
0.000035 79
0.581290 57
0.316773 191
0.064891 69
0.000180 29
5.428564 10
0.001830 171
0.142125 887
0.001636 40
0.066042 41
0.127199 65
0.241725 6
0.525568 146
0.001121 43
0.211353 35
0.252812 30
0.252358 30
0.153979 55
0.141652 6
1.591369 15
0.662294 144
0.001510 38
0.675622 143
0.000962 97
0.143975 497
0.002402 36
0.373663 133
0.001610 97
0.670644 499
0.000936 38
0.040694 143
0.001031 39
0.037536 209
0.001560 40
0.039754 186
0.001445 41
0.036641 192
0.001613 42
0.040858 198
0.001545 43
1.006094 202
0.001440 27
0.330777 30
0.110564 30
0.125995 55
0.107213 6
0.823410 15
0.374100 63
0.507657 30
0.979634 20
0.118109 35
1.396713 94
0.146224 85
0.757203 97
0.261334 1
0.261230 1
0.219870 1
1.634599 1
0.294091 1
0.551050 1
0.375764 1
0.743653 1
0.125051 1
0.163774 1
0.290949 11
0.040017 191
0.029128 69
0.000130 29
0.674786 10
0.001399 62
0.120545 23
0.114220 41
0.055330 65
0.256985 6
0.446500 15
0.131842 220
0.001235 42
0.228728 191
0.493086 32
0.000826 42
0.259610 30
0.425118 30
0.314203 55
0.130307 6
0.542405 143
0.001300 97
0.090120 497
0.001169 36
0.569850 196
0.651602 40
0.730242 23
0.007301 11
0.042749 191
0.029195 69
0.000126 29
2.241746 19
0.001622 38
0.082406 43
0.001585 43
0.124629 6
0.824375 275
1.188498 16
0.088801 16
0.159263 31
1.771192 20
0.073443 16
0.145271 39
7.708033 23
0.006503 11
0.000196 191
0.043284 96
0.000038 29
3.622862 19
0.001347 42
0.214070 30
0.128090 41
0.056850 44
0.143034 6
1.068575 6
1.071779 6
0.288748 1
0.102478 1
0.037175 1
1.243322 1
0.202793 1
0.183581 1
0.322143 11
0.000207 56
0.000069 191
0.044444 96
0.000132 29
1.287475 23
8.446228 3
0.001511 12
0.649114 10
0.002090 14
0.034195 17
0.001490 16
0.041233 24
0.001457 18
0.037981 31
0.001376 20
0.040982 38
0.001479 22
0.037925 45
0.001189 24
0.038539 48
0.001294 22
0.039934 52
0.001417 23
0.037435 108
0.000884 25
0.041069 107
0.001258 26
0.038662 102
0.000988 47
0.032906 88
1.075599 19
0.001030 47
0.241221 93
0.217110 41
0.210182 30
0.136092 30
0.097619 66
0.143177 1
3.280592 10
0.224838 8
1.731025 1
0.059534 1
1.247816 1
0.143521 1
0.265513 1
1.700941 1
1.022673 1
0.351386 1
0.169978 11
0.969464 7
0.197267 16
0.694640 7
0.254563 1
0.159310 19
1.250835 7
0.131561 1
0.173228 12
0.874267 7
0.301889 1
0.134767 1
0.415113 3
0.144520 3
0.145000 3
0.586561 1
0.057926 1
0.235949 20
1.376659 7
0.145543 7
1.335982 11
0.000309 191
0.047461 96
0.000038 21
0.000027 8
1.991732 19
0.001170 104
0.241373 443
0.001384 26
0.092869 41
0.049427 44
0.125578 6
0.557730 6
0.720978 48
0.118505 1
0.284944 1
0.095865 1
0.486311 8
0.000145 3
0.000251 334
0.000144 191
0.044827 96
0.000130 29
3.946635 20
0.400260 1
0.660347 1
0.040292 1
0.039594 1
0.039533 1
0.950481 11
0.413235 1
0.182808 1
0.453648 60
0.662783 53
0.040402 42
0.037073 85
0.534675 87
0.220646 36
0.284367 55
0.160582 44
0.105930 44
0.136357 80
0.122953 18
1.600459 15
0.138798 15
0.321800 15
0.116586 15
1.134113 15
3.238870 15
0.305994 15
0.202104 25
0.762175 21
0.195209 30
1.472969 21
0.274610 15
0.160059 33
2.064920 21
0.124131 15
0.168283 25
0.702440 21
0.140254 15
0.286560 28
1.127402 21
0.056812 15
0.183110 24
0.709716 17
0.387394 4
0.435629 15
0.893008 11
0.001643 191
0.056436 96
0.000131 29
0.568851 71
0.144675 106
3.265857 101
0.167044 101
2.188736 19
0.000895 95
0.219183 389
0.002244 22
0.136716 41
0.067119 44
0.118986 6
0.620685 6
0.764322 27
0.029314 1
0.332976 1
0.133125 1
0.534005 11
0.000426 14
0.000124 191
0.044850 96
0.000028 29
1.554023 20
0.327891 40
0.792511 19
0.001454 42
0.105708 30
0.390898 67
0.001667 42
0.151398 54
0.731880 19
0.001469 43
0.223937 74
0.001671 74
0.200135 41
0.153669 30
0.063394 30
0.152077 66
0.126481 6
0.565863 329
0.109009 1
0.321009 1
0.171242 1
0.700769 1
0.581734 1
0.379873 1
0.160991 11
0.550853 7
0.185074 16
0.680251 7
0.267266 1
0.142480 19
1.575564 7
0.067287 1
0.181005 46
0.811895 53
0.110201 3
0.524069 1
0.130857 1
0.167974 12
0.617221 7
0.077123 1
0.146095 20
0.479221 7
1.960140 8
0.000017 3
0.000287 191
0.040425 69
0.000027 29
3.817590 19
0.001192 92
0.247923 371
0.001592 22
0.203684 41
0.055613 44
0.128694 6
0.461714 30
0.290579 11
0.000370 48
0.000123 191
0.043771 69
0.000027 29
0.875046 20
0.687111 3
0.001502 12
0.175193 10
0.001423 14
0.232677 17
0.001722 16
0.189544 24
0.001492 18
0.496177 27
0.000851 16
0.177211 6
0.263123 6
0.103114 6
0.540045 11
0.000288 378
0.000104 191
0.036105 90
0.000023 8
0.760052 20
0.467593 3
0.001374 12
0.149434 10
0.001479 14
0.140880 17
0.001502 16
0.384656 24
0.001308 18
0.694104 27
0.000833 22
0.195447 6
0.157906 6
0.125549 6
0.392520 6
0.160302 6
0.213480 6
1.043417 11
0.000314 57
0.000062 191
0.041599 69
0.000039 21
0.000022 8
5.636255 11
0.000203 191
0.040401 98
0.735947 10
0.001230 29
0.124069 42
0.001231 29
0.200033 27
0.098650 21
0.213546 21
0.159415 21
0.128269 83
0.110980 6
0.521868 6
0.241184 48
0.685959 3
0.001693 24
0.382192 6
0.140948 41
0.343528 1
0.133864 1
1.758359 1
1.074254 1
0.807793 1
0.224946 1
0.121874 1
0.183279 1
0.102430 1
0.238127 1
0.257189 1
0.114163 1
0.226590 1
0.094827 1
0.252402 1
0.310099 1
0.173812 1
0.248123 1
0.461899 1
0.416854 3
0.150669 1
0.157161 1
0.504485 1
0.166634 1
0.163247 1
0.171894 1
0.309981 1
0.083893 1
0.150254 1
3.433418 10
0.309049 8
0.113995 1
0.073200 1
0.408835 1
0.152712 1
0.129703 1
0.186361 1
0.557265 1
0.316898 1
0.105958 1
0.185202 1
1.268492 10
0.129966 16
0.223676 16
0.171696 16
0.263752 16
0.207618 16
0.157270 16
0.080581 50
0.868023 1
0.158906 1
0.221941 1
0.121044 1
1.100510 1
0.108245 1
0.207837 1
0.149529 1
0.656604 1
0.110979 1
1.110647 3
0.643452 3
0.040039 3
0.036944 3
0.039266 3
0.048469 3
0.031714 3
0.038586 3
0.040927 3
0.958831 1
0.240910 1
0.146018 1
0.693364 1
0.093381 1
0.205898 1
0.333618 1
0.330014 1
0.095374 1
1.641804 11
0.002299 21
0.000877 191
0.049146 69
0.000028 32
1.719513 10
0.001801 93
0.091159 21
0.205421 27
0.109663 21
0.202428 21
0.174025 21
0.099036 83
0.109962 6
0.220893 6
0.181781 6
0.097072 6
0.180837 6
0.156911 6
0.459754 335
0.006097 11
0.121814 40
15.003337 59
0.000764 191
0.047521 101
2.217109 19
0.001449 42
0.059186 22
0.173124 35
0.002775 11
0.002851 98
0.000468 191
0.062833 69
0.001655 21
0.000021 8
6.976329 19
0.001187 80
0.053193 299
0.001135 27
0.281564 41
0.159173 30
0.536048 96
0.002031 26
0.186243 113
0.001124 27
0.166385 108
0.001184 80
0.152129 286
2.931739 19
0.446734 21
0.785197 1
0.159738 12
1.137090 19
0.001279 47
0.609383 88
2.059901 19
0.001100 84
0.098012 323
0.242408 1
2.278985 1
0.142847 32
0.001528 84
0.624934 323
0.305040 1
2.473302 10
0.109230 16
0.171791 15
0.202724 1
0.122388 1
0.781529 1
0.149392 3
0.327381 20
0.146273 19
0.159492 8
5.000375 1
0.706474 2
0.935477 52
0.882465 4
1.387856 30
0.837645 30
0.646871 30
0.230571 30
0.136449 30
0.141996 30
0.187757 30
1.965822 30
0.090369 30
0.177963 30
0.135084 30
0.296893 30
0.400822 30
0.161575 30
0.126935 30
0.137712 30
0.133318 30
0.523466 30
0.121234 30
0.193999 30
0.365596 30
0.171066 30
0.176680 30
1.413072 30
0.115891 30
0.158886 30
0.408468 30
0.107412 30
0.120473 30
0.164987 30
0.688849 30
0.081598 30
0.442394 30
0.131609 30
0.634837 30
0.174255 30
0.217261 30
0.335045 30
0.160528 30
0.120473 30
0.154616 30
0.122253 30
0.642067 30
0.123439 30
0.079243 30
0.180525 30
1.968443 30
0.698947 11
0.001991 75
0.000542 191
0.039288 69
0.000038 26
0.000024 8
2.852492 19
0.001949 83
0.060298 22
0.243532 6
0.192301 290
0.001215 12
0.129638 21
0.363505 16
0.438107 11
0.000353 191
0.040347 95
0.000027 29
1.838551 19
0.001480 80
0.133601 22
0.080740 41
0.114518 65
0.249765 6
0.554353 19
0.128410 30
0.251211 30
0.238344 30
0.132234 55
0.134845 6
0.515688 6
0.206933 209
0.002096 96
0.126215 6
0.905193 485
0.093472 1
0.210005 1
1.090682 1
0.114604 1
0.120693 1
0.634577 1
0.105759 1
0.110440 1
0.806004 1
0.093955 1
0.226903 1
1.274435 10
0.081897 16
0.716271 41
1.117529 23
0.576209 8
0.000018 3
0.045534 191
0.029754 95
0.000136 29
1.629387 19
0.001553 40
0.089184 22
0.536114 6
0.569188 29
0.082894 16
0.104491 39
0.508034 23
0.005538 11
0.000334 191
0.044275 69
0.000037 29
2.165372 11
0.000210 191
0.035618 69
0.000037 21
0.000027 8
0.537527 19
0.001239 47
0.102099 30
0.197480 41
0.118217 30
0.214123 30
0.147209 30
0.117016 77
0.157041 6
0.461158 30
1.414270 1
0.001749 69
1.340583 6
0.465814 6
6.081141 317
0.333236 1
0.283231 1
0.175665 1
5.128474 57
3.420237 355
1.824106 323
0.380097 1
0.658892 1
0.040377 1
0.040322 1
0.042111 1
0.038956 1
0.040961 1
0.039413 1
0.040837 1
0.039827 1
0.039835 1
0.040013 1
0.040106 1
0.040858 1
0.039295 1
0.039288 1
0.040896 1
0.039894 1
0.039414 1
0.039908 1
0.039777 1
0.040276 1
0.041008 1
0.039158 1
0.039862 1
0.039543 1
0.040058 1
0.040160 1
0.040786 1
0.038723 1
0.040619 1
0.041299 1
0.038949 1
0.039552 1
0.040383 1
0.041794 1
0.038819 1
0.039182 1
0.040920 1
0.038914 1
0.040596 1
0.039556 1
0.040746 1
0.039753 1
0.039733 1
0.040262 1
0.040472 1
0.039464 1
0.039814 1
0.040450 1
0.039897 1
0.202850 1
0.387964 59
0.670900 59
0.040658 59
0.034948 59
0.038269 59
0.043947 59
0.038590 59
0.040245 59
0.035338 59
0.043833 59
0.037598 59
0.045986 59
0.034460 59
0.041397 59
0.043214 59
0.032560 59
0.044914 59
0.036206 59
0.039607 59
0.040385 59
0.044042 57
0.042900 59
0.040410 59
0.033216 59
0.037015 59
0.045886 59
0.037549 59
0.042196 59
0.040645 59
0.040256 59
0.034440 59
0.037844 59
0.040516 59
0.043101 59
0.039045 59
0.039217 59
0.037641 59
0.050784 59
0.036891 59
0.036065 59
0.038109 59
0.042532 59
0.036801 59
0.043926 59
0.035575 59
0.043345 59
0.042069 59
0.042953 59
0.029952 59
0.271235 59
0.928408 58
0.376185 11
0.002017 21
0.000574 191
0.039592 69
0.000027 32
1.205021 19
0.001554 106
0.117864 30
0.208211 41
0.151106 30
0.240042 30
0.130410 30
0.114735 77
0.126583 6
0.659336 6
0.153755 6
0.128830 6
0.190948 6
0.138516 6
0.486486 6
1.201989 353
0.003976 11
0.001707 92
0.776740 45
0.999384 151
0.000476 191
0.044914 69
0.000033 32
9.361607 24
0.961615 5
0.662434 101
0.166200 112
0.086532 95
0.111640 101
0.211147 163
0.923625 8
0.000061 3
0.044040 51
0.090747 40
15.004130 59
0.003705 191
0.045025 69
0.000030 32
2.806267 19
0.001554 48
0.104876 30
0.215286 41
0.347759 95
0.563849 32
0.001736 26
0.796314 30
0.291570 30
0.137765 30
0.115254 77
0.118668 6
0.448146 6
0.141970 6
0.229494 27
0.130121 1
0.302285 1
0.152139 1
0.188047 1
0.134713 1
0.554547 11
0.002327 50
0.000286 191
0.050791 69
0.000028 32
1.138853 26
0.333098 1
0.325190 1
0.194125 1
0.165029 1
0.332468 1
0.516825 13
0.340558 4
0.654587 9
0.102871 8
0.000134 3
0.007346 191
0.055823 69
0.000184 21
0.000066 8
0.907410 11
0.000246 191
0.046360 69
0.000026 29
1.091216 19
0.001324 53
0.079641 22
0.644699 107
0.003354 8
0.000019 3
0.045562 10
2.358828 2
0.088164 63
0.000425 8
0.000071 53
1.165814 1
0.076084 1
0.297866 78
0.833147 1
0.120723 1
0.129890 11
0.014894 216
0.000511 67
3.796334 1
0.097870 1
0.602830 1
0.271922 1
0.150522 1
0.736455 1
0.306870 2
0.000039 9
0.000190 18
0.000076 8
0.000034 41
1.270107 1
0.158455 1
0.063502 1
0.126053 1
0.256578 1
0.414761 1
0.138419 1
0.243689 1
0.219685 1
0.128267 1
0.125327 1
0.847000 1
0.836752 4
0.340378 4
0.177460 4
0.157679 4
0.154571 4
0.158930 4
0.135244 4
0.625125 1
0.587933 4
0.685912 1
0.147606 1
0.229254 1
0.235288 1
0.143641 1
0.125972 1
0.354149 1
0.223072 1
0.133872 1
0.549819 1
0.099066 1
0.099814 1
0.699160 1
0.094262 1
0.150698 1
0.603382 1
0.145203 1
0.121424 1
0.432063 1
0.038734 1
0.194074 1
1.021778 1
0.091946 1
2.161459 1
0.187865 1
3.440156 4
0.653298 4
0.038901 4
0.040317 4
0.040313 4
0.039678 4
0.040497 4
0.039748 4
0.040414 4
0.039861 4
0.040229 4
0.039858 4
0.040501 4
0.039447 4
0.040167 4
0.039493 4
0.039714 4
0.041042 4
0.038921 4
0.040360 4
0.040205 4
0.039956 4
0.039678 4
0.040599 4
0.039194 4
0.040428 4
0.039662 4
0.039973 4
0.040694 4
0.039507 1
0.040655 1
0.040282 1
0.039875 1
0.039521 1
0.782125 1
0.066992 1
0.123911 78
0.747700 1
0.138837 1
0.132450 1
0.181083 85
4.160416 1
0.118169 1
0.569165 1
1.659033 1
0.150630 1
0.386625 78
1.590099 1
0.157608 1
0.104143 1
0.030384 1
0.332641 1
0.600059 1
0.137266 1
0.239720 1
0.402687 4
0.657028 4
0.042307 4
0.040234 4
0.039248 4
0.040067 4
0.040583 4
0.039530 4
0.040157 1
0.040504 1
0.039087 1
0.424588 1
0.128238 1
0.248408 1
0.246031 1
0.193759 1
0.139145 1
0.392051 1
0.195439 1
0.127607 1
0.559544 1
0.126671 1
0.090240 1
0.742558 1
0.089997 1
0.168686 1
0.485710 1
0.137589 1
0.130820 1
0.839510 1
0.069574 1
0.138679 1
4.237485 1
0.275093 1
0.226756 1
0.103568 1
0.201627 1
0.248012 1
0.302920 4
0.145886 4
0.102237 1
0.261783 11
0.009765 18
0.000150 49
2.641503 1
0.082382 1
0.139610 78
0.676017 1
0.274065 2
0.000046 9
0.000859 28
0.000534 18
0.000087 8
0.000030 41
0.952750 1
0.091455 1
0.164829 11
0.000411 18
0.000265 8
0.000041 41
1.960991 1
0.131224 1
0.125631 1
0.449549 1
0.123988 1
0.218925 11
0.001471 35
0.000411 18
0.000087 8
0.000035 41
6.184000 1
0.146825 1
0.139102 1
0.064907 1
0.286082 1
1.068692 4
0.669684 4
0.040007 4
0.040153 4
0.039707 4
0.040325 1
0.040063 1
0.039975 1
0.429963 1
0.065254 1
0.123464 1
0.487719 1
0.291762 1
0.140582 3
0.650514 1
0.129021 8
4.131474 1
0.265296 1
0.132734 11
1.413673 1
0.072173 1
0.227185 1
0.481650 4
0.313030 4
1.176486 1
0.105866 1
0.116174 4
0.608930 1
0.029692 1
0.106538 12
0.711598 135
0.790948 1
0.076333 1
0.677965 1
0.144489 1
0.300302 1
0.109726 1
0.151504 1
1.657479 1
0.096126 1
0.107690 1
1.097161 1
0.122066 1
1.946548 1
0.132928 1
0.924589 1
0.111124 1
0.530248 2
0.000043 9
0.000387 42
0.000106 63
0.000076 8
0.000033 53
3.490455 1
0.274897 1
0.220897 1
0.206622 1
0.173077 3
0.566143 1
0.925766 1
0.472845 1
0.135133 3
1.590005 1
0.160097 8
1.073711 1
0.253321 1
0.160389 11
1.125618 1
0.090308 1
0.179433 4
0.894752 1
0.080823 1
0.147318 12
0.920927 11
0.019795 74
0.000351 63
0.000095 61
10.580627 17
0.001686 191
0.042465 69
0.000027 33
2.314499 19
0.001168 34
0.142405 30
0.099961 33
0.157734 11
0.000162 48
0.000095 191
0.042704 69
0.000120 29
0.991396 19
0.001574 50
0.035615 22
0.367003 6
1.915436 92
0.001741 14
0.128484 21
1.153693 21
0.288403 8
0.000055 3
0.000412 191
0.046558 95
0.000159 21
0.000063 8
0.812226 25
0.159480 50
0.298067 27
0.296545 38
0.566605 66
0.166234 25
0.159133 38
0.166770 43
1.205598 19
0.001051 32
0.132708 22
0.114295 41
0.001351 31
0.068838 65
0.245908 6
0.684816 102
0.001553 27
0.262479 30
0.181023 30
0.203356 30
0.243513 30
0.162416 66
0.123132 6
1.662610 43
0.001488 24
0.661748 117
0.001326 22
0.040569 83
0.001186 23
0.034145 90
0.001034 25
0.038857 96
0.001124 26
0.040903 102
0.001425 27
0.037118 88
0.001139 29
0.041237 89
0.003173 30
0.033468 164
0.001219 31
0.038548 139
0.040672 28
0.000998 32
0.035815 19
1.365181 25
0.202678 50
0.151438 27
0.138601 38
0.227327 12
0.232504 115
0.242445 112
0.441143 58
0.343225 179
0.462358 191
0.621134 538
0.637807 525
0.336206 35
0.233983 55
0.334941 118
0.351757 17
0.697133 8
1.502613 8
0.436640 11
0.436020 8
0.000192 3
0.000314 57
0.000180 191
0.045363 95
0.000027 29
8.308853 23
0.338815 3
0.001610 12
0.650661 10
0.001733 14
0.035750 17
0.000929 16
0.040946 24
0.001399 18
0.039555 51
0.038342 38
0.001466 22
0.245459 45
0.000797 24
0.593061 48
0.001490 16
0.460015 20
0.073518 1
0.856650 3
0.131043 3
0.002230 16
0.176177 6
0.475136 12
0.286329 8
0.000136 3
0.000475 378
0.000158 191
0.044232 95
0.000028 29
0.581104 20
0.443360 3
0.001308 12
0.153751 10
0.001699 14
0.186772 17
0.001433 16
0.180661 24
0.001661 18
0.529794 27
0.001315 16
0.115661 6
0.241861 6
0.124204 6
0.584583 11
0.000215 48
0.000039 191
0.039340 95
0.000041 29
3.139983 11
0.000257 191
0.047026 95
0.000029 29
0.642042 19
0.001097 32
0.108747 22
0.093556 41
0.002116 31
0.084510 65
0.223523 6
0.580951 89
0.576031 11
0.034579 51
0.496601 45
0.983144 117
0.003125 191
0.055141 95
0.000158 24
0.000063 8
6.557279 11
0.000312 191
0.042593 95
0.000036 24
0.000023 8
1.069004 19
0.301454 21
0.812588 1
0.300559 1
0.276422 1
0.710822 1
0.074588 1
0.156328 1
0.192287 1
1.083324 1
0.141587 1
0.470580 10
0.088995 8
0.157678 1
0.124611 1
0.483199 1
0.073203 1
0.188365 1
0.121240 1
0.422394 1
0.022382 1
0.268716 1
0.115897 1
0.551978 1
0.063869 1
0.211589 1
0.304691 1
0.159065 1
0.076434 1
0.290252 1
0.221137 1
0.209314 1
0.158275 1
0.152650 1
0.105009 1
0.149976 1
0.267600 1
0.680891 11
0.000273 21
0.000086 191
0.035626 119
0.000016 8
3.600272 19
0.001385 85
0.297021 329
0.495294 1
0.793500 41
0.460970 30
1.488978 30
0.239591 30
0.166372 30
0.062031 30
0.132548 30
0.203565 30
1.702934 30
0.118231 30
0.262805 30
0.329970 30
0.537341 30
0.126856 30
0.089687 30
0.084159 30
0.193457 30
0.221236 30
0.105610 30
0.100218 30
0.520918 30
0.097518 30
0.233750 30
0.140749 30
0.122440 30
0.228612 30
0.814729 30
0.108370 30
0.110020 30
0.116351 30
0.220281 30
0.106001 30
0.207465 30
0.260671 30
0.088598 30
0.133245 30
0.121376 30
0.132296 30
0.365090 30
0.160596 30
0.148961 30
0.713008 8
0.000018 3
0.002476 67
0.000688 191
0.048661 95
0.000029 34
1.251217 11
0.041081 2
0.000157 72
0.001702 68
0.008661 64
0.022147 50
0.002322 60
0.009405 44
0.000106 8
0.000113 58
5.816581 17
