0.233842 19
0.000596 8
0.000058 47
1.312231 1
0.076736 1
0.125824 1
0.701431 1
0.460008 1
0.104843 1
0.069579 1
0.720817 90
2.175966 1
0.104057 1
0.146903 1
1.736815 1
0.109847 11
0.001541 4
0.000403 22
0.000069 8
0.000031 49
1.024755 4
0.439435 4
0.544711 1
0.119920 2
0.000057 9
0.002444 4
0.000543 22
0.000102 8
0.000042 49
0.696570 4
0.759612 1
0.532988 1
0.151423 4
0.420385 11
0.001465 41
0.000409 22
0.000093 8
0.000039 49
0.897998 10
0.270254 10
0.606335 5
0.148320 5
0.103663 5
0.077626 5
0.256230 5
0.337720 3
0.167741 3
0.416974 21
0.126975 21
0.637365 17
0.247844 17
0.331147 17
0.164279 17
0.174692 11
0.028124 27
2.663764 2
0.019877 21
0.000104 83
0.004258 22
0.000186 8
0.000094 49
1.142018 17
1.523657 4
0.658192 4
0.039771 4
0.040276 4
0.039933 4
0.690364 4
0.394210 1
0.577833 3
0.157193 3
0.129527 3
0.307263 11
0.041292 29
0.000010 23
0.000008 2
0.002135 22
0.000038 8
0.000022 49
0.941290 14
2.103998 4
0.122536 1
0.233274 11
0.031338 31
0.000024 21
0.000008 2
0.005276 79
0.574099 14
0.291504 1
0.292190 3
0.400325 4
0.120429 1
0.211941 11
0.032682 41
0.002559 22
0.000169 8
0.000036 49
9.362495 1
0.694492 1
0.534668 1
0.320059 1
0.271365 1
4.927455 1
0.406547 1
0.222387 1
0.790892 1
0.213492 1
0.100390 1
0.157126 1
0.738162 4
0.173636 4
0.171080 4
0.737289 4
1.124497 1
0.075335 1
0.153085 1
0.764144 1
0.094101 1
0.131025 1
0.113930 1
1.142558 1
0.090844 1
0.211390 1
0.143103 1
0.220964 1
0.167048 1
0.041631 1
0.162846 1
0.418291 1
0.155030 1
0.071091 1
0.179359 1
0.167811 1
0.268522 1
0.310765 1
0.096472 1
0.281412 1
0.107143 1
0.188687 1
0.129437 1
0.513130 1
0.237326 1
0.247068 1
0.190580 1
0.086218 1
0.168672 1
0.241323 1
0.140702 1
0.101597 1
1.708201 90
0.645134 1
0.741497 1
1.010701 1
0.784691 1
0.121534 1
0.605639 1
0.199305 1
0.246678 1
0.492197 1
0.174266 1
0.232868 1
0.463182 1
0.498540 1
0.258246 1
0.077406 1
0.337950 1
0.125508 1
0.502693 1
0.090295 1
0.675690 1
0.279483 1
0.148735 1
0.190221 1
0.428179 1
0.130017 1
0.270480 1
0.126206 1
0.248805 1
0.155558 1
0.452710 1
0.315005 1
0.439394 1
0.092585 1
0.310173 1
0.126922 1
0.339003 1
0.188616 1
0.324503 1
0.699125 1
0.525423 4
0.421074 1
0.341359 1
0.196085 1
0.217924 1
0.114655 1
0.381431 1
0.083439 1
0.208268 1
0.262688 1
0.337716 1
0.146683 1
0.090093 1
0.095413 1
0.444615 1
0.157233 1
0.131608 1
0.131216 1
0.195790 1
0.061966 1
0.086276 1
0.161389 1
0.824946 1
0.082082 1
0.270207 1
0.095017 1
0.240501 1
0.077432 1
0.532768 1
0.136437 1
0.602509 1
0.124475 1
0.309265 1
0.257413 1
0.143388 1
0.155155 1
0.569576 90
1.274522 17
