0.317651 19
0.000324 8
0.000084 47
1.068290 1
0.354981 1
0.772776 1
0.217219 1
0.249139 1
0.135591 1
0.608450 1
0.168878 1
0.862232 1
0.137280 1
0.070197 1
0.189247 1
0.125554 1
0.191896 1
0.483643 4
0.421528 1
0.209516 1
0.212312 1
0.143338 1
0.768153 1
0.123418 1
0.112058 1
0.168970 1
0.154497 1
1.293112 4
0.152503 4
0.150754 4
0.148405 4
0.135397 4
0.141223 4
0.495489 1
0.225729 1
0.264231 1
0.283449 1
0.110751 1
0.534568 1
0.114857 1
0.188367 1
0.116645 1
0.100652 1
1.038901 1
0.070760 1
0.226358 1
0.470531 1
0.093843 1
0.206163 1
0.091682 1
0.847198 1
0.092695 1
0.291920 1
0.122629 1
0.364754 4
0.123654 4
0.050658 1
0.081220 1
0.576665 1
0.345094 1
0.194617 1
0.295277 1
1.241335 1
0.482264 1
0.225904 1
0.225304 1
0.446584 1
0.153988 1
0.140047 1
0.211091 1
2.269408 1
0.127349 1
0.191042 1
0.244934 1
0.166695 1
0.335216 1
0.102170 1
0.152418 1
0.829392 1
0.224476 1
0.026361 1
0.087235 1
0.273520 1
0.333537 1
0.079644 1
0.148650 1
0.096965 1
0.157844 1
0.159069 1
0.158868 1
0.493673 1
0.071764 1
0.176492 1
0.094641 1
0.225090 1
0.223733 1
0.202397 1
0.272969 2
0.000030 9
0.000123 19
0.000058 8
0.000055 47
0.815572 1
0.152409 1
0.287118 1
0.903919 1
0.107744 1
0.175996 1
0.252915 1
0.816629 1
0.193450 1
6.879389 1
0.187959 1
0.126171 1
0.888587 1
0.090390 1
0.144409 1
1.135437 1
0.115883 1
0.075665 1
0.235045 1
0.424620 1
0.533893 4
0.825190 1
0.283825 1
0.289044 1
0.196584 1
0.154058 1
0.275463 1
0.191442 1
0.178769 1
0.367589 1
0.261704 1
0.070086 1
0.517392 1
0.136221 1
0.252441 1
0.118270 1
0.165998 1
0.097830 1
0.309591 85
0.818508 1
0.155661 1
0.141589 1
0.284219 1
0.787710 1
0.356008 1
0.565803 1
0.100246 1
1.075799 4
0.134928 4
0.450509 1
0.174796 1
0.519893 4
0.143394 4
1.147122 1
2.322352 1
0.318782 1
0.313566 1
0.488863 4
0.025091 1
0.097820 1
0.298820 1
1.685342 4
0.185597 4
0.152138 4
0.162121 4
0.272359 4
0.301874 4
0.476192 4
0.357579 4
0.650957 4
0.040717 4
0.040323 4
0.041624 4
0.040127 1
9.495392 2
0.000038 9
0.000135 19
0.000100 8
0.000132 47
31.709673 1
0.264456 1
0.589942 1
0.262644 1
0.118524 1
0.209909 1
0.550613 1
0.210270 1
0.284024 1
0.149311 1
0.122636 1
0.163847 1
0.396287 1
0.216236 1
0.115465 1
0.221602 1
0.808540 4
0.146995 4
0.134027 4
0.575870 1
0.171328 1
0.130219 1
0.198623 1
0.555188 1
0.605267 1
0.835555 4
0.644809 114
0.870173 215
2.833820 1
0.335340 1
0.151506 1
0.155741 1
0.106421 1
0.655395 1
0.061479 1
0.630867 1
0.086814 1
0.146056 1
0.101560 1
0.211782 1
0.137522 1
0.193962 1
0.167797 85
3.211675 1
0.081485 1
0.086027 1
0.568378 1
0.326741 1
0.103238 3
1.145279 1
0.120584 8
1.755543 1
0.622025 4
1.007807 1
0.243550 1
0.103681 11
1.300183 1
0.166452 1
0.138931 4
0.539642 1
0.101287 1
0.115077 12
0.552215 2
0.000042 9
0.000202 64
0.000081 8
0.000031 59
9.752952 1
0.124084 1
0.186406 1
0.174411 1
0.124038 1
0.191657 1
2.711610 1
0.113523 1
0.202597 1
0.166638 1
0.269639 1
0.136536 1
0.199420 1
0.118085 1
0.723627 4
1.010698 1
3.099595 1
0.085247 1
0.297294 1
5.195002 2
0.000039 9
0.013658 131
1.063645 1
0.081697 1
0.177316 1
0.540098 1
0.113430 1
0.181606 1
0.283459 1
0.000017 5
0.846926 1
0.192470 1
0.183623 2
0.431927 152
1.479048 1
0.086204 1
0.667869 1
1.744919 1
0.209213 1
0.649548 1
0.321362 1
0.256855 1
0.151292 1
1.761453 1
0.403523 1
0.277617 1
0.192377 4
0.175024 4
0.139875 4
0.178741 4
2.810166 4
0.146877 4
1.370447 1
0.397628 1
0.374075 1
0.352841 1
0.050545 1
0.148515 7
12.903628 1
0.115560 1
0.213846 1
0.223891 1
0.127093 33
0.852180 1
0.599991 11
0.179667 76
0.000131 65
1.062343 1
0.220493 1
0.111945 1
0.648255 4
0.156538 4
0.158340 4
0.199992 1
6.993085 1
0.177894 1
0.122326 1
0.809724 1
0.130470 1
1.583180 1
0.167057 1
0.143211 1
0.262163 34
1.467446 1
0.144842 1
0.234834 1
0.134520 1
0.633575 1
0.376286 1
0.267685 1
0.373903 4
0.117143 4
0.419967 1
0.255316 1
0.107315 1
0.820537 1
1.379832 1
0.072160 1
0.722784 1
14.644705 4
0.153743 4
0.149347 4
7.548422 1
0.082549 1
0.231090 1
2.173274 1
0.165664 1
0.474552 1
0.144735 1
0.351308 1
0.181391 1
0.885134 1
0.254457 1
0.183597 1
0.152544 1
0.907753 1
0.302278 1
0.124575 1
0.458095 11
1.901743 76
0.000146 65
8.993918 1
0.181912 1
0.152985 1
0.519162 1
0.643005 1
0.426653 1
0.370189 1
0.141622 1
0.636610 1
0.093889 1
0.241024 1
1.284002 1
0.101913 1
0.296747 8
0.999096 2
0.000186 9
22.739593 76
0.000110 8
0.000046 57
3.991197 1
0.125938 1
0.107633 1
0.125196 1
0.135390 1
0.502638 4
0.125331 4
0.143776 4
0.151740 4
0.155356 4
0.412770 1
0.193472 1
0.108583 1
0.075569 1
0.170554 1
0.243563 1
0.656443 4
0.176523 4
0.129499 4
0.164918 4
0.161701 4
0.146132 4
0.531170 1
0.124866 1
0.216630 1
0.402420 1
0.106367 1
2.021369 1
0.051955 1
0.655238 1
0.094772 1
0.146532 2
0.549704 1
1.030672 1
0.251090 1
0.108435 1
0.143682 1
0.117768 1
0.310691 1
0.379737 1
0.120572 1
0.163218 1
0.125223 1
0.818033 2
0.000031 9
0.008296 36
0.144915 76
0.000202 65
0.592251 22
1.591379 1
0.475983 11
0.017007 34
0.000173 2
0.021768 56
0.000312 49
0.002954 61
0.000172 60
0.000085 64
0.000088 62
0.000089 61
0.000113 62
0.000073 57
0.000072 60
0.000145 66
0.000088 63
0.000114 57
0.000076 61
0.000142 56
0.000068 62
0.000111 59
0.000098 60
0.000094 62
0.000112 60
0.000149 64
0.000117 64
0.000063 57
0.000177 59
0.000227 62
0.000081 63
0.000088 69
0.000069 63
0.000066 61
0.000058 60
0.000061 62
0.000090 59
0.000154 58
0.000124 69
0.000134 62
0.000170 62
0.000109 57
0.000081 58
0.000088 64
0.000132 63
0.000079 64
0.000070 63
0.000086 63
0.000070 54
0.000059 57
0.000068 56
0.000070 65
0.000159 65
0.000108 62
0.000065 58
0.124627 76
0.000145 8
0.000024 57
3.039783 23
0.805259 4
0.785567 1
1.392961 1
0.127201 1
0.173572 1
0.859486 1
0.120932 1
0.453231 1
0.446377 11
0.138904 76
0.000148 65
1.037399 29
0.416110 4
0.152926 4
0.147824 4
0.155267 4
0.149705 4
0.135105 4
0.530272 1
0.290334 11
0.014589 56
0.118354 141
12.690302 1
0.080448 1
0.908950 4
0.141418 4
1.100578 1
0.417104 1
0.328107 1
1.338557 4
0.163217 4
0.147503 4
0.095698 1
0.354462 1
0.161699 1
0.071147 1
0.144122 1
0.258709 1
0.605230 4
0.135876 4
0.139438 4
0.134496 4
0.154695 4
0.117303 1
0.351087 1
0.069536 1
0.251543 1
2.350688 1
0.559367 4
0.529242 1
0.091530 1
0.784925 1
0.127125 1
0.162604 2
1.849484 1
0.062093 1
0.167168 2
0.705586 1
0.129149 1
0.131095 1
0.166641 1
0.461272 1
0.704415 1
0.128596 1
0.556269 1
3.583256 4
0.293610 4
0.163094 4
0.099066 4
0.187505 4
0.154915 4
0.145548 4
0.165338 4
0.483572 1
0.259500 1
0.246783 1
0.155614 1
0.971449 1
0.198130 4
0.537659 1
0.100213 1
0.149423 1
0.258993 5
3.524481 1
0.118218 1
0.120921 2
0.592019 1
0.069820 1
0.135735 2
0.606742 1
0.102746 1
0.187419 1
0.822765 1
0.179501 2
3.967302 1
0.259853 1
0.079995 1
0.266123 1
0.822227 1
0.641383 1
0.506704 4
0.146250 4
0.201566 4
0.102762 4
0.606457 1
0.649889 4
2.930034 1
0.107492 1
0.220753 1
0.263074 1
0.156454 1
0.172869 1
0.501355 1
0.193428 1
0.096380 1
0.257049 1
0.769294 4
0.142083 4
0.281059 4
0.173445 4
0.189474 4
0.601886 1
0.077215 1
0.289363 6
0.888194 1
10.662723 1
0.090791 1
0.180531 2
0.719815 1
0.045729 1
0.171503 2
0.607562 5
4.380555 11
0.015153 57
0.000035 21
0.000342 76
0.000058 8
0.000018 57
1.593469 63
0.368146 63
0.615958 5
0.193906 5
0.072166 5
0.338163 5
0.185587 5
0.909611 2
0.000041 9
0.430766 27
2.815082 2
0.069518 86
0.020158 76
0.000140 8
0.000064 57
10.093321 68
0.664052 4
0.655011 4
0.041093 4
0.040216 4
0.040345 4
0.040665 4
0.039773 4
0.039306 4
0.039898 4
0.040552 4
0.039690 4
0.040347 4
0.040102 4
0.039970 4
0.039590 4
0.040185 4
0.040296 4
0.040028 4
0.040472 4
0.039056 4
0.039976 4
0.040006 4
0.039275 4
0.040964 4
0.244525 4
0.464826 1
0.340874 1
0.130196 3
1.310435 1
0.272798 8
1.096461 1
0.256687 1
0.120684 11
0.659164 1
0.108617 1
0.154592 1
2.534631 1
0.672704 1
0.040307 1
0.040107 1
0.039586 1
0.040435 1
0.039364 1
0.039850 1
0.041090 1
0.039590 1
0.039775 1
0.040079 1
0.039966 1
0.040451 1
0.039801 1
0.040172 1
0.039729 1
0.039691 1
0.040636 1
0.039370 1
0.040559 1
0.039409 1
0.039837 1
0.040675 1
0.039295 1
0.040483 1
0.039571 1
0.040138 1
0.039575 1
0.040535 1
0.040566 1
0.039495 1
0.039606 1
0.040713 1
0.039282 1
0.040812 1
0.039127 1
0.040335 1
0.040380 1
0.039970 1
0.039488 1
0.041551 1
0.039014 1
0.040288 1
0.039316 1
0.040377 1
0.039586 1
0.040252 1
0.040355 1
0.039708 1
0.040235 1
0.039965 1
0.039590 1
0.040199 1
0.040065 1
0.040308 1
0.039191 1
0.039761 1
0.040387 1
0.040155 1
0.040245 1
0.352010 1
0.164364 1
0.156174 1
1.434755 5
0.658023 5
0.040678 5
0.039260 5
0.042429 5
0.039751 5
0.040204 5
0.039945 5
0.040396 1
0.039813 1
0.040090 1
0.039848 1
0.511543 5
0.090228 5
0.189033 5
0.787434 192
3.005149 4
0.144984 4
0.727316 1
0.131476 1
0.135072 4
0.742186 1
0.044100 1
0.187687 12
1.273935 1
0.115109 1
0.096322 1
0.317585 1
0.000021 5
2.342487 1
1.894743 1
0.140142 3
0.565152 1
0.059865 1
0.151178 2
0.626197 1
0.089052 1
0.173571 3
0.684858 2
0.000234 9
0.002717 122
0.000656 141
3.620252 1
0.137108 1
0.198779 1
1.577750 1
0.553783 1
0.114944 3
0.897827 1
0.137969 1
2.118086 1
0.213249 7
0.838159 1
0.540282 1
0.149647 11
1.290527 1
0.101239 1
0.165173 4
1.072422 1
0.128574 1
0.113706 12
1.321221 1
0.124040 1
0.096669 1
0.246290 6
0.936144 1
0.422888 1
0.075796 1
0.096320 2
0.686832 1
0.070485 1
0.135846 2
0.531438 1
0.129880 1
0.116338 3
0.511038 2
0.000041 9
0.001922 122
6.093330 1
0.533541 2
0.002551 76
0.000209 65
1.536951 72
0.158641 337
0.632316 11
0.002613 76
0.000060 8
0.000040 57
8.661866 1
0.087361 1
0.212855 1
0.153529 1
0.144116 1
0.223570 142
1.954332 1
0.137333 1
0.226089 1
0.140333 1
0.293438 1
0.113881 1
0.153109 1
0.597788 1
1.287981 4
0.499620 1
0.137311 1
0.151905 6
0.482785 11
0.004977 59
0.000049 381
0.000271 74
1.146836 1
0.123342 1
0.197759 1
0.148772 1
0.231349 1
0.126851 1
0.133110 1
0.147888 1
0.375756 1
0.168803 1
0.089443 1
0.204955 1
0.149308 1
0.593428 11
1.330532 183
0.005667 77
1.052832 1
0.092464 1
0.176773 2
0.000461 13
1.739620 1
0.141537 1
0.143897 1
0.122655 1
0.320100 1
0.443623 1
0.157415 1
0.226985 1
0.127558 1
0.241655 1
0.052902 1
0.277934 2
1.281388 32
0.000229 76
0.000122 64
0.000112 53
0.000109 59
0.000110 52
0.000105 60
0.000162 58
0.000122 75
0.000110 66
0.000108 61
0.000105 53
0.000108 50
0.000104 46
0.000109 46
0.000102 70
0.000112 61
0.000107 53
0.000107 61
0.000109 74
0.000103 65
0.000097 51
0.000100 72
0.000106 37
0.000101 47
0.000140 49
0.000085 52
0.000075 57
0.000080 57
0.000074 53
0.000072 38
0.000075 49
0.000074 41
0.000072 58
0.000077 68
0.000076 69
0.000080 69
0.000075 56
0.000081 50
0.000077 72
0.000126 56
0.000164 43
0.000103 140
0.000027 231
0.000027 47
0.000087 178
0.000080 150
0.000069 542
0.000041 1235
0.000033 1149
0.000230 510
0.000080 4095
0.000080 1998
0.000037 347
0.004785 13
3.197059 1
0.229282 1
0.125372 1
0.125408 1
0.250765 1
1.287325 1
0.161993 1
0.169724 1
0.130481 1
0.140731 1
0.713243 1
0.443731 1
0.137251 1
2.652773 1
0.069859 1
0.155151 1
0.092941 1
0.183052 1
0.104390 1
0.704206 1
0.476813 1
0.137899 1
0.092635 1
1.176248 1
0.395389 1
0.063808 1
0.326927 1
0.131991 1
0.130458 1
0.496333 1
0.261481 1
0.153752 1
0.130973 1
0.049161 1
0.110592 1
0.923988 1
0.349373 1
0.151296 1
0.405043 1
0.127075 1
0.219668 1
0.025564 1
0.589401 2
0.120098 30
0.000101 1
0.000042 46
0.000042 10
0.000046 10
0.000039 15
0.000039 8
0.000038 9
0.000038 8
0.000038 8
0.000037 8
0.000039 7
0.000053 8
0.000051 12
0.000050 13
0.000051 13
0.000050 12
0.000052 13
0.000051 8
0.863248 9
0.000074 18
0.000056 25
0.000055 15
0.000051 12
1.008564 8
0.000306 71
0.931345 5
0.000194 2
0.000097 1
0.000054 1
0.000132 3
0.000055 1
0.000124 3
0.000070 1
0.000131 1
0.000054 1
0.000092 1
0.000055 1
0.000092 1
0.000053 1
0.000090 1
0.000053 1
0.000090 1
0.000074 1
0.000034 1
0.000081 1
0.000035 1
0.000080 1
0.000033 1
0.000145 2
0.000064 1
0.000021 1
0.000052 1
0.000023 1
0.000054 1
0.000022 1
0.000053 1
0.000022 1
0.000052 1
0.000024 1
0.000053 1
0.000022 1
0.000053 1
0.000023 1
0.000054 1
0.000021 1
0.000071 5
0.000022 9
0.000071 5
0.000021 9
0.000070 1
1.061230 79
0.006901 478
0.079004 3
0.000085 3
0.000077 3
0.000075 3
0.000074 3
0.000073 3
0.000072 3
0.000072 3
0.000072 3
0.000075 3
0.000072 3
0.000071 3
0.000071 3
0.000072 3
0.000072 3
0.000071 3
0.000071 3
0.000071 3
0.000122 3
0.000072 3
0.000070 3
0.000072 3
0.000070 3
0.000072 3
0.000073 3
0.000097 3
0.000086 3
0.000092 4
0.000058 2
0.000058 2
0.000058 2
0.000057 2
0.000055 2
0.000056 2
0.000187 13
0.000118 8
0.000062 3
0.000070 4
0.029561 13
9.920583 42
0.532692 17
3.135414 1
0.346308 1
0.293739 1
0.078525 1
0.087199 1
1.297773 47
0.869298 28
0.138573 14
0.173448 33
0.156347 9
0.145357 30
0.081967 22
0.105762 22
0.185830 21
0.175970 95
0.171021 74
0.153184 54
0.153902 65
0.153647 31
0.162280 42
0.173474 25
0.162516 63
0.138664 54
0.206000 49
0.175508 19
0.214576 33
0.180650 30
0.175797 25
0.196652 15
0.191669 19
0.194309 21
0.167614 55
0.235054 20
0.172958 17
0.156885 15
0.156359 53
0.334472 31
0.153754 16
0.171774 21
0.177811 4
0.157500 33
0.265473 67
0.171025 24
0.169440 15
0.148724 149
0.150607 34
0.172118 19
0.167148 4
0.343350 6
0.296312 149
0.189572 34
0.163305 45
0.154245 81
0.159174 19
0.144748 53
0.329258 20
0.142557 20
0.144573 16
0.173642 61
0.168355 19
0.164180 16
0.166697 31
0.170086 59
0.155052 64
0.175928 44
0.592556 45
0.146861 63
1.175603 4
0.000378 13
2.859677 1
0.130661 1
0.084492 1
0.504502 1
0.160524 1
0.646243 1
0.082033 1
0.117540 1
0.210834 1
0.145472 1
0.139129 1
0.157678 1
0.215091 1
0.383142 1
0.349036 1
0.139416 1
0.140060 1
11.196234 2
11.192788 40
30.731643 106
4.576943 79
0.103022 79
0.267739 79
0.099082 79
0.116967 79
0.154334 79
0.326136 82
0.008644 161
3.782671 186
2.254688 79
0.106822 79
0.240502 79
0.212667 79
0.183669 79
0.219574 79
0.114311 79
0.177378 79
0.130617 79
0.102449 80
0.077151 80
0.087149 82
12.040927 78
47.476036 97
21.760847 72
0.006211 64
0.000471 64
0.000301 63
86.128633 45
0.000589 32
0.881491 2
24.378979 90
4.881581 79
0.124750 79
0.252140 79
0.138625 79
0.124554 79
0.139662 79
0.328393 80
0.585939 82
0.024232 153
3.580125 186
2.690266 79
0.112508 79
0.253605 79
0.139927 79
0.142395 79
0.152810 79
0.117389 80
0.091361 80
0.089797 80
0.124245 80
0.109068 80
0.096172 80
0.091545 80
0.121745 80
0.101594 80
0.102475 80
0.092028 80
0.097722 80
0.098601 80
0.105975 80
0.132391 80
0.093313 80
0.090597 80
0.092453 80
0.107473 80
0.102607 80
0.102155 80
0.131543 80
0.096110 80
0.104486 80
0.111278 80
0.116888 80
0.111585 80
0.093982 80
0.111879 80
0.104336 80
0.112453 80
0.080415 80
0.099070 80
0.119814 80
0.108224 80
0.093364 80
0.056805 82
0.197841 94
4.436277 79
0.116933 79
0.113241 79
0.136731 79
0.105786 79
0.403477 82
0.010187 158
2.998737 186
2.400597 79
0.084256 79
0.271540 79
0.142041 79
0.152002 79
0.197058 79
0.085903 80
0.113855 80
0.074020 80
0.103110 80
0.094268 80
0.101760 80
0.100224 80
0.099781 80
0.119466 80
0.092468 80
0.234138 162
0.064048 91
4.453531 79
0.099699 79
0.254172 79
0.128125 79
0.126794 79
0.127936 79
0.330045 80
0.053545 82
0.014693 153
3.033353 186
2.805510 79
0.081603 79
0.279448 79
0.137779 79
0.146901 79
0.166366 79
0.091121 80
0.102959 80
0.147916 162
0.048063 96
4.431176 79
0.120175 79
0.252694 79
0.145713 79
0.222978 79
0.355100 80
0.053199 82
0.007345 157
3.008654 186
2.593180 79
0.119456 79
0.235477 79
0.174567 79
0.129548 79
0.114147 79
0.125614 80
0.104975 80
0.101120 80
0.079606 80
0.111213 80
0.112862 80
0.109613 80
0.170918 80
0.125567 80
0.108259 80
0.114731 80
0.086950 80
0.105608 80
0.106911 80
0.111902 80
0.101212 80
0.095353 80
0.102451 80
0.091866 80
0.107354 80
0.078717 1
0.001751 1
0.001640 1
0.002185 1
0.001676 1
0.001600 1
0.001715 1
0.052516 73
0.077110 80
0.088995 80
0.112212 80
0.103010 80
0.121637 80
0.038214 82
0.160623 89
4.821728 79
0.108424 79
0.255095 79
0.094943 79
0.101164 79
0.184324 79
0.318479 79
0.049388 82
0.009402 150
3.537814 186
2.579641 79
0.099144 79
0.259266 79
0.138049 79
0.150495 79
0.175402 79
0.103408 80
0.109625 80
0.105495 80
0.105157 80
0.087719 80
0.112470 80
0.085747 80
0.160455 80
0.092777 80
0.078329 80
0.185340 162
0.087279 143
0.002679 68
2.248505 67
60.612014 59
0.002849 73
0.858068 71
50.481411 59
0.002820 68
0.911428 68
53.164984 56
0.003031 72
0.863195 73
113.897287 65
0.003061 48
1.737960 66
53.258792 54
0.006249 53
0.000215 64
0.000188 63
0.519559 13
30.510771 1
0.955462 1
0.177329 1
0.091654 1
0.141331 1
0.471645 1
0.140370 1
0.249787 1
0.143064 1
0.292230 1
0.059035 1
0.277712 2
0.138879 55
0.000211 654
0.000058 309
0.000057 253
0.000074 232
0.000051 217
0.000079 454
0.000607 3119
0.000160 676
0.000052 224
0.000071 382
0.000051 229
0.000076 281
0.000050 235
0.000074 475
0.000062 153
0.000100 559
0.000556 2609
0.000073 380
0.000056 326
0.000103 247
0.000124 611
0.000051 230
0.000049 198
0.000071 277
0.000038 144
0.004512 13
179.838137 1
0.286494 1
0.140949 1
0.120543 1
0.088149 1
0.702876 1
0.838204 69
0.696379 1
8.243519 2
0.395231 96
0.059546 37
0.412329 12
0.000483 2
0.000540 59
0.064376 12
0.098438 40
0.419332 11
0.000493 94
0.000692 97
0.000346 55
0.297282 12
0.000436 2
0.000618 77
0.067290 12
0.095338 40
0.423614 8
0.001427 8
0.000594 11
0.000475 23
0.001230 31
0.000574 2
0.000496 1
0.000379 166
0.208724 1
0.000682 166
0.007518 1
0.000653 166
0.000396 2
0.000370 2
0.000816 69
0.016124 13
3.054840 1
0.072652 1
0.187582 2
0.122889 172
0.000209 179
0.000156 163
0.002540 13
2.586496 1
0.099440 1
0.146793 1
1.513262 1
0.094207 1
0.272188 1
0.735648 3
0.406717 1
0.100319 1
0.192245 10
2.761199 1
0.592982 1
0.109377 1
0.220648 10
0.797763 1
0.651078 1
0.042010 1
0.039522 1
0.039909 1
0.040273 1
0.039950 1
0.040450 1
0.039577 1
0.039866 1
0.040244 1
0.039637 1
0.040352 1
0.802970 5
0.283190 5
0.381458 5
0.262536 5
0.179282 5
0.159903 5
0.342039 5
0.157788 5
0.737159 5
0.417484 2
0.068558 13
1.318348 1
0.186131 1
0.132917 1
0.847886 1
0.390764 1
0.428382 1
0.249835 1
0.191251 1
0.788648 1
0.159379 1
0.136222 20
0.338454 2
0.060736 35
0.013552 13
3.429172 1
0.070641 1
0.152678 2
0.064823 202
0.000265 351
0.002326 13
2.792123 1
0.084561 1
0.126548 1
0.817452 3
0.160246 3
0.148266 3
0.152788 1
2.096237 1
0.108411 1
0.568183 1
0.129078 1
0.095702 13
0.722423 1
0.370956 2
0.000197 52
1.394506 1
0.102460 1
0.112649 7
0.414950 2
0.784252 11
0.052519 63
0.000156 502
0.000276 15
0.078424 54
0.000837 28
0.068836 76
0.289648 51
0.207050 61
0.082184 55
0.071261 55
0.179302 45
0.370859 58
0.339331 103
0.310716 57
0.660090 59
0.009571 2
0.000056 114
0.000134 192
0.001407 4
0.047415 11
0.002946 13
45.751797 21
20.210589 64
1.182611 2
0.982057 13
1.071145 1
0.158384 1
0.190722 1
0.123638 1
0.635066 1
0.126535 1
0.123488 12
0.356020 2
0.121843 126
0.002360 13
7.420286 18
0.255676 2
0.060181 126
0.001837 13
4.977139 18
0.314673 29
0.776144 2
1.111775 64
0.903152 2
1.043912 13
0.451259 19
0.152496 33
0.440825 2
0.059584 66
0.002116 13
2.656755 1
0.089914 1
0.119633 1
0.175586 1
0.139340 2
0.474645 1
1.299885 1
0.040789 1
0.133368 12
1.159535 1
0.281398 1
0.116893 1
0.612128 1
0.145359 1
0.252294 1
0.144717 1
0.219512 1
0.528362 1
0.195456 1
0.162366 1
0.236164 1
0.445604 1
0.108848 1
0.249873 2
2.499701 13
2.516895 1
0.062995 1
0.527710 1
0.105826 1
0.119528 10
0.482600 2
0.059281 14
0.001767 13
29.934525 14
0.428029 2
21.357410 12
0.497778 2
0.683055 13
19.129743 1
0.241076 1
0.281741 1
0.122950 1
0.000315 2
0.904121 1
0.253346 1
1.124792 1
0.062847 1
0.130262 7
0.672741 2
4.376351 13
12.104952 1
0.081692 1
0.508496 1
0.080842 1
0.379760 2
0.318776 5
0.017462 13
31.396194 69
0.027473 34
0.002628 13
1.802910 67
0.405253 1
0.652462 1
0.041652 1
0.039983 1
0.040292 1
0.040129 1
0.039926 1
0.040149 1
0.039485 1
0.039882 1
0.040435 1
0.039216 1
0.040700 1
0.039732 1
0.040050 1
0.040228 1
0.039015 1
0.040931 1
0.039366 1
0.040345 1
0.040036 1
0.040162 1
0.039918 1
0.040394 1
0.039636 1
0.039647 1
0.040245 1
0.040130 1
0.040215 1
0.039894 1
0.039826 1
0.040052 1
0.039287 1
0.040405 1
0.040268 1
0.039814 1
0.040295 1
0.040021 1
0.039833 1
0.039861 1
0.039236 1
0.040389 1
0.040767 1
0.039846 1
0.039759 1
0.040327 1
0.039672 1
0.040552 1
0.039966 1
0.039203 1
0.040258 1
0.040191 1
0.040097 1
0.240807 1
0.349083 5
0.668230 5
0.041758 5
0.039946 5
0.040050 5
0.040635 5
0.038988 5
0.040901 5
0.039021 5
0.040372 5
0.040016 5
0.041247 5
0.038975 5
0.039984 1
0.040616 1
0.040119 1
0.039778 1
0.039974 1
0.394337 2
0.022919 89
0.002295 13
38.074067 1
0.329473 1
0.705453 1
0.301148 1
0.184638 1
0.265100 1
0.530570 1
0.150724 1
0.361444 1
0.147405 1
0.848243 1
0.095801 1
0.223574 1
0.224338 1
0.219281 1
0.410195 1
0.538584 3
0.401593 1
0.416658 3
0.139083 1
0.255601 2
0.000726 13
1.358592 1
0.180854 1
0.354783 1
0.502983 3
0.133520 3
0.680337 1
1.615128 1
0.161072 1
0.248980 1
0.162039 1
0.251659 1
0.327895 1
0.075424 1
0.097630 1
0.167755 1
0.156510 1
0.107070 1
0.157794 1
0.204444 1
2.216550 1
0.202355 1
0.595095 1
0.277391 1
0.308534 1
0.215743 6
2.101324 3
0.653734 3
0.041487 3
0.040129 3
0.040413 3
0.039576 3
0.040214 3
0.039801 3
0.040144 3
0.039861 3
0.680459 3
0.507728 1
0.429263 1
0.264660 1
0.193362 1
0.092793 5
0.489256 1
0.135790 10
0.952268 1
0.061986 1
0.170865 3
0.529185 1
0.087046 1
0.203511 4
4.552789 1
0.336218 1
0.095418 1
0.108167 7
3.308345 3
0.653985 3
0.039279 3
0.040135 3
0.039816 3
0.040053 3
0.040041 3
0.039563 3
0.040796 3
0.039059 3
0.040479 3
0.039861 3
0.039930 3
0.040208 3
0.040534 3
0.038950 3
0.040492 3
0.039898 3
0.040079 3
0.039240 3
0.040822 3
0.039378 3
0.040316 3
0.040062 3
0.040130 3
0.039587 3
0.040630 3
0.039888 3
0.039471 3
0.040388 3
0.040035 3
0.039519 3
0.040356 3
0.039929 3
0.040502 3
0.039997 3
0.039111 3
0.040472 3
0.039701 3
0.249818 3
1.030246 1
0.655724 3
0.316623 3
21.058031 10
1.305348 1
3.030153 2
0.000345 13
0.689977 1
0.147876 1
0.316798 1
0.463262 1
0.190083 1
0.050994 1
0.106154 1
0.171987 1
0.237639 1
0.398930 1
0.211334 1
0.497847 1
0.165102 1
0.623942 1
0.093189 1
0.457481 1
0.190718 1
0.268944 1
0.248865 1
0.359701 1
0.153717 1
0.178356 1
0.039964 1
0.191082 1
0.208764 1
0.295885 1
0.082261 1
0.131784 1
0.103529 1
0.523350 1
0.229460 1
0.025517 1
0.059595 1
0.433201 1
1.254646 1
0.101246 1
0.223166 1
0.139917 1
0.531482 1
0.133659 1
1.534783 2
0.000731 13
7.274205 8
0.034818 74
1.030135 11
0.000051 6
