0.433213 64
0.000300 8
0.000026 59
1.775949 1
0.099906 1
0.272768 1
0.192272 1
2.044901 1
0.294711 1
0.199269 1
0.162770 1
0.399036 1
0.094220 1
0.158546 6
0.737125 11
0.023371 339
0.000057 107
0.000080 19
0.000148 55
1.568891 1
0.173928 1
0.400406 1
0.295664 1
0.280271 1
0.223341 1
0.172781 1
0.125000 1
0.480183 1
0.099191 1
0.187134 1
0.149229 1
0.155128 1
0.268970 11
0.317062 181
0.000153 2
0.008166 8
0.000284 77
1.207262 1
0.079615 1
0.211235 2
0.000446 13
24.701608 88
0.000034 26
0.875938 1
0.583047 3
0.282035 3
0.153385 3
0.163587 3
0.151239 3
0.140773 3
0.167302 3
0.156059 3
0.141845 3
0.154724 3
0.172589 3
0.054766 3
0.591179 4
0.666707 1
0.324186 2
0.000662 34
0.000047 118
2.452876 1
0.271469 7
3.125133 2
0.000942 13
14.891322 1
0.000050 2
0.000052 5
0.000038 3
0.000037 3
0.000038 3
0.000038 3
0.000038 3
0.000038 3
0.000038 3
0.000040 3
0.000039 3
0.000068 3
0.000040 2
0.000040 4
0.000039 3
0.000039 3
0.000039 3
0.000025 3
0.000037 2
1.084835 2
0.001308 13
19.907470 119
1.685722 2
1.611413 21
0.000200 66
0.000057 80
0.003909 20
0.000069 15
0.000070 31
0.000077 12
0.000166 51
0.000084 13
0.000067 3
0.000100 6
0.041777 23
0.000038 67
0.000028 66
0.000026 68
0.209231 34
0.043056 13
5.296674 1
0.074228 1
0.187002 1
0.125506 1
0.151611 1
0.968341 1
0.137306 1
0.312198 1
0.124507 1
0.166023 9
0.801032 3
0.265040 3
0.153760 3
0.344670 2
0.170462 66
0.002915 13
27.605653 15
0.433883 139
0.801259 32
0.301076 139
0.176191 77
1.079385 1
0.668177 1
0.042144 1
0.040332 1
0.039537 1
0.040596 1
0.039537 1
0.040509 1
0.039784 1
0.040135 1
0.040015 1
0.039487 1
0.039978 1
0.039958 1
0.040331 1
0.039563 1
0.040633 1
0.040201 1
0.039855 1
0.039308 1
0.040445 1
0.039448 1
0.040978 1
0.039522 1
0.040006 1
0.040239 1
0.040034 1
0.039996 1
0.039910 1
0.039496 1
0.040560 1
0.039203 1
0.040287 1
0.040301 1
0.604909 5
0.150684 5
0.146134 5
0.698462 5
0.159748 5
0.168703 5
0.094925 5
0.777719 5
0.701472 2
0.000456 13
0.445216 60
0.143472 32
0.474165 139
0.696584 2
0.131163 26
0.000048 87
0.000043 56
0.000350 45
0.000045 33
0.000037 75
0.032448 41
0.000043 180
0.000056 127
0.000028 32
0.060269 34
0.014588 13
11.105054 119
0.309964 79
1.032922 1
0.668353 1
0.041840 1
0.039525 1
0.040246 1
0.039742 1
0.040652 1
0.039467 1
0.040359 1
0.039296 1
0.040704 1
0.039291 1
0.040457 1
0.040132 1
0.040076 1
0.039132 1
0.040388 1
0.040263 1
0.040045 1
0.039570 1
0.040414 1
0.040245 1
0.039560 1
0.040068 1
0.040113 1
0.039882 1
0.040064 1
0.039959 1
0.039578 1
0.040441 1
0.040088 1
0.040152 1
0.039460 1
0.039880 1
0.039831 1
0.040694 1
0.040223 1
0.039908 1
0.039870 1
0.040344 1
0.039265 1
0.040167 1
0.040371 1
0.039905 1
0.040133 1
0.039355 1
0.040158 1
0.040309 1
0.039762 1
0.039796 1
0.040437 1
0.040232 1
0.039991 1
0.272055 1
1.868198 5
1.467839 5
0.109502 5
0.197864 5
0.174985 5
0.318700 5
0.131278 5
0.143464 5
0.321014 5
1.552515 5
0.288997 5
0.419799 5
0.348201 5
0.074677 5
6.977015 5
1.315241 5
0.103299 5
0.930547 1
1.268101 5
0.466625 5
0.255733 1
0.915038 5
1.755844 2
0.000493 13
0.452080 80
0.161550 133
0.491223 2
0.113452 36
0.000154 135
0.000236 20
0.007979 13
7.737937 119
0.484685 1
0.655351 1
0.039285 1
0.040262 1
0.041710 1
0.039995 1
0.039367 1
0.039952 1
0.040035 1
0.040901 1
0.039835 1
0.039650 1
0.040543 1
0.039944 1
0.039980 1
0.039921 1
0.039492 1
0.040686 1
0.038940 1
0.040467 1
0.040325 1
0.040054 1
0.039910 1
0.040046 1
0.040208 1
0.269027 99
0.326395 1
0.658376 1
0.041616 1
0.040966 1
0.038972 1
0.040421 1
0.039705 1
0.040305 1
0.039788 1
0.040256 1
0.040707 1
0.038975 1
0.040076 1
0.040050 1
0.040183 1
0.040045 1
0.039927 1
0.039824 1
0.039748 1
0.040237 1
0.040307 1
0.040127 1
0.039751 1
0.040180 1
0.039475 1
0.040401 1
0.039646 1
0.040409 1
0.040390 1
0.039424 1
0.040222 1
0.039829 1
0.039954 1
0.040002 1
0.040032 1
0.040382 1
0.039455 1
0.039810 1
0.040468 1
0.039654 1
0.040242 1
0.040370 1
0.039202 1
0.040509 1
0.039941 1
0.039705 1
0.040189 1
0.040258 1
0.039568 1
0.039691 1
0.040591 1
0.039561 1
0.040323 1
0.040218 1
0.039433 1
0.040168 1
0.039919 1
0.040359 1
0.039591 1
1.078839 5
0.300908 1
0.171825 1
0.161438 1
0.604189 1
0.231479 1
0.175997 1
0.150919 1
0.148128 1
0.150189 1
0.524247 5
0.135451 5
0.264004 5
0.170296 5
0.628601 5
0.085033 5
0.157744 5
0.481170 2
0.001703 13
0.624227 80
0.131593 133
0.618303 2
0.123261 90
0.000118 76
0.000022 4
0.000390 20
0.008198 13
3.003244 119
0.289817 1
0.480619 99
0.320658 1
0.670815 1
0.040706 1
0.039418 1
0.041797 1
0.040472 1
0.040444 1
0.039545 1
0.039834 1
0.040199 1
0.040466 1
0.040127 1
0.039111 1
0.040970 1
0.040073 1
0.040024 1
0.039719 1
0.039412 1
0.039814 1
0.040660 1
0.040046 1
0.040000 1
0.039489 1
0.040005 1
0.040327 1
0.039579 1
0.039987 1
0.040529 1
0.040144 1
0.039933 1
0.039233 1
0.040766 1
0.040179 1
0.039463 1
0.039508 1
0.040929 1
0.039454 1
0.040395 1
0.039931 1
0.039863 1
0.039441 1
0.041011 1
0.040121 1
0.039535 1
0.039808 1
0.040281 1
0.039200 1
0.040670 1
0.040084 1
0.040415 1
0.039713 1
0.040144 1
0.039442 1
0.039976 1
1.324398 1
0.667723 1
0.040178 1
0.039970 1
0.039106 1
0.041197 1
0.039786 1
0.039983 1
0.039980 1
0.040302 1
0.039110 1
0.040448 1
0.039760 1
0.040381 1
0.040180 1
0.039932 1
0.039308 1
0.040029 1
0.040319 1
0.039580 1
0.040667 1
0.039349 1
0.040979 1
0.039105 1
0.040199 1
0.039475 1
0.040815 1
0.040004 1
0.039714 1
0.040193 1
0.040113 1
0.039925 1
0.040192 1
0.039832 1
0.040419 1
0.039639 1
0.040283 1
0.039426 1
0.040171 1
0.040107 1
0.039507 1
0.605359 1
0.620277 1
0.664750 1
0.042103 1
0.039852 1
0.040145 1
0.039874 1
0.040218 1
0.039304 1
0.040369 1
0.039834 1
0.040262 1
0.039886 1
0.040250 1
0.039819 1
0.039596 1
0.040392 1
0.040036 1
0.039942 1
0.040080 1
0.040411 1
0.039531 1
0.039626 1
0.040426 1
0.040143 1
0.039767 1
0.039599 1
0.040005 1
0.040250 1
0.040332 1
0.039332 1
0.040660 1
0.040142 1
0.039279 1
0.040506 1
0.039781 1
0.040173 1
0.039989 1
0.040376 1
0.297236 1
0.217079 1
0.495534 5
0.164542 5
0.162321 5
0.301381 5
0.179806 5
0.810481 5
0.410838 5
0.239843 5
1.374811 5
0.359877 1
0.597305 5
0.094771 5
0.216005 15
1.275913 7
1.634071 5
0.143845 5
0.076379 5
0.665568 5
0.291241 7
0.321516 5
0.271977 5
0.223754 5
0.083590 5
0.729304 1
0.668231 1
0.040357 1
0.039987 1
0.039536 1
0.040028 1
0.040141 1
0.040088 1
0.040251 1
0.039821 1
0.040450 1
0.039371 1
0.039917 1
0.040074 1
0.040144 1
0.040453 1
0.039333 1
0.039756 1
0.040201 1
0.040224 1
0.040200 1
0.040135 1
0.039993 1
0.039877 1
0.039774 1
0.040337 1
0.039708 1
0.040051 1
0.039917 1
0.040185 1
0.039510 1
0.040299 1
0.040066 1
0.039903 1
0.039599 1
0.040516 1
0.039720 1
0.040154 1
0.040127 1
0.039205 1
0.093774 1
1.112212 7
0.706704 2
0.000610 13
0.519736 100
0.103917 133
0.622345 2
0.133208 36
0.000054 95
0.000357 22
0.000047 159
0.000157 197
0.000663 21
0.008702 13
7.954427 119
0.411792 119
1.303964 1
0.658273 1
0.041504 1
0.039364 1
0.040493 1
0.040047 1
0.040285 1
0.039635 1
0.040236 1
0.040336 1
0.039297 1
0.040362 1
0.039972 1
0.040112 1
0.039968 1
0.040146 1
0.039461 1
0.040134 1
0.039527 1
0.040055 1
0.040216 1
0.040551 1
0.039956 1
0.040051 1
0.039707 1
0.039988 1
0.040109 1
0.040086 1
0.039314 1
0.040411 1
0.039774 1
0.040549 1
0.039429 1
0.040478 1
0.039460 1
0.040186 1
0.040060 1
0.040377 1
0.039774 1
0.039612 1
0.040163 1
0.040194 1
0.040122 1
0.040036 1
0.039845 1
0.040368 1
0.040006 1
0.040026 1
0.039814 1
0.039656 1
0.040233 1
0.040104 1
0.039929 1
0.039333 1
0.040432 1
0.039902 1
0.040655 1
0.039458 1
0.040253 1
0.040108 1
0.039942 1
0.039627 1
0.040137 1
0.040106 1
0.040125 1
0.039824 1
0.040180 1
0.039296 1
0.040678 1
0.039946 1
0.040009 1
0.039463 1
0.040155 1
0.040144 1
0.040253 1
0.039726 1
0.040494 1
0.039736 1
0.040214 1
0.039782 1
0.039723 1
0.040370 1
0.040035 1
0.040077 1
0.039370 1
1.006450 5
0.422700 1
0.171023 1
0.323761 1
0.157342 1
0.176419 1
0.925575 5
0.412743 5
0.490603 5
1.338691 2
0.000856 13
0.348845 104
0.160327 133
0.384257 2
1.679898 13
1.371732 1
0.087775 1
0.544144 1
0.070325 1
0.461236 9
0.560468 2
0.067646 11
0.001884 13
1.230264 2
0.000549 13
0.145388 2
0.000548 13
41.493080 95
1.273933 2
3.401966 87
0.408043 238
0.055284 70
0.000559 16
0.000032 18
0.000039 2
0.000047 16
0.000037 17
0.000039 16
0.000038 16
0.000043 22
0.000044 37
0.000042 25
0.000065 51
0.000041 21
0.000031 23
0.055804 71
0.002022 1
0.000297 2
0.000203 81
4.740384 318
0.172746 322
0.115774 110
0.103267 326
0.140435 325
0.105796 71
0.099199 88
0.133007 88
0.536310 67
0.022072 116
0.401824 112
0.109589 79
0.026894 69
1.693316 146
0.000046 2
0.000765 50
2.001161 1
0.345807 2
6.406763 25
0.000089 50
109.164025 2
0.510864 2
0.187042 2
0.355329 2
0.210721 2
0.231364 2
0.231679 2
19.652660 104
0.000086 41
0.000034 114
0.012979 442
0.002093 499
0.007939 474
0.000428 4
0.000046 16
0.000082 111
0.000779 4
0.000046 16
0.000077 114
0.000664 4
0.000049 36
0.000073 123
0.002704 22
0.000039 19
0.066908 62
0.003409 13
12.345085 1
0.332006 1
1.092970 1
0.091365 1
0.171982 1
0.477741 1
0.150037 1
0.159240 1
0.198636 1
0.644660 1
0.125337 1
0.199137 1
0.105130 1
0.455429 1
0.246661 1
0.168560 1
0.080060 1
0.097358 1
0.137341 1
0.902707 3
0.133484 1
0.802912 2
0.000573 13
9.121937 1
0.208798 1
0.150312 1
0.180555 1
0.000050 2
1.152123 1
0.166540 7
1.261930 2
0.322248 46
0.000160 31
0.000066 2
0.000072 72
0.000064 79
0.000061 2
0.000058 27
0.000061 2
0.000058 2
0.000070 10
0.000060 53
0.000059 2
0.000058 78
0.000059 2
0.000052 79
0.000032 2
0.000032 86
0.000066 2
0.000034 60
0.000030 2
0.000032 70
0.000030 2
0.005838 13
10.414315 13
1.705639 1
0.180006 1
0.138351 1
0.801549 1
0.577534 1
0.331664 1
0.127930 1
0.127895 10
0.607092 1
0.994183 1
0.325094 1
0.000024 15
1.960142 3
0.660589 3
0.042380 3
0.040053 3
0.039885 3
0.039279 3
0.041007 3
0.040004 3
0.039414 3
0.040452 3
0.039602 3
0.040403 3
0.039734 3
0.039266 3
0.041042 3
0.039844 3
0.588080 1
0.251068 1
0.000046 4
1.017157 1
0.161823 4
1.814303 2
0.138278 13
1.597129 40
0.165634 30
1.092230 2
0.076797 77
0.000043 634
0.002877 13
4.159293 13
2.927428 1
0.277932 1
0.252094 2
0.083753 46
0.003167 13
3.558485 15
0.339930 5
0.402300 27
0.915668 3
0.316360 2
0.075938 13
0.382360 39
0.154411 29
0.300844 2
0.073829 45
0.003241 13
6.315712 1
0.257151 1
0.093550 1
0.220714 1
0.124005 1
0.187150 2
0.055305 32
0.003046 13
0.954928 5
0.160180 18
0.164036 26
0.153937 29
0.294154 5
0.250010 27
0.321266 30
0.289822 32
0.447840 109
0.883217 2
1.454508 87
0.232149 49
0.000248 21
0.000129 31
0.000129 34
0.000129 43
0.000129 39
0.000120 21
0.156084 71
0.001425 1
0.000236 2
0.000177 81
2.065038 88
0.421266 67
0.026747 116
0.390823 112
0.099599 79
0.026318 69
0.548362 148
0.000749 50
3.022297 1
0.168436 2
1.900654 25
0.000039 50
5.848098 2
5.296298 2
0.205937 2
0.159196 2
117.931812 36
0.000057 68
0.000223 155
0.000466 155
0.000150 38
0.000053 112
0.001066 137
0.000098 4
0.000039 22
0.000066 117
0.001366 169
0.000935 72
0.000037 115
0.001179 52
0.000054 121
0.000772 27
0.000031 118
0.000606 37
0.000026 119
0.000519 20
0.000031 111
0.000534 20
0.000025 114
0.000544 40
0.000028 123
0.000341 22
0.000047 19
0.072248 62
0.003788 13
11.693237 8
0.017925 74
0.866701 11
0.000027 6
