0.412175 64
0.007640 67
1.005663 13
0.176826 28
0.635242 11
0.015867 520
0.378196 15
0.180202 32
0.484676 11
1.426588 183
0.035580 85
2.349379 1
0.099023 1
0.076358 2
0.000554 13
1.315705 1
0.245679 1
0.154337 1
0.120677 1
0.117180 1
0.486775 1
0.115814 1
0.704329 6
2.766577 1
0.269917 1
0.395709 2
0.226118 45
0.006110 13
5.861234 1
0.273864 1
0.232813 1
0.458022 1
0.264738 1
0.282609 10
2.191828 1
0.233919 1
0.728511 2
0.071099 24
0.000038 56
0.002184 13
32.041898 17
0.625037 2
0.061114 24
0.000037 56
0.002236 13
0.544202 17
0.274264 2
0.054971 24
0.000037 56
0.006166 13
0.432258 17
0.274596 2
0.064585 80
0.002095 13
1.281990 17
0.378112 2
0.054597 24
0.000037 56
0.002004 13
24.582398 8
0.010557 19
0.000104 8
0.000041 47
0.306230 17
