0.259904 64
0.000689 8
0.000122 59
1.876799 1
0.103895 1
0.197557 1
1.719893 1
0.162123 1
0.089204 1
0.267848 6
0.975419 1
1.190313 1
0.094126 1
0.179886 2
0.711455 1
0.081030 1
0.206738 2
0.686904 1
0.123445 1
0.121742 3
1.076314 25
0.300761 3
0.145325 3
0.399071 5
0.361070 5
0.651583 5
0.088981 5
0.210182 5
0.096191 5
0.179971 2
0.000060 9
0.028986 81
0.000822 64
0.000195 67
1.093644 27
1.655144 27
0.242603 3
0.173441 3
0.163654 3
0.114576 3
0.451359 5
0.134530 5
0.171794 5
0.118311 5
0.653475 5
0.105364 5
0.279066 11
0.007478 64
0.000219 67
0.722467 1
0.311956 1
0.750193 1
0.087029 1
0.228159 1
0.577000 1
0.639119 1
0.214102 4
0.156522 4
0.400825 1
0.479321 4
0.286018 1
0.067751 1
0.150955 1
0.661175 1
0.112595 1
0.277780 1
0.145437 1
0.128301 1
0.524971 1
0.122931 1
0.279901 1
0.222429 1
0.227086 1
1.231684 1
0.156676 1
0.315187 1
0.147124 1
0.165406 1
0.220720 1
0.190407 1
0.167939 1
0.890567 1
0.099384 1
0.240801 1
0.165666 1
0.256222 1
0.234706 1
0.145547 1
0.128794 1
1.425111 4
0.725007 1
0.113122 1
0.299314 1
0.382787 1
0.130809 1
0.168175 1
0.083137 1
0.333675 142
4.135147 1
0.081849 1
0.286915 1
0.145097 1
1.230877 1
0.612721 1
1.738710 1
0.149596 3
0.560991 1
0.126911 8
0.588167 1
0.287555 1
0.204825 11
1.287341 1
0.250097 5
1.195448 1
0.135924 6
1.085143 1
0.070142 1
0.251254 6
0.670207 142
0.667066 52
0.781516 4
0.290004 85
1.765540 1
0.101381 1
0.226852 1
0.147462 1
0.245337 1
0.193690 3
0.396829 1
0.336062 1
0.560808 4
0.182623 1
0.128612 1
0.191836 1
0.171398 1
0.138424 1
0.924607 11
0.179091 183
0.002832 8
0.000125 77
1.471205 1
0.092302 1
0.171009 2
0.000593 13
2.587265 1
0.254323 2
0.027482 28
0.002790 13
1.048680 1
0.122128 1
0.256009 2
0.055144 329
0.002040 13
3.402161 2
0.203173 4
0.174076 3
0.280757 11
0.326346 18
0.327717 45
0.795958 22
0.637572 11
0.357284 15
0.308197 28
0.328771 11
0.684768 26
0.331981 50
1.501930 93
0.709748 55
0.551283 93
1.450286 55
1.704396 2
0.445020 13
1.966703 1
0.159237 1
0.059921 1
0.226533 1
0.160661 1
1.261725 1
0.189049 1
0.223270 1
0.087540 1
0.340068 1
0.079495 1
0.196726 1
1.963754 2
3.675105 61
0.002117 13
3.076599 12
0.412496 3
0.165330 3
0.167520 3
0.156926 3
0.158409 3
0.167615 3
0.117515 3
0.546648 1
0.258128 1
0.039188 1
0.224908 1
0.172524 1
0.137302 1
0.165667 1
0.243074 1
1.296218 1
0.122552 1
0.459444 1
0.494929 2
7.845420 168
0.497570 167
0.190383 167
0.385094 167
0.101452 167
0.126580 167
0.249440 178
0.000598 77
0.000054 16
0.000070 33
0.000165 25
0.000182 40
0.000211 29
0.015369 158
0.575333 167
0.123923 167
0.113413 167
0.364609 167
0.117093 167
0.311990 125
0.000289 169
0.000085 23
0.000071 23
0.000083 6
0.000110 33
0.000161 19
0.033767 18
0.046273 534
0.006204 98
0.001799 13
30.811585 1
1.069510 1
0.157126 1
0.175064 3
0.946214 1
0.170933 7
1.208082 1
0.152581 1
0.314520 1
0.140000 1
0.125065 1
0.237367 1
0.202031 1
0.121509 1
0.156019 1
0.264387 2
0.629900 146
0.000040 2
0.000754 50
1.590464 1
0.151378 2
3.014076 25
0.000219 50
166.224487 2
0.185474 2
0.163631 2
0.600102 2
0.041813 2
0.040179 2
0.040739 2
0.039710 2
0.040683 2
0.040589 2
0.040420 2
0.041048 2
0.040229 2
0.040595 2
0.041144 2
0.040498 2
0.040328 2
91.261721 104
0.000284 155
0.000216 44
0.000066 111
0.000613 38
0.000067 112
0.000631 19
0.000063 118
0.000574 26
0.000063 117
0.001268 169
0.001124 187
0.000996 52
0.000056 121
0.001002 27
0.000026 118
0.000981 156
0.000891 20
0.000047 111
0.000735 134
0.000788 163
0.000567 22
0.000054 19
0.026238 13
8.219243 22
0.665345 17
0.240915 1
2.880986 17
0.014556 17
1.283809 1
0.209178 1
0.161553 1
0.248766 1
0.231775 1
0.619822 1
0.190520 1
0.135482 1
1.034053 1
0.740003 108
1.455029 1
1.968011 1
0.803047 1
0.170942 1
8.081155 42
1.981025 2
61.497246 13
47.128431 17
0.013275 17
3.339868 1
0.124068 1
2.109737 1
0.389044 1
0.174114 5
1.456811 1
0.388689 1
0.139207 1
0.244797 1
0.920857 1
0.488806 3
0.801743 1
0.112883 1
0.290734 1
2.056351 1
0.094569 1
0.213005 39
1.993120 1
0.449535 1
0.266330 1
0.213900 1
0.115193 5
2.826777 1
0.097273 1
0.142902 1
2.965990 2
0.228367 27
0.000249 183
0.003291 13
11.429275 68
0.617524 3
0.600027 3
0.040699 3
0.041376 3
0.040740 3
0.040416 3
0.040357 3
0.039496 3
0.041259 3
0.041095 3
0.040287 3
0.041577 3
0.867428 2
0.191258 47
0.051963 13
4.582515 1
0.111690 1
0.151959 1
0.589928 1
0.483262 1
0.229436 1
0.218763 1
0.115913 5
1.739865 1
0.112080 1
0.169658 35
1.097899 2
0.069426 124
0.004162 13
4.279196 1
0.104078 1
0.254948 1
0.822225 1
0.168006 1
0.297941 1
4.127247 1
1.454628 1
0.348391 1
0.229015 1
0.154470 5
1.598797 1
0.285784 36
18.682426 1
0.362332 34
4.581265 3
0.600741 3
0.040981 3
0.041112 3
0.040619 3
0.040324 3
0.040626 3
0.040110 3
0.039480 3
0.040549 3
0.040726 3
0.040686 3
0.039940 3
0.041500 3
0.039577 3
0.041192 3
0.040874 3
0.040793 3
0.040517 3
0.040295 3
0.039865 3
0.040363 3
0.039766 3
0.040502 3
0.040952 3
0.040412 3
0.040712 3
0.040093 3
0.040549 3
0.039313 3
0.040519 3
0.040115 3
0.041163 3
0.040506 3
0.040519 3
0.040597 3
0.039653 3
0.040567 3
0.040327 3
0.040541 3
0.041592 3
0.040504 3
0.040094 3
0.040340 3
0.039950 3
0.040860 3
0.041112 3
0.040731 3
0.039870 3
0.040362 3
0.040732 3
0.041203 3
0.041340 3
0.041094 3
0.040578 3
0.040484 3
0.040235 3
0.041042 3
0.041108 3
0.040563 3
0.040141 3
0.040462 3
0.040792 3
0.040361 3
0.040455 3
0.041688 3
0.040398 3
0.040535 3
0.040366 3
0.040350 3
0.040565 3
0.040467 3
0.041306 3
0.041042 3
0.039957 3
0.040259 3
0.040206 3
0.041160 3
0.041309 3
0.040491 3
0.040453 3
0.041097 3
0.040831 3
0.041103 3
0.041192 3
0.040681 3
0.040097 3
0.040857 1
0.041296 1
0.040605 1
6.228917 1
0.140210 1
0.138177 1
0.220025 1
0.179467 1
0.224894 1
0.174252 1
0.231674 1
0.713287 1
0.425630 1
0.427730 1
0.305550 1
0.189256 1
2.998967 1
0.447024 1
0.255413 1
0.208968 1
0.078301 5
1.516363 1
0.118323 1
0.248109 35
1.202698 1
0.123891 1
0.213809 39
1.608739 1
0.317411 1
0.205765 1
0.207595 1
0.206729 1
0.270270 1
1.984732 1
0.216289 1
0.234213 1
0.763578 1
0.690191 2
0.075313 30
0.000057 304
0.002641 13
1.400834 109
4.128620 1
0.600576 1
0.040929 1
0.041896 1
0.040711 1
0.040384 1
0.040307 1
0.041085 1
0.040674 1
0.302378 1
1.296600 5
0.477787 1
0.599817 1
0.040374 1
0.040558 1
0.041174 1
0.040144 1
0.041398 1
0.040645 1
0.041549 1
0.041134 1
0.040087 1
0.040209 1
0.040294 1
0.041411 1
0.040887 1
0.040159 1
0.041038 1
0.040946 1
0.040250 1
0.039909 1
0.041117 1
0.040584 1
0.040259 1
0.040943 1
0.040334 1
0.039469 1
0.040653 1
0.040631 1
0.040822 1
0.040829 1
0.039914 1
0.040933 1
0.040734 1
0.039755 1
0.040612 1
0.040730 1
0.041174 1
0.040091 1
0.040476 1
0.040482 1
0.040968 1
0.041107 1
0.040767 1
0.041508 1
0.040244 1
0.039964 1
0.039917 1
0.041165 1
0.041135 1
0.040972 1
0.041130 1
0.040612 1
0.041167 1
0.041070 1
0.040885 1
0.041276 1
0.040288 1
0.040491 1
0.040633 1
0.040316 1
0.041274 1
0.041107 1
0.041186 1
0.041100 1
0.040400 1
0.040214 1
0.041469 1
0.040279 1
0.039630 1
0.040702 1
0.040851 1
0.039754 1
0.040726 1
0.040701 1
0.039452 1
0.041082 1
0.040153 1
0.040210 1
0.040266 1
0.040128 1
0.040352 1
0.040469 1
0.039982 1
0.040303 1
0.040384 1
0.279014 1
0.150660 1
1.126082 5
1.623485 1
0.600865 1
0.041218 1
0.040330 1
0.039817 1
0.040199 1
0.040976 1
1.810036 5
0.092583 5
0.326664 2
0.101558 15
0.004070 13
2.613072 113
1.878363 1
0.601426 1
0.040811 1
0.040888 1
0.040506 1
0.040530 1
0.040184 1
0.040170 1
0.040025 1
0.040489 1
0.302846 1
0.364286 5
0.600948 5
0.040172 5
0.040928 5
0.040489 5
0.040223 5
0.039922 5
0.040711 5
0.040674 5
0.041001 5
0.040712 5
0.041008 5
0.040889 5
0.041123 5
0.041325 5
0.040224 5
0.039950 5
0.041228 5
0.041302 5
0.041441 5
0.040211 5
0.039874 5
0.040551 5
0.041513 5
0.040211 5
0.040868 5
0.040890 5
0.041102 5
0.041045 5
0.040004 5
0.040278 5
0.041199 5
0.041174 5
0.040815 5
0.040347 5
0.039740 5
0.040315 5
0.039744 5
0.040768 5
0.041165 5
0.040599 5
0.039137 5
0.040790 5
0.039522 5
0.040882 5
0.040459 5
0.040613 5
0.040569 5
0.039825 5
0.039986 5
0.040100 5
0.039438 5
0.040827 5
0.040901 5
0.040662 5
0.040605 5
0.040193 5
0.040552 5
0.040915 5
0.040671 5
0.041193 5
0.040519 5
0.040351 5
0.040175 5
0.041683 5
0.040135 5
0.041357 5
0.041169 5
0.040823 5
0.040676 5
0.040629 5
0.040705 5
0.041089 5
0.041151 5
0.040795 5
0.041555 5
0.040300 5
0.041337 5
0.040977 5
0.040486 5
0.431562 5
0.171417 5
0.163913 5
0.177718 5
0.163798 5
0.168358 5
0.913069 5
0.103663 5
0.213640 43
1.146371 2
0.069201 16
0.004855 13
11.080466 1
0.099434 1
0.276249 1
1.506243 1
0.132097 1
0.202612 1
0.824963 1
0.369358 1
0.255980 1
0.194035 1
0.168768 5
2.039914 3
0.939368 1
1.453499 1
0.119314 36
1.288292 1
0.403732 2
0.003075 191
2.130485 1
0.124211 1
0.210260 39
1.514524 1
0.450802 1
0.344867 1
0.129353 1
0.167965 10
2.069577 1
0.601338 1
0.040266 1
0.040959 1
0.039874 1
0.040402 1
0.041140 1
0.040942 1
0.040758 1
0.041536 1
0.040424 1
0.041443 1
0.040768 1
0.266326 1
0.184365 1
0.166147 1
0.900842 1
0.499448 5
0.601291 5
0.039921 5
0.039853 5
0.041294 5
0.040336 5
0.040496 5
0.040483 5
0.041729 5
0.040935 5
0.041132 5
0.040218 5
0.041351 5
0.041144 5
0.040706 5
0.041231 5
0.041181 5
0.040250 5
0.040193 5
0.040281 5
0.622821 1
0.599495 1
0.040078 1
0.040482 1
0.041520 1
0.041069 1
0.040238 1
0.039796 1
0.040744 1
0.040832 1
0.040484 1
0.040382 1
0.040729 1
0.040741 1
0.041636 1
0.041383 1
0.041486 1
0.040446 1
0.040989 1
0.039803 1
0.040163 1
0.366956 3
0.599254 3
0.040870 3
0.040376 3
0.041241 3
0.040559 3
0.039498 3
0.041384 3
0.040190 3
0.041635 3
0.040100 3
0.040247 3
0.040868 3
0.040609 3
0.041223 3
0.040025 3
0.040642 3
0.041053 3
0.041145 3
0.040093 3
0.040254 3
0.040620 3
0.040087 3
0.039875 3
0.040430 3
0.040420 3
0.041116 3
0.040425 3
0.039981 3
0.040658 3
0.040686 3
0.041367 3
0.040221 3
0.040019 3
0.041149 3
0.374973 3
0.600410 3
0.040093 3
0.041116 3
0.041148 3
0.040301 3
0.040552 3
0.040979 3
0.040526 3
0.039940 3
0.040475 3
0.041185 3
0.040548 3
0.040566 3
0.039566 3
0.039879 3
0.040806 3
0.040606 3
0.040657 3
0.040562 3
0.041081 3
0.041689 3
0.041023 3
0.040129 3
0.040089 3
0.040289 3
0.040880 3
0.040243 3
0.040401 3
0.040916 3
0.039782 3
0.040212 3
0.041109 3
0.040633 3
0.041094 3
0.040985 3
0.040789 3
0.040466 3
0.040880 3
0.040855 3
0.040344 3
0.040416 3
0.040955 3
0.040464 3
0.039720 3
0.040461 3
0.040219 3
0.039965 3
0.040281 3
0.041520 3
0.041109 3
0.040516 3
0.039978 1
0.041600 1
0.040374 1
0.040294 1
0.038991 1
0.040933 1
0.041394 1
0.040557 1
0.040518 1
0.041155 1
0.040917 1
0.044885 1
0.034936 1
0.679111 67
0.196250 132
0.162635 127
0.349074 68
0.660554 70
12.122518 67
0.509269 128
0.168458 131
0.177021 86
0.172655 17
0.217130 1
0.767683 1
0.124043 1
0.116316 1
0.896551 1
0.452201 1
0.214979 1
0.193428 1
0.132140 5
0.894617 1
0.133849 1
0.198956 35
0.837439 2
0.000616 57
1.113536 1
0.122832 1
0.129808 2
0.057001 124
0.002107 57
1.664710 1
0.184441 1
0.139396 1
0.339060 1
0.135140 1
0.210307 2
0.059858 124
0.002165 57
1.864998 1
0.141139 1
0.104005 1
0.254756 2
1.470668 1
0.209590 3
3.692677 1
0.328033 2
0.832432 1
0.402031 1
0.926510 1
0.245033 1
0.163050 1
1.476032 1
0.129700 1
0.263797 39
1.603673 1
0.348948 1
0.228826 1
0.187629 1
0.258028 1
0.157428 1
0.158167 1
0.327277 1
0.585993 1
0.301795 2
0.091803 15
0.003403 57
13.691622 1
0.150320 1
0.282314 1
0.256955 1
0.144410 1
0.444059 2
0.001393 20
1.461769 1
0.081715 1
0.230664 1
0.168074 1
0.545694 3
0.127764 3
0.284961 2
0.000659 13
1.571465 1
0.157652 1
0.107036 1
0.217309 1
0.195126 1
0.163553 1
0.142851 1
0.222694 1
0.576313 1
0.131278 1
0.168365 39
0.481543 2
0.051108 304
0.001936 13
55.283959 1
0.136967 1
0.099170 1
1.002297 1
0.649821 1
0.498399 1
0.146983 1
0.083221 1
0.201028 1
0.173853 1
0.167761 1
0.158810 1
0.137352 1
0.856908 1
0.202152 1
0.126901 1
1.251270 1
0.402926 1
0.669623 1
0.230515 1
0.192446 1
1.346662 1
0.607104 1
0.288425 1
0.207506 1
0.153013 5
3.692911 1
0.158953 1
0.215875 35
1.083899 3
0.130226 1
0.642943 1
0.296507 1
0.217853 1
0.214321 1
0.256451 1
0.189415 1
0.110403 1
0.697624 1
0.185439 1
0.331622 2
0.191816 14
0.000202 2
0.003958 13
1.078355 75
0.310094 1
0.599924 1
0.040553 1
0.040799 1
0.041013 1
0.040162 1
0.040291 1
0.040174 1
0.233513 1
0.144770 1
0.745307 5
0.133640 1
1.025152 5
0.129776 5
0.148835 43
0.871556 2
0.101323 15
0.002502 13
20.917606 8
0.018880 74
0.930590 17
