0.347207 64
0.009699 8
0.000032 59
4.415936 1
0.142980 1
0.291544 1
0.177234 1
0.864928 18
0.347654 20
0.352921 16
0.350022 18
0.343285 7
0.334259 59
1.331402 177
0.437018 9
0.236701 33
0.177535 52
0.361480 47
0.974948 52
0.600362 47
0.039936 36
0.040402 5
0.039903 59
0.041185 75
0.000063 112
0.040112 11
0.040834 15
0.040470 19
0.041090 17
0.041211 21
0.040376 1
0.041487 1
0.041503 1
0.040642 1
0.040730 1
0.040484 1
0.040536 1
0.040644 1
0.040442 1
0.041535 1
0.038374 1
0.040487 1
0.712525 1
0.601560 1
0.371202 1
0.137953 3
0.638569 1
0.130584 8
1.153753 1
0.111696 1
0.163477 1
0.530195 4
0.324583 4
5.313323 1
0.279514 1
0.231566 1
0.401996 10
1.450704 1
0.213560 1
0.118316 4
0.910921 1
0.094633 1
0.148284 5
1.141770 1
0.171578 1
0.171370 1
0.143491 5
1.274771 142
0.948061 52
0.406052 4
0.315337 332
10.374412 1
0.112564 1
0.180797 1
0.173692 1
0.253707 1
0.137605 3
3.339166 1
0.285093 1
0.084353 1
0.164136 1
0.220933 1
0.142202 1
0.442237 2
0.000093 9
0.178703 183
0.002818 8
0.000123 77
2.692326 1
0.090323 1
0.288206 1
0.159481 3
1.545004 88
0.000081 87
1.179657 3
0.351263 1
1.090880 1
1.071216 1
0.332885 1
0.100218 6
1.077974 1
0.723181 1
0.176050 10
1.218981 1
0.114230 3
0.794740 1
0.109833 8
0.733477 1
0.359696 1
0.139305 11
1.243491 1
0.232306 5
1.075349 1
0.100665 1
0.194732 5
0.925944 1
0.086448 1
0.289143 6
1.584561 3
0.872990 2
0.000542 13
3.181519 1
0.253288 1
0.165152 1
0.076153 1
0.127611 1
2.122531 1
0.301446 1
0.252713 1
0.115752 1
0.354868 1
0.262833 1
0.576624 1
0.260399 1
0.158382 1
0.360318 1
0.647395 1
0.562268 15
0.000543 13
1.693864 1
0.255207 1
0.156837 1
0.131782 1
0.144718 1
0.514375 2
0.054705 8
0.002005 13
6.922003 1
0.253437 1
0.695721 1
0.527015 1
0.109946 1
0.168082 3
0.638889 2
0.105422 74
0.003843 13
5.977768 1
0.122258 1
0.122332 1
1.128731 1
0.253744 1
0.235012 1
0.345542 1
0.264595 2
0.157766 11
0.004352 79
0.000097 74
0.000211 73
0.000161 146
0.000152 70
0.000136 97
0.000075 85
0.000070 74
0.000209 142
0.000076 85
0.000099 140
0.005593 13
21.571869 1
0.142553 1
0.085082 1
1.995472 1
0.430093 1
0.246366 1
0.194614 1
0.118122 5
0.568680 2
0.055914 67
0.002221 13
2.654309 12
1.475787 3
0.600442 3
0.040280 3
0.040751 3
0.040156 3
0.246723 3
0.158270 3
0.137159 3
0.607501 1
0.136700 1
0.336333 1
0.486380 41
1.031430 1
0.149445 5
0.584686 2
0.066307 64
0.002989 13
7.513010 1
0.138292 1
0.476482 1
0.787270 1
0.706376 1
0.177538 1
0.222332 1
0.130277 1
0.243105 2
0.328989 2
0.061276 48
0.002040 13
12.806836 1
0.134039 1
0.118237 1
0.633332 1
0.447252 1
0.311603 1
0.156185 1
0.203131 1
0.133230 9
0.347344 2
0.076355 13
1.657461 17
0.940916 17
5.140117 1
0.117010 1
0.141270 1
0.512824 1
0.402450 1
0.280681 1
0.095702 1
0.187939 4
1.194778 1
0.328080 1
0.266099 6
0.560883 2
0.059312 132
0.000156 243
0.001956 13
6.653089 1
0.312210 1
0.127837 1
0.313086 2
0.232469 105
0.001085 35
0.000114 3
0.000079 8
1.618622 1
0.121320 3
0.089290 1
0.193142 78
0.000403 105
0.000697 46
19.877722 8
0.000053 3
0.027013 13
5.328781 8
0.008633 74
1.009161 13
0.560857 11
0.190389 183
0.002882 8
0.000036 77
1.514634 1
0.108459 1
0.211536 2
0.000556 13
0.904716 1
0.138551 1
0.138015 1
0.169089 2
0.000353 14
0.001072 13
17.365190 1
0.038795 1
0.407743 2
0.120269 62
0.000135 52
0.031962 71
0.000140 30
0.002912 13
2.953631 1
0.266593 1
0.523535 1
0.154129 1
0.421239 3
0.125031 3
0.430736 1
0.166935 1
0.169010 1
0.148311 1
0.435234 2
0.110545 65
0.000224 55
0.039274 200
0.000161 1337
0.002749 13
5.086190 1
0.092353 1
0.351759 1
0.555234 1
0.426872 1
0.099342 1
0.215639 2
1.525774 1
0.252995 1
0.225118 1
0.175917 1
0.454102 2
0.000104 20
0.000156 24
1.125398 1
0.201970 1
1.500467 1
0.275442 1
0.247384 1
0.218197 1
0.301243 41
1.239382 30
2.424717 1
0.365624 1
0.141306 3
1.131480 1
0.331577 2
0.000213 42
0.000135 29
0.000081 32
1.216968 1
0.153871 1
0.840071 1
0.230449 7
1.582252 2
0.114885 87
0.000039 52
0.033859 121
0.000229 2011
0.000170 2281
0.000457 3512
0.000100 1046
0.000071 644
0.000052 406
0.000037 279
0.000053 370
0.000036 255
0.000052 366
0.000037 221
0.000055 508
0.000037 328
0.000034 277
0.000061 394
0.000051 434
0.000051 449
0.000114 1119
0.000053 533
0.000050 493
0.000038 364
0.000052 520
0.000045 309
0.000074 982
0.000403 442
0.000072 4095
0.000074 2179
0.000064 581
0.000072 831
0.000038 401
0.001383 584
0.000408 4095
0.000437 4095
0.000388 4095
0.000028 4095
0.000746 4095
0.000178 4095
0.000027 4095
0.001543 4095
0.000375 4095
0.000463 4095
0.000772 4095
0.000035 4095
0.000638 4095
0.000030 4095
0.000278 4095
0.001516 3654
0.002461 13
4.603150 1
0.447050 1
0.377531 1
0.147882 1
0.118916 2
1.070025 1
0.819757 1
0.309724 1
0.369625 1
0.457652 1
0.113101 1
0.186730 2
0.652319 1
0.137265 1
0.156580 1
0.292652 2
0.462761 2
0.114731 78
0.000041 55
0.031283 12
0.000144 170
0.002879 13
23.139968 17
0.019537 17
12.804871 1
0.168679 1
0.274098 1
0.180166 1
0.594430 1
0.192926 1
0.279924 1
0.186012 3
0.160919 3
0.155827 3
0.141083 3
0.659674 1
0.373041 1
0.290841 1
0.184232 1
0.125921 5
1.566437 1
0.378360 1
0.132848 9
1.568970 1
0.107203 1
0.153796 2
0.610881 1
0.060176 1
0.159261 2
0.680491 1
0.208634 1
0.211905 1
0.171552 1
0.446598 2
0.000436 136
0.000417 132
0.000348 122
0.000058 44
1.141203 1
0.147370 1
0.000114 1
1.219084 1
0.614573 1
0.173688 1
0.853391 1
0.101738 1
0.188644 1
0.251575 1
0.251522 1
0.220036 1
0.462947 1
0.137872 1
0.550608 1
0.568234 1
0.272141 2
0.049669 34
0.002515 13
2.678594 46
0.275704 1
0.600529 1
0.040467 1
0.040665 1
1.632208 1
0.422011 5
0.273999 2
0.081215 288
0.000222 2587
0.000061 1535
0.002101 13
56.715006 1
0.124716 1
0.149487 1
0.610303 1
0.263419 1
0.217030 1
0.180728 2
0.202147 77
0.005966 77
0.003568 91
0.003305 98
0.003220 87
0.003211 93
0.003221 94
0.003218 88
0.003221 94
0.003323 88
0.003223 84
0.003252 13
10.220379 1
0.149625 1
0.121987 1
0.184530 1
1.099970 1
0.141851 1
0.799068 1
0.111027 1
0.193060 2
0.483784 16
0.273935 152
0.000253 2
0.000141 16
0.000145 2
0.000130 32
0.000136 2
0.000135 2
0.000130 20
0.000135 2
0.000132 26
0.000132 2
0.000128 35
0.000136 2
0.000132 36
0.000141 2
0.000150 24
0.000135 2
0.000131 33
0.000136 2
0.000130 34
0.000132 2
0.000130 25
0.000137 2
0.000130 25
0.000130 2
0.000132 28
0.000133 2
0.000130 32
0.000132 2
0.000127 4
0.850508 63
0.601308 61
0.040165 17
0.000083 43
0.039716 33
0.000081 33
0.040929 17
0.000083 16
0.000041 32
0.040318 63
0.041138 61
0.040157 17
0.000069 48
0.040110 69
0.040767 66
0.040954 65
0.040821 67
0.041115 33
0.000024 28
0.041252 63
0.040836 67
0.041190 77
0.040186 33
0.000042 6
0.039689 33
0.000013 29
0.040427 142
0.041800 189
0.039844 57
0.040513 39
0.041643 77
0.040273 189
0.041014 189
0.039994 161
0.040973 39
0.040453 189
0.040234 33
0.000025 156
0.040035 33
0.000024 29
0.040127 39
0.040927 193
0.040333 17
0.000082 22
0.040078 86
0.040290 189
0.040675 17
0.000040 16
0.000033 73
0.039918 17
0.000057 22
0.040189 17
0.000057 16
0.000052 91
0.040550 39
0.040700 17
0.000077 16
0.000070 54
0.039190 189
0.041305 189
0.040231 189
0.040170 17
0.000053 16
0.000050 156
0.041396 33
0.000025 156
0.040706 122
0.041266 39
0.040772 33
0.000018 42
0.040757 189
0.040045 147
0.040931 39
0.041412 171
0.040845 39
0.041828 193
0.040774 39
0.039854 84
0.041546 189
0.040796 148
0.041717 39
0.040843 85
0.041084 189
0.040027 189
0.040344 189
0.041119 189
0.041125 86
0.041416 39
0.041215 76
0.040296 189
0.040598 183
0.039921 39
0.041729 76
0.040943 189
0.041056 189
0.041007 189
0.040291 33
0.000025 104
0.041214 39
0.040977 79
0.040666 33
0.000043 156
0.040026 189
0.040803 189
0.364674 19
0.019032 13
7.573435 1
0.279951 1
0.172411 1
0.039331 1
0.166571 1
0.218181 1
0.318403 2
0.765537 267
0.000075 151
0.046419 4
5.200228 1
0.130724 1
0.209541 1
0.181095 1
0.116770 1
0.130437 1
0.106024 1
0.409127 1
0.139658 1
0.111411 1
0.203028 2
0.002899 4
0.556367 1
0.114676 1
0.142510 1
0.509782 1
0.318717 1
0.107529 1
0.153278 1
0.242486 5
0.810022 5
1.609184 1
0.307835 1
0.426396 1
0.284493 1
0.128764 1
0.336681 12
0.004579 4
8.551577 1
0.196115 1
0.217452 1
0.170834 1
0.023918 1
0.078978 1
0.147288 1
0.394079 1
0.110413 1
0.775343 4
1.937617 1
0.105235 87
0.003907 4
1.708871 1
0.219970 1
0.254473 1
0.162108 1
0.081899 1
0.104532 1
0.125996 1
0.418405 1
0.107108 1
0.216408 2
0.004351 4
0.889015 1
0.152749 1
0.178271 1
0.313262 1
0.199789 1
0.160416 1
0.813574 1
0.073455 1
0.172777 1
0.854057 1
0.090648 1
0.196839 1
0.599596 3
0.233476 3
0.338611 1
0.495747 5
0.214530 5
0.133721 5
0.115955 5
0.114684 5
0.200989 2
0.077469 8
0.000911 3
0.002241 4
2.512168 4
0.016908 13
4.336269 1
0.250587 1
0.693063 1
0.106592 1
0.640755 2
0.120983 6
0.003125 13
2.527428 1
0.318798 1
0.190572 1
0.156673 1
0.264246 3
0.816267 1
0.251514 1
0.285883 1
0.143195 1
0.286583 2
0.155301 168
0.525726 5
0.000079 36
0.000543 10
0.000075 117
0.000076 1
0.000075 25
0.000076 77
0.000075 11
0.000397 64
0.000071 33
0.000073 2
0.000073 15
0.000073 12
0.000072 11
0.000072 6
0.003515 195
0.000075 28
0.000321 33
0.000046 10
0.000051 9
0.000051 17
0.000412 48
0.000053 123
0.000128 91
0.000044 52
0.001845 39
0.000059 189
0.000158 8
0.000055 101
0.000052 12
0.000052 5
0.000052 33
0.000051 80
0.000051 7
0.000074 5
0.000051 67
0.000052 10
0.000050 4
0.000051 10
0.000050 7
0.000051 10
0.000050 7
0.000050 11
0.002638 252
0.000125 37
0.000595 33
0.000056 30
0.000283 112
0.000266 244
0.000050 87
0.000133 19
0.000048 25
0.002216 19
0.000055 157
0.000143 54
0.000048 22
0.000052 5
0.000052 23
0.000051 74
0.000050 15
0.000051 9
0.000050 55
0.000050 52
0.000049 7
0.000050 48
0.000050 25
0.000049 7
0.000049 7
0.000048 7
0.000051 10
0.000049 7
0.000048 7
0.000049 12
0.000051 6
0.001490 5
0.000036 61
0.000259 6
0.000034 104
0.000123 68
0.000032 13
0.000134 39
0.000032 72
0.000029 121
0.000033 1
0.000106 98
0.000030 22
0.000032 1
0.000033 8
0.000033 11
0.001453 61
0.000040 191
0.000203 23
0.000033 56
0.000103 3
0.000134 10
0.000031 60
0.000065 35
0.000032 125
0.000067 4
0.000032 54
0.000034 6
0.000033 6
0.000034 9
0.000032 8
0.000033 16
0.000033 12
0.000033 18
0.000033 18
0.000032 14
0.000033 4
0.000827 19
0.000038 180
0.000113 28
0.000104 14
0.000030 28
0.000089 59
0.000028 2
0.000090 52
0.000030 14
0.000125 38
0.000032 56
0.000033 1
0.000085 33
0.000033 70
0.000146 47
0.000073 23
0.000030 18
0.000099 35
0.000030 34
0.000098 16
0.000031 42
0.000034 5
0.000033 7
0.000032 18
0.000033 4
0.000106 21
0.000106 38
0.002249 41
0.000908 29
0.000081 1
0.000147 9
0.000036 78
0.000073 44
0.000029 19
0.000039 114
0.000029 1
0.000015 4
0.000099 37
0.000021 8
0.000270 9
0.000008 61
0.000077 3
0.000016 49
0.000059 36
0.000016 13
0.000063 35
0.000113 5
0.000017 16
0.000037 1
0.000036 4
0.000123 62
0.000339 25
0.000009 2
0.000117 14
0.000017 36
0.000284 13
0.000008 3
0.000089 21
0.000016 24
0.000034 4
0.000065 12
0.000038 44
0.000039 1
0.000257 14
0.000018 2
0.000046 5
0.000063 9
0.000037 56
0.000040 2
0.000138 14
0.000017 9
0.003308 13
25.895602 1
0.238224 1
0.196944 1
0.178586 4
1.178614 1
0.212292 3
0.536007 1
0.245197 1
0.123367 1
0.184358 1
0.182230 2
0.125632 18
0.000135 108
0.000118 446
0.003879 13
7.200913 1
0.092262 1
0.211618 1
0.081131 1
0.252868 1
1.104662 1
0.216463 1
0.177475 1
0.084864 1
0.205382 1
0.875676 1
0.348509 1
0.364470 1
0.117192 1
0.535866 1
0.250398 1
0.264934 1
0.125894 1
0.197939 1
0.188154 1
0.112994 1
0.464767 1
0.326163 1
0.223109 1
0.228924 1
0.143172 2
0.039407 36
0.001420 13
7.892121 24
0.497353 1
0.600257 1
0.040567 1
0.041758 1
0.040716 1
0.041189 1
0.040885 1
0.040528 1
0.040684 1
0.040324 1
0.040432 1
0.040685 1
0.297779 1
0.413531 1
0.501913 5
0.493414 2
0.025817 36
0.002073 13
3.830459 1
0.156967 1
0.160035 1
0.113324 1
0.268590 1
2.156377 1
0.779270 1
0.219691 1
0.152616 1
0.139436 1
0.954811 1
0.396535 1
0.099933 1
0.399793 1
0.234244 1
0.240165 1
0.132313 1
0.144951 1
0.209193 1
0.148947 1
0.398139 1
0.314852 1
0.250827 1
0.235249 1
1.013953 1
0.392524 2
0.026290 36
0.001251 13
1.256020 1
0.125054 1
0.176453 1
0.099539 1
0.221388 1
0.824176 1
0.232736 1
0.442202 1
0.462568 3
0.241391 3
0.145677 3
0.115684 3
0.412860 3
0.707208 3
0.371672 3
0.110799 3
0.599117 3
0.548967 3
0.126266 3
0.558870 3
0.183367 3
0.143633 3
0.575316 3
0.253433 3
0.117302 3
0.156734 3
0.612954 3
0.681341 3
0.144314 3
0.364679 3
0.142025 3
0.124265 3
0.600652 3
0.273585 3
0.167978 3
0.150901 3
0.800458 2
0.026020 36
0.001125 13
8.859636 1
0.132387 1
0.093925 1
0.183505 1
0.147725 1
0.276879 1
0.246607 2
0.085021 7
0.002810 13
3.812225 1
0.100885 1
0.119457 1
0.077337 1
0.237128 1
0.437507 1
0.148720 1
0.065886 1
0.193585 1
0.150638 1
0.249619 1
0.244221 2
0.124275 6
0.002903 13
56.199106 1
0.000068 5
0.000078 5
0.000050 4
0.000049 4
0.000072 6
0.000050 4
0.000049 4
0.000050 4
0.000046 3
0.000073 6
0.000044 3
0.000048 4
0.000147 11
0.000052 4
0.000044 3
0.000084 6
0.000045 3
0.000084 3
0.000073 8
0.000078 3
0.000072 8
0.000083 3
0.000047 5
0.000102 7
0.000040 3
0.027814 34
0.350390 13
1.042488 118
0.476557 14
0.336351 1
0.601337 1
0.040459 1
0.041495 1
0.040688 1
0.041122 1
0.040626 1
0.040064 1
0.041290 1
0.041024 1
0.040298 1
0.040411 1
0.040725 1
0.672409 5
0.600631 5
0.041126 5
0.040339 5
0.040335 5
0.040040 5
0.040358 5
0.040451 5
0.040793 5
0.040704 5
0.040541 5
0.041128 5
0.041045 5
0.040225 1
0.040938 1
1.081374 2
0.039972 36
0.319014 13
2.930801 105
0.991168 14
0.402072 1
0.168500 1
0.156601 1
0.135611 1
0.497359 1
0.232019 1
0.153174 1
0.667206 5
0.600327 5
0.040396 5
0.039357 5
0.040569 5
0.040825 5
0.040568 5
0.041566 1
0.530150 5
0.296426 5
0.221967 5
0.076931 5
0.341243 2
0.028673 31
0.290548 13
10.221712 1
0.197916 1
0.107380 1
0.150573 1
0.106313 1
0.254691 1
0.315816 1
0.115858 1
0.204952 1
0.117740 1
0.272112 2
0.081672 15
0.002707 13
1.966874 1
0.103384 1
0.170153 1
0.103321 1
0.258983 1
0.377714 1
0.152816 1
0.233674 1
0.465257 1
0.144487 1
0.130836 1
0.268261 2
0.028496 36
0.001302 13
28.087129 1
0.585893 1
0.240422 1
0.188067 1
0.106803 5
0.962867 1
0.230709 1
0.129213 9
2.872554 1
0.059396 1
0.196240 2
0.681363 1
0.051815 1
0.125332 2
0.625799 1
0.130835 1
0.155460 1
0.410544 2
0.001068 138
0.000946 135
0.000721 135
0.000102 43
1.288159 1
0.145918 1
0.096654 1
0.439719 2
0.000434 28
0.000071 45
1.186497 1
10.101765 1
0.162336 1
0.190116 1
1.660986 67
0.634906 1
1.239696 1
0.429757 1
0.204075 1
0.971371 1
0.164256 1
0.104514 1
0.138646 1
0.281435 1
0.487883 1
0.320248 1
0.257921 1
0.098070 1
0.098585 1
0.207573 1
0.201491 1
0.585140 1
0.339642 1
0.461982 1
0.096428 1
0.169167 1
0.192075 1
0.199692 1
0.135857 1
0.113702 1
0.364278 1
0.939729 1
0.115421 1
0.953475 1
0.156056 1
0.301630 1
0.901108 2
2.578966 81
0.000183 2
0.021555 13
6.237271 133
1.243689 3
0.601234 3
0.040996 3
0.040686 3
0.040564 3
0.040955 3
0.040139 3
0.040420 3
0.040779 3
0.039512 3
0.040433 3
0.041695 3
0.040514 3
0.040513 3
0.040900 3
0.040181 3
0.040717 3
0.041121 3
0.040940 3
0.040147 3
0.040732 3
0.040573 3
0.039956 3
0.040490 3
0.040753 3
0.041348 3
0.040849 3
0.040722 3
0.039898 3
0.300425 3
1.016906 2
0.610837 835
0.000416 1362
0.000294 4095
0.000137 4095
0.000097 2822
0.003062 2809
0.003878 1403
0.018036 1349
0.000928 4095
0.000023 75
0.005876 3408
0.003270 13
0.932762 103
0.986257 1
0.788727 1
0.173766 1
1.155686 1
0.127639 1
0.202852 1
0.158022 1
0.387801 1
0.605623 1
0.443274 1
0.193458 1
1.107466 2
0.357075 13
1.925704 1
0.113476 1
0.137802 1
0.071393 1
0.238478 1
0.474315 1
0.266216 1
0.157504 1
0.077616 1
0.096556 1
0.201423 1
0.224098 1
9.081423 1
0.119180 1
0.168945 7
2.753683 1
0.112232 1
0.244992 1
0.107925 1
0.245517 2
0.720258 59
0.000163 1173
0.018979 13
25.016178 25
0.853827 3
0.150427 3
0.158289 3
0.149746 3
0.346439 3
0.541799 1
0.402038 1
0.125475 1
0.120865 1
0.201104 1
0.183263 1
0.147931 1
0.152116 1
0.199775 1
1.460402 1
0.146177 1
0.145637 1
0.165058 1
1.096587 1
0.183617 2
0.810394 83
0.024089 13
1.561354 34
0.323699 1
0.314068 1
0.192564 1
0.172678 1
0.110612 1
0.217757 1
1.784844 5
0.600885 5
0.040814 5
0.041333 5
0.040665 5
0.040560 5
0.219917 5
0.720140 5
0.378504 5
0.367289 2
0.809434 81
0.000142 2
0.019778 13
65.320594 1
0.379608 1
0.267085 1
0.579886 1
0.189095 1
0.143093 1
3.373081 6
0.744055 5
0.144944 5
0.103780 5
0.106517 5
0.211524 5
0.967089 6
8.978289 1
1.242833 1
0.334037 1
0.112056 1
0.190747 4
1.267601 1
0.581300 3
1.327942 3
0.600870 3
0.040847 3
0.040482 3
0.039971 3
0.040299 3
0.174293 3
0.609932 1
0.295124 1
0.202338 1
0.120414 5
0.811659 1
0.241875 10
1.975514 1
0.122084 3
0.816580 1
0.167459 3
1.030093 1
0.143051 1
0.153870 1
0.133635 1
0.286225 1
0.429014 1
1.858272 1
1.075836 1
0.180412 1
0.214378 2
0.643171 1
0.084220 1
0.144011 2
0.693286 1
0.093240 1
0.178337 1
0.871674 1
0.214577 2
1.278148 2
0.108332 4
0.000147 28
0.002517 13
1.700917 58
0.303324 1
0.599339 1
0.041229 1
0.040643 1
0.040428 1
0.040914 1
0.040838 1
0.041155 1
0.041048 1
0.040481 1
0.040617 1
0.040036 1
0.040569 1
0.040698 1
0.040084 1
0.040636 1
0.040899 1
0.040401 1
0.039890 1
0.040576 1
0.041401 1
0.039584 1
0.039864 1
0.040052 1
0.040889 1
0.040271 1
0.040620 1
0.040942 1
0.040397 1
0.040418 1
0.040531 1
0.040716 1
0.040998 1
0.041192 1
0.041197 1
0.040408 1
0.041586 1
0.039984 1
0.041208 1
0.040066 1
0.040094 1
0.041268 1
0.041382 1
0.040278 1
0.040520 1
0.040893 1
0.039817 1
0.267045 1
0.674927 5
0.129068 2
0.084802 13
1.765208 59
0.156019 76
0.157475 48
0.202142 25
0.353848 20
0.360697 17
0.589643 25
0.950064 2
2.416725 22
0.026913 13
16.015829 29
1.067388 1
0.137166 1
0.500138 1
0.166780 1
0.160237 1
0.167744 1
0.445637 5
0.143218 5
0.664652 5
0.113977 5
0.091913 5
0.184977 5
0.168376 5
0.157795 5
0.127400 5
0.239599 2
1.838512 22
0.027577 13
1.027753 34
0.361121 3
0.144684 3
0.154311 3
0.153050 3
0.141933 3
0.480856 1
0.092613 1
0.175114 1
0.110807 1
0.315246 2
1.490131 21
0.022929 13
6.245346 33
1.384541 3
0.158662 3
0.297160 3
0.159001 3
0.906148 1
0.304422 1
0.233521 1
0.076028 1
0.199631 1
0.597886 1
0.068841 1
0.312004 2
1.481706 21
0.000310 19
0.024517 13
9.110073 1
0.110762 1
0.187210 1
0.115600 1
0.778249 1
0.146335 2
0.027270 32
0.002499 13
8.911920 110
0.452033 34
0.002649 13
0.831919 108
0.474991 14
0.285343 1
0.177516 1
0.173433 1
0.092424 1
0.601042 1
0.039752 1
0.041106 1
0.040613 1
0.040712 1
0.039317 1
0.040594 1
0.041033 1
0.040827 1
0.040466 1
0.674952 1
0.386131 5
0.600482 5
0.040559 5
0.039452 5
0.040521 5
0.040365 5
0.040750 5
0.040382 5
0.040026 5
0.040143 5
0.040228 5
0.039932 5
0.040415 5
0.040677 1
0.041315 1
0.040711 1
0.040417 1
1.089972 2
0.987608 87
0.242424 49
0.000242 21
0.000180 31
0.000078 34
0.000131 43
0.000132 39
0.000121 21
0.041815 70
0.000801 16
0.000157 20
0.000090 16
0.000078 17
0.000081 16
0.000082 16
0.000079 22
0.000091 37
0.000089 25
0.000133 32
0.000100 19
0.000058 21
0.000060 23
0.021119 71
0.001429 1
0.000583 83
11.874324 318
0.110104 322
0.096759 110
0.098470 326
0.110640 325
0.095764 71
0.104014 88
0.094431 88
0.422021 67
0.021407 116
0.389775 112
0.112152 79
0.023376 69
0.741743 146
0.000259 2
0.000603 50
4.038777 1
0.384037 2
6.037573 25
0.000124 50
105.091772 2
4.250491 2
0.223573 2
0.161569 2
0.156684 2
19.926364 104
0.000271 155
0.008217 44
0.000056 111
0.000418 38
0.000045 112
0.000526 19
0.000064 118
0.000559 143
0.001521 54
0.000066 115
0.001596 187
0.006792 173
0.001425 145
0.001311 156
0.000758 131
0.000747 134
0.000715 163
0.012274 22
0.000084 19
0.062966 62
0.003670 13
111.694693 95
4.595507 2
0.985219 87
0.220901 49
0.000156 21
0.000081 31
0.000110 34
0.000100 43
0.000095 39
0.000092 21
0.159567 71
0.001350 1
0.000592 83
2.126062 88
0.456445 67
0.024060 116
0.381657 112
0.093917 79
0.021316 69
0.679278 146
0.000047 2
0.000766 50
2.121895 1
0.822831 2
2.677777 25
0.000255 50
180.068211 2
80.169813 36
0.000171 223
0.000153 44
0.000038 111
0.000342 150
0.000346 19
0.000037 118
0.000306 26
0.000036 117
0.000858 169
0.001325 72
0.000146 115
0.000797 52
0.000074 121
0.000974 27
0.000116 118
0.000842 37
0.000163 119
0.000624 20
0.000092 111
0.000934 134
0.000593 4
0.001583 36
0.000465 123
0.000506 22
0.000103 17
0.000030 2
0.066485 62
0.003661 13
36.115761 1
0.257475 1
0.570956 1
0.091755 1
0.161322 1
0.185595 1
0.084302 1
0.974746 1
0.133082 1
0.407182 3
0.158254 3
0.187160 3
0.532310 3
1.199302 1
0.135119 1
0.241050 1
0.706286 1
0.094830 1
0.095138 1
0.284431 1
0.107114 1
0.749849 1
0.148455 1
0.412882 1
0.318428 1
0.107744 1
0.135691 2
0.000986 13
3.413968 1
0.386404 3
1.442469 1
0.141101 1
0.179821 1
0.099589 1
0.250753 1
2.145558 5
0.000110 6
0.000064 3
0.000099 4
0.000083 4
0.000077 3
0.000104 6
0.000086 4
0.000097 3
0.000083 6
0.000077 3
0.000109 6
0.000077 3
0.000076 3
0.000075 4
0.000097 4
0.000178 2
0.951082 14
0.288405 1
0.153737 1
0.161720 1
0.101219 1
0.110693 1
0.827670 5
0.171079 5
0.795940 69
0.671872 1
0.411886 1
0.132455 1
0.706172 1
0.243567 1
0.166868 1
0.373397 1
0.149645 1
0.190633 1
0.343700 1
0.161642 1
0.663668 1
0.201087 1
0.186128 1
0.360802 2
0.033820 11
0.000052 51
0.000128 4
0.000087 54
0.000041 11
0.000100 31
0.000047 66
0.000070 11
0.136355 5
0.000236 3
0.000138 25
0.000125 4
0.000464 3
0.000144 27
0.000123 20
0.000123 20
0.000122 20
0.000133 21
0.000164 1
0.000093 1
0.000090 1
0.000102 1
0.000070 10
0.000124 4
0.000070 10
0.000118 4
0.000117 11
0.000134 3
0.000048 7
0.000090 3
0.000041 13
0.000089 4
0.000046 11
0.000083 4
0.000040 11
0.000152 4
0.000043 13
0.000088 4
0.000042 8
1.236479 79
0.175819 19
0.000036 32
0.000040 28
0.590558 13
0.000249 1
0.000091 47
0.000092 12
0.000084 8
0.007121 13
3.949315 1
0.094314 1
0.257969 1
0.161682 1
0.131491 1
0.121450 1
1.484174 1
0.250680 1
0.669644 1
0.466934 1
0.160430 1
0.157321 10
0.409704 2
0.056432 13
0.972325 1
0.061642 1
0.504045 1
0.156150 1
0.097776 10
0.472988 2
0.711660 11
0.032787 63
0.000157 500
0.000264 15
0.069079 54
0.000988 28
0.065977 76
0.275215 51
0.184111 62
0.111938 55
0.181429 45
0.264124 58
0.320500 103
0.312594 57
0.710490 62
0.006733 2
0.000040 114
0.000035 190
0.000969 8
0.040954 11
0.002994 13
42.295225 1
0.303060 1
0.697043 1
0.194907 1
0.191310 1
0.266516 1
0.920913 3
0.168980 3
0.148611 3
0.138425 3
0.561392 1
0.058877 1
0.139505 1
0.534755 1
0.265080 1
0.284081 1
0.370765 3
0.133458 3
0.141581 1
0.167657 1
0.217211 1
0.249295 1
0.150029 1
0.171591 1
0.216775 1
0.153507 1
0.218135 1
0.268153 1
0.203148 1
0.119797 1
0.424470 1
0.130443 1
0.307902 1
0.163715 1
0.151016 1
0.114868 1
0.741039 3
0.162271 3
0.150739 3
0.148995 1
0.889775 1
0.161665 2
0.000508 13
1.333399 8
0.009937 74
2.065041 17
