0.341007 19
0.014887 8
0.000057 47
2.750608 1
0.105077 1
0.106256 1
0.086093 1
0.221507 1
0.294551 1
0.182804 1
0.223109 1
0.208285 1
0.147498 1
0.121828 1
0.576501 1
0.245245 1
0.075712 1
0.227476 1
0.128573 1
0.611770 1
0.063921 1
0.658288 1
0.133144 1
0.438746 1
0.764254 1
0.514061 1
0.355668 1
0.131017 2
0.923196 1
0.134084 1
0.641387 1
0.183244 7
0.916226 4
1.319092 2
0.000042 9
0.117073 27
2.660786 2
0.229114 19
0.000355 8
0.000123 47
1.443510 1
0.083018 1
0.127468 1
0.674377 1
0.277589 1
0.111010 3
0.830889 1
0.145752 8
1.725254 1
0.186101 1
0.139775 1
0.893228 4
0.152640 4
0.780862 1
0.315047 1
0.235089 1
0.196852 10
1.082461 1
0.190538 1
0.159351 4
0.866087 1
0.112970 1
0.124010 1
0.000052 4
0.923630 1
0.082616 1
0.306942 6
1.869160 142
1.838803 1
0.155430 1
0.208509 1
0.427453 1
0.285654 1
0.116702 1
0.154599 1
0.441211 1
0.487796 1
0.231850 1
0.338158 5
1.512162 11
0.005600 59
0.000061 385
0.000262 74
8.837588 1
0.095393 1
0.199876 1
0.076168 1
0.261012 1
0.610903 1
0.117137 1
0.190276 1
0.300287 1
0.119731 1
0.087928 1
0.117458 1
0.654890 1
0.243185 1
0.081948 1
0.292764 6
1.087450 11
5.778224 19
0.000162 8
0.000095 47
1.806093 20
0.564847 1
0.092171 8
1.157139 11
0.084257 19
0.000198 55
1.412963 1
0.122345 1
0.115719 1
0.275831 1
0.136054 1
0.205537 11
0.002106 194
0.000815 74
25.194671 1
0.115447 1
0.069121 1
0.130732 1
0.093901 1
0.232483 1
0.616956 1
0.085048 1
0.214405 1
0.158315 1
0.283633 1
0.175447 1
0.264588 1
0.353004 2
0.000041 9
0.016429 59
0.000329 19
0.000078 8
0.000031 47
1.285534 1
0.129480 1
0.153685 1
0.148899 1
0.255876 1
0.163963 1
0.113043 1
0.149952 1
1.291995 1
0.138521 1
0.112066 1
0.272688 1
0.143240 1
3.419612 11
0.024746 92
6.722624 45
4.812671 183
0.007285 8
0.000218 77
2.161733 1
0.085633 1
0.116222 2
0.000529 13
0.783082 1
0.216054 1
0.587828 3
0.109893 1
0.180618 1
0.503011 1
0.244833 1
0.364093 2
0.107842 10
0.002724 150
0.000151 288
0.000070 73
0.000055 144
0.000059 141
0.000060 140
0.000074 143
0.000075 141
0.002696 13
21.309746 1
0.224567 1
0.123884 1
0.151937 1
0.093300 1
0.461741 2
0.094794 8
0.002395 13
2.223630 1
0.234740 1
0.183533 1
0.083282 1
0.055479 1
1.935579 1
0.262892 1
0.263172 1
0.127777 1
0.242853 1
0.284017 1
0.575505 1
0.131852 1
0.219048 1
0.209492 1
0.259330 1
0.179267 1
0.101920 1
0.822198 3
0.150831 3
0.135227 3
0.080852 3
0.150282 3
0.367058 3
0.232344 1
0.271171 1
0.443012 1
0.276151 1
0.163503 1
0.101387 1
0.258363 2
0.000302 15
0.000635 13
1.980452 1
0.217926 1
0.883576 1
0.430673 1
0.270101 4
0.653503 2
0.119193 74
0.003235 13
3.257493 1
0.107908 1
0.185154 1
0.105153 1
0.240761 1
0.622204 1
0.126515 1
0.146290 1
0.829715 4
0.000077 7
0.000069 4
0.000067 5
0.000055 3
0.000048 5
0.000070 5
0.000048 3
0.000074 5
0.000047 3
0.000289 2
0.000039 23
1.124536 1
0.572695 1
0.161046 1
0.742217 1
0.155304 1
0.200705 1
1.000070 1
0.192865 1
0.518487 1
0.361183 1
0.134534 1
0.566678 1
0.199348 1
0.246921 1
1.025768 2
3.034353 13
2.545544 1
0.108467 1
0.223033 1
0.200545 1
1.675117 1
0.112255 1
0.868212 1
0.304854 1
0.213412 1
1.175490 1
0.126005 1
1.461443 1
0.140342 1
0.133537 10
1.337188 2
0.098585 13
1.143570 1
0.062682 1
0.450717 1
0.116402 1
0.142845 10
0.831863 2
0.730357 11
0.032889 168
0.000249 395
0.000179 15
0.077270 54
0.000906 28
0.065570 76
0.319801 51
0.180638 52
0.108862 55
0.178818 55
0.291822 58
0.353687 103
0.309538 57
0.691325 62
0.006779 2
0.000073 114
0.000064 190
0.000920 8
0.045077 11
0.002832 13
10.274119 1
0.282524 1
0.941616 1
0.131193 1
0.218110 1
0.129210 1
0.206274 1
0.393950 1
0.143794 1
0.830050 1
0.082608 1
0.312706 1
0.147272 1
0.284097 1
0.138816 1
1.161571 1
0.033661 1
0.233209 1
0.161383 1
0.683433 1
0.225534 1
0.075079 1
1.846335 3
1.218369 2
0.000214 13
0.803755 1
0.803127 1
4.214511 1
0.121652 1
0.229449 1
0.123654 1
0.254595 1
0.604390 1
0.118168 1
0.133715 1
0.269283 1
6.584284 1
0.088010 1
0.176018 1
0.057811 1
0.177293 1
0.133684 1
1.007300 1
0.124400 1
0.072166 1
0.139952 1
0.513109 1
0.555345 3
0.170770 3
0.130489 3
0.131101 3
0.147541 3
0.144820 3
0.473468 1
0.220062 1
0.264187 1
0.261895 1
0.301971 1
0.123240 1
0.648536 1
0.103814 1
0.464412 1
0.089948 1
0.324501 1
1.422158 1
0.116060 1
0.253154 1
0.494480 1
0.250373 1
0.406655 1
0.397913 1
0.135100 1
0.260067 1
0.520493 1
0.618098 1
0.195955 1
0.178510 1
1.830654 1
0.301562 1
0.527250 1
0.100990 1
0.289337 1
0.196124 1
0.205714 1
0.179276 1
0.171409 1
0.552034 1
0.107469 1
0.202393 1
0.306969 1
0.139585 1
0.162670 1
0.134082 1
0.073563 1
0.193909 1
3.503140 14
0.718393 7
0.331221 2
0.000562 13
3.676425 2
0.000682 13
0.411586 1
0.575057 1
0.710241 1
0.090699 1
0.645979 1
0.257139 1
0.107372 1
0.149340 1
0.184741 1
0.481304 1
0.086658 1
0.191049 1
0.168575 1
0.139661 1
3.376692 1
0.125840 1
0.322056 1
0.360324 1
0.164173 1
0.100827 1
0.150515 1
0.781322 1
0.174864 1
0.174915 1
1.066843 1
0.168249 1
0.128807 1
0.148881 1
0.077275 1
0.167387 1
0.384288 1
0.218878 1
0.268700 1
0.180930 1
0.372629 2
0.000734 13
1.763189 8
0.010778 19
0.000194 55
3.934453 17
