0.220791 19
0.000461 8
0.000131 47
0.867497 1
0.274115 1
0.670396 1
0.291784 1
0.111916 1
0.177589 1
0.137891 1
0.685569 1
1.197146 4
0.193523 1
0.162310 1
0.472920 1
0.238485 1
0.238018 1
0.550922 1
0.257923 1
0.300070 1
0.111389 1
0.800419 1
0.090939 1
0.137291 1
0.129225 1
0.571492 1
0.101375 1
0.089438 1
0.186656 1
0.357188 1
0.070026 1
0.508396 4
0.173831 4
0.119402 4
0.121541 4
0.098053 1
0.240276 1
0.388527 1
0.104933 1
0.190657 1
0.317886 1
0.039771 1
0.202402 1
0.141466 1
1.765336 1
0.108825 1
0.513821 1
0.243581 1
0.231129 1
1.103639 4
0.148713 4
0.142068 4
0.619991 1
0.101090 1
0.202368 1
0.143943 1
0.204664 1
0.856473 1
0.207314 1
0.120654 1
0.134465 1
0.495825 1
1.010453 1
0.045834 1
0.242712 1
0.482999 1
0.266555 1
0.152530 3
0.590450 1
0.147272 8
0.911351 1
0.260907 1
0.193681 1
0.637602 1
0.252514 1
0.153365 1
1.081826 1
0.265687 1
0.575853 1
0.466854 1
0.559976 1
0.133788 1
0.089609 1
0.345104 1
0.667186 1
0.038924 1
0.040153 1
0.041970 1
0.040201 1
0.040217 1
0.039312 1
0.039963 1
0.040130 1
0.039310 1
0.040820 1
0.039549 1
0.040408 1
0.040356 1
0.039925 1
0.040018 1
0.039870 1
0.039912 1
0.039654 1
0.040542 1
0.039498 1
0.039817 1
0.040487 1
0.040521 1
0.039739 1
0.039502 1
0.039430 1
0.040896 1
0.040282 1
0.039742 1
0.263617 1
0.147899 1
0.376950 1
0.398701 5
0.138228 5
0.142700 5
0.158813 5
0.171082 5
0.396731 1
0.548214 5
0.211543 5
0.441961 3
0.738690 5
0.106958 5
0.311801 3
0.630057 5
0.135178 5
0.301046 3
0.505664 5
0.249779 5
0.409427 3
0.515874 5
0.251257 5
0.385351 3
0.537825 5
0.195995 5
1.071109 85
0.723620 1
0.148377 1
0.648816 1
1.613039 1
0.701688 1
0.099359 1
0.417618 1
0.196614 1
2.477483 1
0.146437 1
0.134536 1
0.374082 1
0.214682 1
0.264561 1
0.388156 1
0.781096 1
0.252805 1
0.145068 1
0.107553 1
0.735659 1
0.112126 1
0.256395 1
0.396409 3
0.241122 3
0.349308 1
0.266867 1
0.172032 1
0.077029 1
0.161900 1
2.294223 1
0.312902 1
0.384971 1
0.176546 1
0.393402 1
0.392918 1
0.138937 1
0.126563 1
0.920673 1
0.336623 1
0.221667 1
0.139443 1
0.158248 1
0.747544 1
0.100143 1
0.231753 1
0.653648 3
0.424735 3
0.805158 3
0.301072 1
1.030815 3
0.624708 3
0.438809 3
0.340737 3
1.666214 3
0.085084 3
0.440710 3
0.333632 3
0.256827 3
0.057851 3
1.055504 3
0.720754 3
0.270751 3
0.238758 3
0.245915 3
0.160918 3
0.666114 3
0.263319 3
0.561757 3
0.407696 3
0.611548 3
0.122636 3
0.146665 3
0.427693 3
0.509492 1
4.312621 1
0.148296 1
0.654845 1
0.794670 1
0.373987 1
0.162573 3
0.602564 1
0.178157 8
1.097456 1
0.326757 1
0.249450 1
0.260911 1
0.190791 1
1.019115 1
0.235213 1
0.552863 1
0.822079 1
0.372675 1
0.133313 1
0.137268 1
0.653804 1
3.918739 1
0.144805 1
0.256798 1
0.322231 1
0.122890 1
0.196870 1
0.799203 2
0.000041 9
0.000160 19
0.000111 8
0.000031 47
0.457400 11
0.000161 19
0.000077 8
0.000029 47
7.018982 1
0.383076 1
1.552770 1
0.312620 1
0.193907 1
0.211818 1
0.564046 1
0.287192 1
0.129610 1
0.289465 4
0.156995 4
0.139415 4
0.136476 4
0.111539 4
0.133331 4
0.430495 4
0.548288 1
0.248496 1
0.295673 1
0.289230 1
0.153212 1
0.979200 1
0.410239 1
0.182565 1
0.280685 1
0.229080 1
0.141880 1
0.082881 1
0.232973 85
9.019638 1
0.125984 1
0.113323 1
0.229475 1
0.384919 1
0.107529 1
0.234257 1
0.156557 1
0.165354 1
0.146825 1
0.391134 1
0.185312 1
0.183137 1
0.132480 1
0.152335 1
0.682271 1
0.455218 1
0.126383 1
0.912179 1
0.440559 4
0.335927 1
0.094879 1
0.123213 1
0.120148 1
0.156084 1
0.115733 1
0.614906 1
0.270607 1
0.101211 1
0.158031 1
0.532622 1
0.429041 1
0.094175 1
0.571533 1
0.138762 1
0.137574 1
0.517922 1
0.250173 1
0.173129 1
0.142215 1
0.615681 1
0.430589 1
0.337183 1
0.563635 1
0.585051 1
0.482259 1
0.167492 1
0.125641 1
0.677299 1
0.188900 1
0.235164 1
0.172854 1
0.275844 1
0.172931 1
0.147307 1
0.577550 1
0.242664 1
0.317914 1
0.146931 1
0.175029 1
0.815545 1
0.184123 1
0.380361 1
0.176594 1
0.226283 2
0.755021 1
0.286782 1
0.168129 1
2.698107 11
0.002261 28
1.775781 167
0.000042 123
0.000302 165
0.000084 84
0.000064 42
0.000065 438
0.001726 88
0.007611 178
0.000191 180
0.087721 143
1.459277 59
0.100944 59
0.181421 59
0.000168 228
0.000107 114
0.004698 58
0.000836 58
0.119608 58
0.000266 58
0.000244 58
0.000127 58
0.002041 58
0.000726 58
0.000279 58
0.000121 58
0.000127 58
0.020780 58
0.000476 58
0.000051 58
0.000250 58
0.008074 58
0.000174 58
0.027543 58
0.000055 58
0.000259 58
0.000046 58
0.000133 58
0.000112 58
0.044461 58
0.096863 58
0.031721 58
0.000176 58
0.329977 58
0.039885 58
0.000209 58
0.000090 58
0.000071 58
0.000090 58
0.180806 58
0.000209 58
0.234872 58
0.000288 58
0.000335 58
0.000409 58
0.000127 58
0.008719 58
0.103472 58
0.035319 58
0.003598 58
0.000055 58
0.000041 58
0.000036 58
0.008254 58
0.000059 116
0.012775 58
0.000028 58
0.053675 58
0.000159 116
0.000022 348
0.155302 58
0.000221 58
0.047190 58
0.000054 58
0.006386 58
0.023398 58
0.000237 58
0.000049 58
0.476618 58
0.000200 116
0.258736 59
0.101501 59
0.000222 59
0.004485 59
0.000165 177
0.000072 59
0.000190 59
0.000060 59
0.000060 118
0.018190 60
0.036222 60
0.038488 60
0.014527 60
0.012967 60
0.014890 68
0.001791 60
0.000062 60
0.000064 60
0.000035 60
0.000020 60
0.000018 65
0.000345 30
0.002652 30
0.000084 30
0.000119 30
0.002916 30
0.001731 30
0.000198 30
0.000159 30
0.166672 30
0.037996 30
0.032139 31
0.037357 31
0.000250 39
0.262487 19
0.000137 55
4.728227 1
0.106415 1
0.234862 1
0.583020 1
0.316560 1
0.135537 1
0.119398 2
1.224949 1
0.231658 1
0.158019 1
0.211041 1
0.980562 1
0.233243 1
0.289231 10
4.353319 1
0.113409 1
0.160047 10
0.950351 11
0.011372 102
0.001235 54
0.020412 27
3.445910 2
1.750175 31
0.002576 19
0.000130 8
0.000092 47
1.332264 1
0.115819 1
0.086777 1
0.092630 1
0.237896 1
0.362599 1
0.158398 1
0.216101 1
0.221400 1
0.146249 1
0.139581 1
0.561986 1
0.362924 1
0.135202 1
0.176768 1
0.161597 1
0.471946 1
0.092854 1
0.201416 1
0.649008 1
0.295097 1
0.692082 1
0.374275 1
0.141195 3
0.513575 1
0.106946 1
0.871577 1
0.204113 7
0.644248 4
0.532124 2
0.000041 9
0.023114 27
3.501323 2
0.203950 19
0.000313 8
0.000114 47
2.689872 1
0.124208 1
0.351753 4
0.144002 4
0.367138 1
0.101301 1
0.146974 1
0.545912 1
0.293567 1
0.121856 3
0.582688 1
0.143562 1
0.687804 1
0.208631 7
0.543331 1
0.307659 1
0.154184 11
0.650656 11
0.007530 44
0.000062 8
0.000200 58
1.030127 1
0.100859 1
0.184790 2
0.000775 9
0.024848 89
0.000470 110
1.710390 1
0.127129 1
0.214786 1
0.510442 1
0.250499 1
0.160957 1
0.110434 2
1.617862 1
0.261774 1
0.103655 1
0.329233 1
3.434448 1
0.189162 1
0.229497 1
0.103883 1
0.246842 8
2.342779 1
0.123235 1
0.136120 10
1.040282 11
0.125872 44
0.000201 66
6.948350 68
0.538479 148
1.176138 11
0.031484 72
0.000283 60
0.000969 69
0.000031 62
0.000017 65
0.000017 133
0.000152 61
0.091763 77
0.000300 153
0.000044 2
0.000064 84
0.000054 84
0.000051 75
0.000054 77
0.000047 77
0.000057 63
0.000053 82
0.000054 87
0.000054 66
0.000053 78
0.000060 55
0.026979 60
0.026800 357
0.000382 86
0.003932 44
0.000066 8
0.000062 58
18.623848 1
0.099884 1
0.205328 1
0.107293 1
0.665759 1
0.076138 1
0.214631 1
0.429375 1
0.089162 1
0.223136 1
0.803193 1
0.667075 1
0.279467 1
0.116005 3
1.366069 11
1.121040 222
0.715025 2
0.985722 110
0.728289 121
2.151935 1
6.098438 1
0.535447 1
0.320411 1
0.471139 1
0.322286 1
1.808469 1
0.145434 1
0.286678 1
0.109338 1
0.539014 4
0.121498 4
0.529942 1
0.240235 1
0.125095 1
0.172940 1
1.839375 2
0.000038 9
0.000150 44
0.000083 8
0.000024 58
1.851142 1
0.046896 1
0.867873 1
0.088700 1
0.260931 5
0.720504 1
0.115553 3
1.017882 1
0.105421 1
0.179720 5
4.399748 2
0.000042 9
0.006935 48
0.000239 70
0.036613 29
0.001290 59
0.001256 28
0.001264 64
0.000323 2
0.000084 25
0.002644 211
0.007314 3
0.004832 219
0.000667 67
0.043725 82
0.293037 18
0.000552 8
0.000053 47
0.878967 1
0.294491 1
0.593530 1
0.320207 1
0.101337 1
0.036622 1
0.240308 1
1.360971 1
2.425617 4
3.153845 1
0.380206 1
0.091643 1
0.232911 1
0.329011 1
0.130468 1
0.316960 1
0.392921 4
0.112796 1
0.255630 1
0.407222 1
0.108841 1
0.118751 1
0.289429 1
0.117937 1
0.275534 1
0.167617 1
0.367822 1
0.187227 1
0.133925 1
0.284381 1
0.433515 4
0.106286 1
0.387343 1
2.108944 1
0.126675 1
0.200473 1
0.132132 1
0.292274 1
7.667652 1
0.263409 1
0.132865 1
0.096254 1
0.097866 1
0.240047 1
0.253233 1
0.131799 1
0.120916 1
0.115495 1
12.675141 51
1.123859 85
0.957691 1
0.074143 1
0.173505 1
0.559771 3
0.238927 3
0.285675 3
0.428884 7
0.155602 7
0.401207 3
0.093462 3
0.295848 3
0.193801 3
0.259538 3
0.292367 3
0.122300 3
0.134146 3
0.372792 3
0.070348 3
0.237084 3
0.193334 3
0.372446 3
0.139125 3
1.615523 7
0.167777 7
0.798462 3
0.315756 3
0.134476 3
2.998711 84
1.726001 1
0.076511 1
0.134024 84
0.604311 1
0.134873 1
0.196834 1
0.127366 1
0.136616 1
0.220255 1
0.406915 1
0.072350 1
1.381654 2
0.000036 9
0.314450 18
0.000037 8
0.000018 47
2.127830 1
0.053857 1
0.186972 1
0.114580 1
0.170261 1
0.418787 1
0.081942 1
0.348033 11
0.006724 11
0.000604 18
0.000173 8
0.000028 47
1.034365 17
0.412034 2
0.000048 72
0.033652 50
0.258579 44
0.000309 8
0.000094 58
3.735314 121
0.764191 1
1.261391 1
0.682889 1
0.231804 1
0.179316 1
0.352994 1
1.413085 1
0.110730 1
0.160764 1
0.660261 4
0.143769 4
0.137066 4
0.755096 1
0.154845 1
0.146291 1
0.174274 1
0.166567 1
0.294356 1
0.206181 1
0.345869 1
0.200530 1
0.141276 1
0.161983 1
0.110678 1
0.353760 1
0.073996 1
0.181953 1
0.163379 1
0.341026 1
0.199991 1
0.208793 1
0.086606 1
0.135134 1
0.376190 1
0.163083 1
0.228522 1
0.338597 1
0.412421 4
0.279442 1
0.222057 1
0.318854 1
0.228718 1
0.347943 1
0.173564 1
0.177608 1
0.173681 1
0.245190 1
0.084084 1
0.099916 1
0.823359 1
0.264155 1
0.133038 1
0.162240 1
0.092245 1
0.669246 1
0.148238 1
0.142504 1
0.100079 1
0.224701 121
4.283714 1
0.141150 1
0.104671 1
0.184794 1
0.137404 1
0.522639 1
0.596354 1
2.005197 1
0.105251 1
0.225619 1
0.804021 1
0.225236 1
0.232939 1
0.204543 1
0.251875 1
1.703124 1
0.056537 1
2.768439 1
0.117545 1
0.222934 1
0.228930 4
0.738975 1
0.158855 3
0.594177 1
0.120735 1
0.165497 5
4.186589 1
0.329650 1
0.137326 1
0.755467 1
0.092825 1
2.607670 4
0.158451 4
0.156000 4
0.113814 4
0.213946 4
0.085224 4
1.046090 1
0.365159 1
0.103149 1
0.996079 1
0.108292 1
0.253514 1
0.230190 1
0.129148 1
0.115591 1
0.792005 1
1.724038 1
0.088363 1
4.936246 1
0.642735 1
0.242744 1
0.154759 1
0.144682 1
0.117641 1
0.831694 1
0.947699 1
0.215963 1
0.217634 1
0.503740 1
0.122159 1
0.262181 1
1.470625 11
0.009262 47
0.000155 70
0.040117 29
0.001436 66
0.001174 28
0.001448 71
0.000274 2
0.000087 25
0.002594 225
0.007761 3
0.004997 233
0.000580 67
0.036865 2
0.000033 79
0.184563 57
0.328182 191
0.051934 69
0.000030 29
0.851002 19
0.001335 32
0.039395 22
0.149793 8
0.000197 3
0.000482 191
0.046759 69
0.000072 29
0.797821 10
0.001379 50
0.117475 23
0.108180 41
0.045014 65
0.269986 6
0.355912 134
0.000738 27
0.088428 21
0.224593 21
0.072372 21
0.145136 21
0.116168 71
0.219311 6
0.344341 6
0.488456 6
0.211779 6
0.323991 29
0.001545 20
0.201069 21
0.177421 20
0.528656 18
0.347855 11
0.531982 33
0.061813 37
0.015408 146
0.000028 2
0.000031 159
0.000032 52
0.000028 2
0.000039 33
0.000031 33
0.000030 2
0.000026 3
0.000023 26
0.000024 7
0.000038 6
3.423780 2
0.000486 33
0.000589 31
0.000037 170
1.431650 172
0.000224 172
0.280921 344
0.266761 344
0.271510 344
0.268063 344
0.040773 172
0.272151 43
0.000247 170
0.298883 172
0.000075 172
0.371316 172
0.000052 172
0.275635 344
0.979733 516
0.283906 36
0.000214 170
0.310030 172
0.000045 172
0.293273 344
0.262365 172
0.000060 172
0.272413 344
0.267533 172
0.000339 172
0.272286 172
0.000127 172
0.264423 172
0.000013 172
0.020490 172
0.272930 27
0.000065 170
0.287473 172
0.000059 172
0.090254 172
0.272301 29
0.000230 170
0.292151 172
0.000183 172
0.086256 172
0.295633 38
0.000225 170
0.273377 344
0.044777 172
0.288021 32
0.000064 170
0.280732 344
0.048560 172
0.272906 38
0.000059 170
0.447726 172
0.000083 172
0.028761 172
0.289623 32
0.000224 170
0.305718 172
0.000056 172
0.007620 172
0.277896 31
0.000190 170
0.272114 344
0.009947 172
0.281163 29
0.000063 170
0.288534 172
0.000187 172
0.008975 172
0.277765 32
0.000057 170
0.271371 172
0.000039 172
0.007701 172
0.272818 30
0.000247 170
0.278223 344
0.000688 172
0.280496 174
0.000059 168
0.391692 168
0.000119 168
0.000087 168
0.000087 168
0.000093 168
0.000099 168
0.000121 168
0.024020 168
0.019829 168
0.000031 504
0.017923 170
0.000031 168
0.034684 168
0.031460 168
0.032295 168
0.035812 168
0.041765 168
0.038689 168
0.031258 168
0.029336 168
0.029006 168
0.029807 168
0.033365 168
0.033860 168
0.031611 338
0.016557 168
0.022220 168
0.002508 168
0.008498 168
0.008258 168
0.000581 168
0.001629 168
0.002181 168
0.001069 168
0.001016 168
0.001586 168
0.001167 168
0.001052 170
0.000031 168
0.076839 168
0.015744 168
0.001227 168
0.009767 168
0.010064 168
0.000600 168
0.000816 168
0.000856 168
0.000541 168
0.000413 168
0.000734 168
0.019453 168
0.021036 170
0.000231 168
0.000237 168
0.000717 168
0.000131 168
0.000468 168
0.000512 168
0.000048 168
0.000075 168
0.000131 168
0.000049 168
0.000047 168
0.000085 168
0.000057 168
0.000038 170
0.444554 34
0.000728 168
0.064525 170
0.005288 168
0.197536 168
0.022989 170
0.004381 168
0.035848 168
0.000181 2
0.001615 168
0.167619 170
0.002663 168
0.159246 170
0.003749 338
0.004975 168
0.018195 170
0.012939 168
0.034070 170
0.003144 168
0.006022 170
0.002955 168
0.007435 170
0.000749 168
0.017114 170
0.010976 168
0.014238 170
0.001628 168
0.008372 170
24.990978 38
0.000142 38
0.122739 6
0.005699 191
0.045513 69
0.000126 29
6.315728 50
0.380476 101
2.884862 10
0.001447 39
0.175930 98
0.123938 35
0.114527 1
2.835937 1
0.116711 1
3.135046 10
0.187952 16
0.204045 51
1.236001 30
0.144136 30
0.572084 66
0.995396 11
0.184319 23
0.000034 23
0.000020 23
0.000029 24
0.000035 24
0.000034 24
0.000036 24
0.000034 24
0.000034 24
0.000034 24
0.000035 24
0.000037 24
0.000290 24
0.000022 19
0.000019 5
0.000017 23
0.000030 23
0.000030 23
0.000030 23
0.000032 23
0.000031 22
0.000021 2
0.000071 24
0.000033 24
0.000031 24
0.000031 24
0.000030 24
0.000030 24
0.000031 24
0.000030 24
0.000030 24
0.000030 23
0.000017 2
0.000050 24
0.000031 24
0.000032 24
0.000030 24
0.000030 24
0.000031 24
0.000030 24
0.000030 24
0.000030 23
0.000032 23
0.000029 23
0.000031 23
0.000033 23
0.000030 23
0.000034 23
0.000032 23
0.000027 22
0.000018 2
0.000049 24
0.000031 24
0.000031 24
0.000030 24
0.000207 24
0.000022 23
0.000031 23
0.000031 23
0.000030 23
0.000031 23
0.000030 23
0.000029 23
0.000033 23
0.000027 22
0.000018 2
0.000055 24
0.000030 24
0.000030 23
0.000030 23
0.000029 23
0.000031 23
0.000032 23
0.000029 23
0.000033 23
0.000030 23
0.000030 23
0.000030 23
0.000030 23
0.000032 23
0.000032 23
0.000030 23
0.000030 23
0.000027 22
0.000018 2
0.001142 23
0.000033 46
0.000028 23
0.000032 23
0.000031 23
0.000030 23
0.000033 23
0.000029 23
0.000031 23
0.000030 23
0.000030 23
0.000030 23
0.000030 23
0.000030 23
0.000031 23
0.000031 23
0.000033 24
0.000030 24
0.000032 24
0.000031 24
0.000032 24
0.000030 24
0.000031 24
0.000032 24
0.000033 24
0.000035 24
0.000030 24
0.000036 23
0.000033 23
0.000035 23
0.000032 23
0.000033 23
0.000031 23
0.000032 23
0.000034 23
0.000037 23
0.000172 23
0.000028 22
0.000018 2
0.000060 23
0.000031 23
0.000031 23
0.000030 23
0.000031 23
0.000031 23
0.000032 23
0.000030 23
0.000029 23
0.000031 23
0.000030 22
0.000017 2
0.000047 23
0.000031 23
0.000032 23
0.000031 23
0.000029 23
0.000030 23
0.000031 23
0.000030 23
0.000029 23
0.000032 23
0.000029 23
0.000032 24
0.000031 24
0.000030 24
0.000096 23
0.000026 2
0.008410 23
0.000035 46
0.000032 23
0.000034 23
0.000033 23
0.000033 23
0.000033 23
0.000034 24
0.000035 24
0.000035 24
0.000033 24
0.000031 19
0.000018 5
0.000022 19
0.000018 5
0.000024 24
0.000035 24
0.000039 24
0.000037 24
0.000036 24
0.000036 18
0.000018 5
0.000030 23
0.000031 23
0.000032 23
0.000033 23
0.000032 23
0.000032 23
0.000031 23
0.000034 23
0.000039 23
0.000031 23
0.000032 23
0.000031 23
0.000032 23
0.000031 23
0.000031 23
0.000036 23
0.000032 23
0.000031 23
0.000032 23
0.000030 23
0.000032 23
0.000030 23
0.000031 24
0.000074 24
0.000033 24
0.000043 24
0.000033 24
0.000030 24
0.000031 24
0.000032 24
0.000058 24
0.000032 24
0.000031 24
0.000032 23
0.000031 23
0.000033 23
0.000030 23
0.000031 23
0.000048 23
0.000031 23
0.000031 23
0.000031 23
0.000031 23
0.000030 23
0.000032 23
0.000050 23
0.000030 23
0.000032 23
0.000032 23
0.000030 23
0.000032 23
0.000031 24
0.000033 24
0.000056 24
0.000031 24
0.000032 24
0.000033 24
0.000031 24
0.000032 24
0.000031 24
0.000032 24
0.000060 24
0.000032 23
0.000032 23
0.000032 23
0.000071 46
0.000018 23
0.000050 23
0.000032 23
0.000032 23
0.000032 23
0.000032 23
0.000031 23
0.000032 23
0.000031 23
0.000049 23
0.000034 23
0.000032 23
0.000030 23
0.000032 23
0.000031 23
0.000035 23
0.000052 23
0.000029 23
0.000030 24
0.000032 24
0.000031 24
0.000032 24
0.000031 24
0.000033 24
0.000053 24
0.000035 24
0.000031 24
0.000031 24
0.000034 24
0.000032 23
0.000033 23
0.000053 23
0.000034 23
0.000033 23
0.000031 23
0.000032 23
0.000030 23
0.000032 23
0.000031 23
0.000052 23
0.000034 23
0.000032 23
0.000030 23
0.000031 23
0.000031 23
0.000031 23
0.000031 23
0.000049 24
0.000030 24
0.000032 24
0.000031 24
0.000031 24
0.000031 24
0.000031 24
0.000048 24
0.000048 24
0.000033 24
0.000030 24
0.000031 23
0.000032 23
0.000031 23
0.000032 23
0.000056 18
0.000021 5
0.000017 23
0.000026 23
0.000031 23
0.000032 23
0.000031 23
0.000030 23
0.000063 23
0.000029 23
0.000035 23
0.000032 23
0.000032 23
0.000031 23
0.000031 23
0.000032 23
0.000050 23
0.000029 23
0.000032 23
0.000031 23
0.000031 24
0.000032 24
0.000031 24
0.000049 24
0.000035 24
0.000031 24
0.000031 24
0.000070 24
0.000021 48
0.000030 24
0.000049 23
0.000032 23
0.000031 23
0.000032 23
0.000030 23
0.000032 23
0.000031 23
0.000030 17
0.000024 6
0.000031 23
0.000033 23
0.000031 23
0.000030 23
0.000031 23
0.000031 23
0.000031 23
0.000058 23
0.000033 23
0.000031 23
0.000031 24
0.000032 24
0.000032 24
0.000031 24
0.000031 24
0.000056 24
0.000031 24
0.000031 24
0.000031 24
0.000032 24
0.000031 24
0.000032 23
0.000049 23
0.000029 23
0.000031 23
0.000033 23
0.000030 23
0.000032 23
0.000031 23
0.000031 23
0.000048 18
0.000020 5
0.000018 23
0.000026 23
0.000031 23
0.000031 23
0.000031 23
0.000031 23
0.000051 23
0.000032 23
0.000032 23
0.000031 23
0.000031 23
0.000032 23
0.000030 24
0.000031 24
0.000056 24
0.000032 24
0.000031 24
0.000031 19
0.000018 5
0.000017 24
0.000029 24
0.000032 24
0.000069 24
0.000035 24
0.000031 23
0.000032 23
0.000031 23
0.000032 23
0.000033 23
0.000031 23
0.000048 23
0.000033 23
0.000032 23
0.000030 23
0.000031 23
0.000031 23
0.000033 23
0.000030 23
0.000050 23
0.000031 23
0.000031 23
0.000031 23
0.000031 24
0.000032 24
0.000032 24
0.000050 24
0.000032 24
0.000031 24
0.000031 24
0.000032 24
0.000032 24
0.000032 24
0.000031 24
0.000060 24
0.000033 23
0.000031 23
0.000034 23
0.000033 23
0.000033 23
0.000032 23
0.000050 23
0.000033 23
0.000032 23
0.000030 23
0.000032 23
0.000032 23
0.000030 23
0.000031 23
0.000049 23
0.000031 23
0.000032 23
0.000031 23
0.000031 23
0.000032 23
0.000031 23
0.000046 23
0.000031 24
0.000033 24
0.000029 24
0.000032 24
0.000032 24
0.000031 24
0.000030 24
0.000809 24
0.000035 24
0.000031 24
0.000030 24
0.000032 23
0.000030 23
0.000030 23
0.000030 23
0.000032 23
0.000031 23
0.000030 23
0.000031 23
0.000030 23
0.000031 23
0.000030 23
0.000049 23
0.000032 23
0.000031 23
0.000030 23
0.000030 23
0.000032 23
0.000033 23
0.000030 24
0.000032 24
0.000030 24
0.000034 24
0.000033 24
0.000031 24
0.000035 24
0.000034 24
0.000035 24
0.000035 24
0.000035 24
0.000035 23
0.000036 23
0.000033 23
0.000035 23
0.000031 23
0.000037 23
0.000036 23
0.000036 23
0.000035 23
0.000034 23
0.000033 23
0.000034 18
0.000019 5
0.000115 23
0.000029 23
0.000030 23
0.000031 23
0.000030 23
0.000077 23
0.000020 46
0.000018 23
0.000028 23
0.000031 23
0.000031 24
0.000031 24
0.000030 24
0.000031 24
0.000033 24
0.000030 24
0.000031 24
0.000030 24
0.000030 24
0.000034 24
0.000029 24
0.000033 23
0.000030 23
0.000030 23
0.000031 23
0.000030 23
0.000031 23
0.000032 23
0.000030 23
0.000031 23
0.000032 23
0.000030 23
0.000033 23
0.000030 23
0.000031 23
0.000030 23
0.000032 23
0.000033 23
0.000030 23
0.000030 24
0.000031 24
0.000030 24
0.000031 24
0.000031 24
0.000031 24
0.000116 24
0.000029 24
0.000030 24
0.000032 24
0.000031 24
0.000030 23
0.000031 23
0.000031 23
0.000031 23
0.000032 23
0.000031 23
0.000031 23
0.000031 23
0.000031 23
0.000031 23
0.000032 23
0.000034 23
0.000031 23
0.000031 23
0.000034 23
0.000033 23
0.000031 23
0.000033 23
0.000046 23
0.000028 23
0.000031 23
0.000032 23
0.000030 23
0.000032 24
0.000030 24
0.000033 24
0.000032 24
0.000030 24
0.000031 24
0.000053 42
0.000018 6
0.000018 24
0.000031 24
0.000034 24
0.000032 23
0.000034 23
0.000029 23
0.000035 23
0.000030 23
0.000035 23
0.000114 23
0.000028 23
0.000031 23
0.000030 23
0.000033 23
0.000030 23
0.000030 23
0.000030 23
0.000034 23
0.000030 23
0.000031 23
0.000031 23
0.000033 24
0.000032 24
0.000030 24
0.000031 24
0.000030 24
0.000031 24
0.000033 24
0.000030 24
0.000032 24
0.000030 24
0.000031 24
0.000032 23
0.000030 23
0.000032 23
0.000033 23
0.000031 23
0.000030 23
0.000032 23
0.000030 23
0.000032 23
0.000030 23
0.000031 23
0.000031 23
0.000031 23
0.000030 23
0.000031 23
0.000031 23
0.000031 23
0.000032 23
0.000030 23
0.000031 23
0.000032 23
0.000031 23
0.000031 23
0.000118 24
0.000020 19
0.000019 5
0.000017 24
0.000029 24
0.000031 24
0.000031 24
0.000031 24
0.000030 24
0.000031 24
0.000031 24
0.000032 24
0.000031 23
0.000032 23
0.000031 23
0.000030 23
0.000031 23
0.000031 23
0.000030 23
0.000031 23
0.000030 23
0.000030 23
0.000031 23
0.000030 23
0.000031 23
0.000032 23
0.000030 23
0.000031 23
0.000031 23
0.000030 23
0.000030 24
0.000031 24
0.000031 24
0.000031 24
0.000030 24
0.000044 24
0.000031 24
0.000031 24
0.000032 24
0.000030 24
0.000031 24
0.000031 23
0.000031 23
0.000031 23
0.000064 23
0.000022 23
0.000089 23
0.000033 23
0.000031 23
0.000035 23
0.000030 23
0.000031 23
0.000031 23
0.000031 23
0.000031 23
0.000031 23
0.000030 23
0.000032 23
0.000030 23
0.000032 23
0.000031 23
0.000030 23
0.000030 23
0.000031 23
0.000030 24
0.000030 24
0.000031 24
0.000030 24
0.000030 24
0.000032 24
0.000030 24
0.000030 24
0.000031 24
0.000031 24
0.000029 24
0.000031 23
0.000035 23
0.000030 23
0.000030 23
0.000031 23
0.000031 23
0.000030 23
0.000030 23
0.000032 23
0.000031 23
0.000031 23
0.000030 23
0.000030 23
0.000032 23
0.000030 23
0.000031 23
0.000081 23
0.000032 23
0.000032 24
0.000030 24
0.000031 24
0.000031 24
0.000031 24
0.000029 24
0.000031 24
0.000034 24
0.000030 24
0.000030 24
0.000031 24
0.000031 23
0.000030 23
0.000031 23
0.000031 23
0.000031 23
0.000031 23
0.000031 23
0.000031 23
0.000030 23
0.000031 23
0.000030 23
0.000031 23
0.000029 23
0.000030 23
0.000031 23
0.000030 23
0.000033 23
0.000355 23
0.000041 23
0.000031 23
0.000031 23
0.000031 23
0.000031 24
0.000046 24
0.000028 24
0.000033 24
0.000031 24
0.000031 24
0.000032 24
0.000030 24
0.000031 24
0.000033 24
0.000032 24
0.000030 23
0.000030 23
0.000031 23
0.000030 23
0.000031 23
0.000030 23
0.000030 23
0.000031 23
0.000031 23
0.000031 23
0.000033 23
0.000032 23
0.000031 23
0.000034 23
0.000031 23
0.000034 23
0.000032 23
0.000034 23
0.000033 24
0.000032 24
0.000035 24
0.000035 24
0.000034 24
0.000033 24
0.000035 24
0.000037 24
0.000034 24
0.000036 24
0.000033 24
0.000037 23
0.000131 23
0.000026 23
0.000030 23
0.000031 23
0.000030 23
0.000031 23
0.000030 23
0.000032 23
0.000030 23
0.000031 23
0.000032 23
0.000031 23
0.000031 23
0.000031 23
0.000030 23
0.000031 23
0.000034 23
0.000030 23
0.000031 23
0.000031 23
0.000031 23
0.000031 23
0.000031 24
0.000031 24
0.000031 24
0.000029 24
0.000031 24
0.000031 24
0.000031 24
0.000033 24
0.000033 24
0.000031 24
0.000033 24
0.000031 23
0.000032 23
0.000033 23
0.000029 23
0.000031 23
0.000031 23
0.000030 23
0.000031 23
0.000030 23
0.000030 23
0.000031 23
0.000031 23
0.000125 23
0.000031 23
0.000030 23
0.000032 23
0.000033 23
0.000031 23
0.000034 24
0.000031 24
0.000072 24
0.000021 48
0.000024 24
0.000030 24
0.000030 24
0.000032 24
0.000045 24
0.000031 24
0.000033 23
0.000031 23
0.000033 23
0.000031 23
0.000031 23
0.000031 23
0.000032 23
0.000033 23
0.000030 23
0.000030 23
0.000032 23
0.000032 23
0.000031 23
0.000031 18
0.000019 5
0.000017 23
0.000032 23
0.000028 23
0.000037 23
0.000034 23
0.000033 23
0.000030 23
0.000032 23
0.000032 23
0.000034 24
0.000032 24
0.000030 24
0.000031 24
0.000030 24
0.000135 24
0.000040 24
0.000132 96
0.000020 23
0.000018 23
0.000030 23
0.000031 23
0.000030 23
0.000033 23
0.000030 23
0.000032 23
0.000030 23
0.000031 23
0.000033 23
0.000034 23
0.000035 23
0.000033 23
0.000033 23
0.000031 23
0.000033 23
0.000034 23
0.000032 24
0.000033 24
0.000034 24
0.000034 24
0.000032 19
0.000019 5
0.000017 24
0.000073 48
0.000017 24
0.000030 24
0.000033 24
0.000033 23
0.000035 23
0.000032 23
0.000036 23
0.000033 23
0.000033 23
0.000034 23
0.000032 23
0.000034 23
0.000035 23
0.000033 23
0.000243 23
0.000036 23
0.000034 23
0.000036 23
0.000034 23
0.000033 23
0.000034 23
0.000034 23
0.000032 23
0.000033 23
0.000039 23
0.000032 23
0.000033 24
0.000034 24
0.000035 24
0.000036 24
0.000044 24
0.000037 24
0.000034 24
0.000035 24
0.000033 24
0.000032 24
0.000033 24
0.000033 23
0.000032 23
0.000034 23
0.000035 23
0.000031 23
0.000033 23
0.000034 23
0.000038 23
0.000031 23
0.000032 23
0.000034 23
0.000034 23
0.000033 23
0.000032 23
0.000035 23
0.000036 23
0.000036 23
0.000031 23
0.000037 24
0.000033 24
0.000032 24
0.000032 24
0.000189 24
0.000046 24
0.000032 24
0.000034 24
0.000033 24
0.000034 24
0.000034 24
0.000033 23
0.000037 23
0.000033 23
0.000035 23
0.000037 23
0.000034 23
0.000035 23
0.000033 23
0.000039 23
0.000034 23
0.000033 23
0.000034 23
0.000035 23
0.000033 23
0.000034 23
0.000037 23
0.000034 23
0.000035 23
0.000035 23
0.000038 23
0.000036 23
0.000033 23
0.000034 23
0.000033 19
0.000020 5
0.000018 24
0.000036 24
0.000033 24
0.000033 24
0.000033 24
0.000034 24
0.000033 24
0.000033 19
0.000019 5
0.000017 24
0.000032 24
0.000035 23
0.000036 23
0.000035 23
0.000035 23
0.000037 23
0.000153 23
0.000068 18
0.000025 51
0.000025 23
0.000031 23
0.000033 23
0.000038 23
0.000036 23
0.000033 23
0.000036 23
0.000034 23
0.000032 23
0.000037 24
0.000035 24
0.000048 24
0.000036 24
0.000033 24
0.000034 24
0.000033 24
0.000034 24
0.000033 24
0.000035 24
0.000033 24
0.000032 23
0.000031 23
0.000032 23
0.000032 23
0.000030 18
0.000019 5
0.000017 23
0.000824 23
0.000028 23
0.000018 23
0.000034 23
0.000035 23
0.000035 23
0.000035 23
0.000038 23
0.000035 23
0.000035 23
0.000036 23
0.000037 23
0.000038 23
0.000030 18
0.000019 5
0.000018 23
0.000033 23
0.000033 18
0.000018 5
0.000017 24
0.000035 24
0.000034 24
0.000037 24
0.000035 24
0.000035 24
0.000035 24
0.000045 24
0.000039 24
0.000037 24
0.000035 24
0.000037 23
0.000038 23
0.000034 23
0.000036 23
0.000036 23
0.000035 18
0.000018 5
0.000022 18
0.000017 5
0.000021 23
0.000037 23
0.000036 23
0.000037 23
0.000037 23
0.000037 18
0.000018 5
0.000024 18
0.000017 5
0.000023 18
0.000017 5
0.000022 18
0.000018 5
0.000024 18
0.000018 5
0.000126 23
0.000032 24
0.000030 24
0.000031 24
0.000031 24
0.000032 24
0.000034 24
0.000034 24
0.000031 24
0.000043 24
0.000036 24
0.000030 24
0.000034 23
0.000031 23
0.000031 23
0.000034 23
0.000030 23
0.000032 23
0.000033 23
0.000031 23
0.000033 23
0.000031 23
0.000032 23
0.000033 23
0.000030 23
0.000031 23
0.000031 23
0.000030 23
0.000033 23
0.000033 23
0.000033 23
0.000031 23
0.000032 23
0.000030 23
0.000034 24
0.000031 24
0.000033 24
0.000032 24
0.000033 24
0.000033 24
0.000030 24
0.000031 24
0.000032 24
0.000032 24
0.000030 24
0.000125 23
0.000034 23
0.000030 23
0.000031 23
0.000034 23
0.000030 23
0.000031 23
0.000030 23
0.000031 23
0.000030 23
0.000031 23
0.000030 23
0.000032 23
0.000030 23
0.000030 23
0.000030 23
0.000030 23
0.000030 23
0.000030 24
0.000033 24
0.000030 24
0.000030 24
0.000030 24
0.000033 24
0.000029 24
0.000030 24
0.000031 24
0.000029 24
0.000031 24
0.000034 23
0.000031 23
0.000034 23
0.000030 23
0.000030 23
0.000030 23
0.000031 23
0.000030 23
0.000031 23
0.000030 23
0.000031 23
0.000030 23
0.000032 23
0.000029 23
0.000030 23
0.000031 23
0.000029 23
0.000138 23
0.000033 23
0.000030 23
0.000033 23
0.000030 23
0.000030 23
0.000030 24
0.000030 24
0.000032 24
0.000030 24
0.000030 24
0.000078 24
0.000020 48
0.000018 24
0.000030 24
0.000030 24
0.000032 23
0.000031 23
0.000044 23
0.000033 23
0.000031 23
0.000031 23
0.000031 23
0.000030 23
0.000031 23
0.000030 23
0.000030 23
0.000030 23
0.000032 23
0.000033 23
0.000030 23
0.000029 23
0.000031 23
0.000030 23
0.000032 24
0.000030 24
0.000030 24
0.000035 24
0.000029 24
0.000029 24
0.000031 24
0.000031 24
0.000031 24
0.000030 24
0.000130 24
0.000033 23
0.000031 23
0.000030 23
0.000030 23
0.000030 23
0.000031 23
0.000030 23
0.000030 23
0.000032 23
0.000030 23
0.000034 23
0.000030 23
0.000034 23
0.000032 23
0.000059 46
0.000025 23
0.000030 23
0.000030 23
0.000031 23
0.000030 23
0.000031 23
0.000031 23
0.000030 24
0.000030 24
0.000030 24
0.000031 24
0.000031 24
0.000031 24
0.000031 24
0.000031 24
0.000030 24
0.000031 24
0.000029 24
0.000031 23
0.000031 23
0.000030 23
0.000033 23
0.000030 23
0.000030 23
0.000031 23
0.000029 23
0.000030 23
0.000030 23
0.000030 23
0.000129 23
0.000027 23
0.000028 23
0.000031 23
0.000030 23
0.000030 23
0.000033 23
0.000032 24
0.000031 24
0.000030 24
0.000030 24
0.000031 24
0.000028 24
0.000033 24
0.000029 24
0.000030 24
0.000031 24
0.000030 24
0.000030 23
0.000030 23
0.000031 23
0.000030 23
0.000032 23
0.000031 23
0.000030 23
0.000033 23
0.000030 23
0.000031 23
0.000030 23
0.000030 23
0.000043 23
0.000033 23
0.000031 23
0.000030 23
0.000031 23
0.000030 23
0.000030 23
0.000033 23
0.000031 23
0.000030 23
0.000031 23
0.000032 24
0.000031 24
0.000030 24
0.000033 24
0.000089 24
0.000033 24
0.000031 24
0.000030 24
0.000030 24
0.000030 24
0.000030 24
0.000030 23
0.000031 23
0.000029 23
0.000030 23
0.000030 23
0.000030 23
0.000030 23
0.000030 23
0.000030 23
0.000034 23
0.000030 23
0.000031 23
0.000029 23
0.000030 23
0.000031 23
0.000030 23
0.000030 23
0.000031 23
0.000032 24
0.000030 24
0.000031 24
0.000030 24
0.000030 24
0.000404 24
0.000042 24
0.000031 24
0.000031 24
0.000031 24
0.000031 24
0.000030 23
0.000031 23
0.000031 23
0.000032 23
0.000030 23
0.000030 23
0.000030 23
0.000031 23
0.000031 23
0.000031 23
0.000031 23
0.000030 23
0.000030 23
0.000030 23
0.000074 23
0.000023 46
0.000018 23
0.000032 23
0.000033 23
0.000033 23
0.000032 23
0.000031 23
0.000031 24
0.000034 24
0.000032 24
0.000036 24
0.000034 24
0.000035 24
0.000032 24
0.000035 24
0.000036 24
0.000033 24
0.000038 24
0.000033 18
0.000019 5
0.000021 18
0.000017 5
0.000026 23
0.000033 23
0.000033 18
0.000019 5
0.000140 23
0.000037 23
0.000030 23
0.000031 23
0.000030 23
0.000031 23
0.000029 23
0.000031 23
0.000032 23
0.000030 23
0.000030 23
0.000030 23
0.000030 23
0.000029 24
0.000031 24
0.000030 24
0.000030 24
0.000030 24
0.000029 24
0.000034 24
0.000029 24
0.000030 24
0.000030 24
0.000033 24
0.000031 23
0.000031 23
0.000030 23
0.000031 23
0.000031 23
0.000030 23
0.000032 23
0.000030 23
0.000030 23
0.000030 23
0.000031 23
0.000030 23
0.000029 23
0.000030 23
0.000033 23
0.000030 23
0.000031 23
0.000030 23
0.000030 23
0.000029 23
0.000030 23
0.000031 23
0.000133 23
0.000033 24
0.000031 24
0.000030 24
0.000031 24
0.000033 24
0.000029 24
0.000031 24
0.000030 24
0.000030 24
0.000031 24
0.000030 24
0.000031 23
0.000031 23
0.000030 23
0.000035 23
0.000031 23
0.000029 23
0.000030 23
0.000030 23
0.000030 23
0.000030 23
0.000030 23
0.000033 23
0.000032 23
0.000029 23
0.000031 23
0.000030 23
0.000030 23
0.000030 23
0.000032 24
0.000031 24
0.000034 24
0.000030 24
0.000034 24
0.000030 24
0.000030 24
0.000033 24
0.000032 24
0.000030 24
0.000032 24
0.000030 23
0.000032 23
0.000030 23
0.000030 23
0.000128 23
0.000037 23
0.000031 23
0.000031 23
0.000031 23
0.000032 23
0.000031 23
0.000032 23
0.000046 23
0.000032 23
0.000031 23
0.000032 23
0.000031 23
0.000031 23
0.000032 23
0.000032 23
0.000031 23
0.000032 23
0.000031 24
0.000035 24
0.000031 24
0.000032 24
0.000031 24
0.000032 24
0.000032 24
0.000031 24
0.000031 24
0.000033 24
0.000030 24
0.000032 23
0.000031 23
0.000034 23
0.000035 23
0.000032 23
0.000032 23
0.000033 23
0.000029 23
0.000030 23
0.000034 23
0.000030 23
0.000031 23
0.000030 23
0.000031 23
0.000030 23
0.000030 23
0.000031 23
0.000137 23
0.000029 24
0.000032 24
0.000032 24
0.000032 24
0.000034 24
0.000032 24
0.000033 24
0.000034 24
0.000031 24
0.000032 24
0.000030 24
0.000032 23
0.000080 23
0.000023 46
0.000017 23
0.000028 23
0.000032 23
0.000031 23
0.000031 23
0.000031 23
0.000034 23
0.000032 23
0.000033 23
0.000034 23
0.000034 23
0.000031 23
0.000035 23
0.000032 23
0.000030 23
0.000032 23
0.000033 23
0.000033 23
0.000031 23
0.000031 24
0.000034 24
0.000031 24
0.000034 24
0.000031 24
0.000031 24
0.000031 24
0.000032 24
0.000031 24
0.000032 24
0.000125 24
0.000029 23
0.000032 23
0.000032 23
0.000031 23
0.000031 23
0.000031 23
0.000034 23
0.000031 23
0.000053 40
0.000018 6
0.000017 23
0.000032 23
0.000031 23
0.000031 23
0.000031 23
0.000061 23
0.000034 23
0.000032 23
0.000030 24
0.000032 24
0.000034 24
0.000031 24
0.000031 24
0.000032 24
0.000031 24
0.000032 24
0.000032 24
0.000034 24
0.000033 24
0.000031 23
0.000031 23
0.000033 23
0.000032 23
0.000030 23
0.000031 23
0.000031 23
0.000031 23
0.000034 23
0.000031 23
0.000031 23
0.000030 23
0.000030 23
0.000031 23
0.000031 23
0.000088 23
0.000036 23
0.000032 23
0.000032 23
0.000032 23
0.000031 23
0.000032 23
0.000031 23
0.000032 24
0.000030 24
0.000032 24
0.000032 24
0.000031 24
0.000032 24
0.000033 24
0.000031 24
0.000034 24
0.000034 24
0.000031 24
0.000031 23
0.000032 23
0.000032 23
0.000034 23
0.000033 23
0.000031 23
0.000032 23
0.000031 23
0.000032 23
0.000030 23
0.000031 23
0.000379 23
0.000059 23
0.000033 23
0.000032 23
0.000031 23
0.000032 23
0.000034 23
0.000032 24
0.000032 24
0.000032 24
0.000031 24
0.000031 24
0.000032 24
0.000032 24
0.000031 24
0.000031 24
0.000031 24
0.000032 24
0.000033 23
0.000031 23
0.000031 23
0.000031 23
0.000032 23
0.000035 23
0.000032 23
0.000034 23
0.000035 23
0.000032 23
0.000032 23
0.000035 23
0.000032 23
0.000046 23
0.000036 23
0.000035 23
0.000035 23
0.000035 23
0.000032 18
0.000019 5
0.000018 23
0.000037 23
0.000032 22
0.000016 2
0.000122 23
0.000033 23
0.000038 23
0.000040 23
0.000159 23
0.000032 24
0.000033 24
0.000032 24
0.000033 24
0.000034 24
0.000031 24
0.000032 24
0.000032 24
0.000032 24
0.000032 24
0.000033 24
0.000032 23
0.000032 23
0.000032 23
0.000033 23
0.000032 23
0.000034 23
0.000029 23
0.000029 22
0.000018 2
0.000072 23
0.000030 23
0.000035 24
0.000033 24
0.000030 24
0.000076 24
0.000021 48
0.000019 19
0.000017 5
0.000018 24
0.000032 24
0.000032 24
0.000032 24
0.000034 23
0.000033 23
0.000032 23
0.000032 23
0.000033 23
0.017497 23
0.004594 4095
0.000609 4095
0.000516 4095
0.000013 377
0.000033 23
0.000059 18
0.000033 5
0.000023 17
0.000008 1
0.000016 5
0.000037 18
0.000007 1
0.000015 5
0.000037 18
0.000007 1
0.000016 5
0.000037 18
0.000007 1
0.000015 5
0.000036 18
0.000007 1
0.000015 5
0.000146 18
0.000007 1
0.000017 5
0.000043 18
0.000006 5
0.000027 2
0.000072 24
0.000038 18
0.000007 1
0.000015 5
0.000039 18
0.000007 1
0.000016 5
0.000040 18
0.000006 1
0.000007 5
0.000042 19
0.000007 5
0.000041 24
0.000038 18
0.000006 1
0.000007 5
0.000042 24
0.000037 17
0.000007 1
0.000015 5
0.000036 17
0.000007 1
0.000015 5
0.000077 40
0.000008 1
0.000015 5
0.000037 17
0.000006 1
0.000015 5
0.000039 17
0.000007 1
0.000012 5
0.000045 17
0.000006 1
0.000018 5
0.000044 22
0.000017 2
0.000057 18
0.000006 1
0.000007 5
0.000043 24
0.000037 18
0.000007 1
0.000038 5
0.000057 18
0.000007 1
0.000015 5
0.000036 18
0.000007 1
0.000015 5
0.000038 17
0.000006 1
0.000007 5
0.000045 23
0.000037 17
0.000007 1
0.000015 5
0.000037 17
0.000016 1
0.000015 5
0.000041 17
0.000007 1
0.000015 5
0.000038 17
0.000008 1
0.000017 5
0.000042 18
0.000022 5
0.000043 18
0.000018 5
0.000045 22
0.000019 2
0.000056 24
0.000043 18
0.000007 1
0.000015 5
0.000043 17
0.000006 1
0.000021 5
0.000044 23
0.000032 23
0.000032 23
0.000032 23
0.000030 23
0.000031 23
0.000124 23
0.000033 23
0.000031 23
0.000032 23
0.000030 22
0.000018 2
0.000042 23
0.000034 23
0.000030 23
0.000032 23
0.000033 23
0.000030 23
0.000031 23
0.000028 22
0.000019 2
0.000045 23
0.000029 23
0.000032 23
0.000031 23
0.000031 23
0.000031 23
0.000031 23
0.000031 23
0.000030 23
0.000031 23
0.000031 23
0.000031 23
0.000031 23
0.000031 23
0.000031 24
0.000029 23
0.000018 2
0.000042 23
0.000032 23
0.000032 23
0.000031 23
0.000031 23
0.000032 23
0.000032 23
0.000031 23
0.000030 22
0.000018 2
0.000057 18
0.000019 5
0.000017 23
0.000027 23
0.000119 23
0.000034 23
0.000032 23
0.000032 23
0.000031 23
0.000031 24
0.000032 24
0.000031 24
0.000031 24
0.000031 24
0.000031 24
0.000031 24
0.000048 24
0.000028 31
0.000031 23
0.000018 2
0.000055 23
0.000031 23
0.000033 23
0.000031 23
0.000033 23
0.000031 24
0.000033 24
0.000030 24
0.000031 24
0.000124 96
0.000021 24
0.000022 24
0.000030 24
0.000033 30
0.000029 22
0.000018 2
0.000060 23
0.000033 23
0.000032 24
0.000065 48
0.000025 24
0.000032 24
0.000031 24
0.000032 24
0.000128 24
0.000031 24
0.000031 24
0.000033 24
0.000031 23
0.000032 23
0.000032 23
0.000032 26
0.000030 22
0.000018 2
0.000058 24
0.000031 24
0.000032 24
0.000031 24
0.000055 24
0.000020 24
0.000018 24
0.000028 24
0.000032 24
0.000031 24
0.000031 23
0.000031 23
0.000034 23
0.000030 23
0.000031 23
0.000031 23
0.000031 26
0.000030 22
0.000018 2
0.000056 24
0.000032 24
0.000031 24
0.000032 24
0.000031 24
0.000031 24
0.000033 24
0.000031 23
0.000034 23
0.000031 23
0.000032 23
0.000031 23
0.000032 23
0.000031 23
0.000031 23
0.000104 23
0.000033 33
0.000028 22
0.000019 2
0.000050 24
0.000033 24
0.000030 24
0.000032 24
0.000032 23
0.000031 23
0.000032 23
0.000030 23
0.000031 23
0.000031 23
0.000032 23
0.000029 23
0.000031 23
0.000032 23
0.000031 23
0.000030 23
0.000032 26
0.000028 22
0.000018 2
0.000423 24
0.000059 23
0.000033 23
0.000032 23
0.000031 23
0.000031 23
0.000031 23
0.000031 23
0.000031 23
0.000032 23
0.000031 23
0.000031 23
0.000031 23
0.000031 23
0.000030 23
0.000034 23
0.000032 30
0.000027 22
0.000018 2
0.000058 23
0.000031 23
0.000032 23
0.000030 23
0.000035 23
0.000031 23
0.000035 23
0.000030 22
0.000018 2
0.000064 18
0.000020 5
0.000018 23
0.000030 23
0.000032 23
0.000035 23
0.000032 23
0.000034 23
0.000035 23
0.000034 23
0.000035 23
0.000035 23
0.000036 23
0.000036 23
0.000035 23
0.000034 23
0.000035 23
0.000037 23
0.000129 23
0.000027 24
0.000029 24
0.000031 24
0.000031 24
0.000031 24
0.000029 24
0.000031 24
0.000030 24
0.000028 23
0.000018 2
0.000100 23
0.000028 23
0.000031 23
0.000034 23
0.000032 23
0.000031 23
0.000031 23
0.000032 23
0.000032 23
0.000031 23
0.000032 23
0.000033 23
0.000032 23
0.000032 23
0.000033 23
0.000032 24
0.000031 24
0.000032 24
0.000031 24
0.000030 24
0.000032 24
0.000030 24
0.000031 24
0.000031 24
0.000031 24
0.000031 24
0.000031 23
0.000031 23
0.000031 23
0.000031 23
0.000163 23
0.000033 23
0.000031 23
0.000031 23
0.000031 23
0.000031 23
0.000031 23
0.000030 23
0.000031 23
0.000031 23
0.000031 23
0.000031 23
0.000031 23
0.000030 23
0.000032 24
0.000031 24
0.000031 24
0.000031 24
0.000031 24
0.000030 24
0.000031 24
0.000031 24
0.000030 24
0.000032 24
0.000031 24
0.000031 23
0.000032 23
0.000032 23
0.000031 23
0.000032 23
0.000031 23
0.000030 23
0.000029 22
0.000019 2
0.000059 23
0.000032 23
0.000032 23
0.000031 23
0.000031 23
0.000031 23
0.000031 23
0.000032 23
0.000073 23
0.000020 46
0.000135 23
0.000033 24
0.000032 24
0.000028 23
0.000017 2
0.000115 21
0.003347 191
0.033871 69
0.000038 21
0.000028 8
6.834728 10
0.001008 33
0.142757 23
0.325075 59
0.001234 33
0.130068 50
10.436365 11
0.085919 2
0.000137 72
0.057438 50
0.145801 110
1.294681 121
0.322373 58
0.167901 142
1.241249 1
0.669075 1
0.040640 1
0.039918 1
0.040749 1
0.039158 1
0.040256 1
0.040010 1
0.039976 1
0.039703 1
0.039516 1
0.041085 1
0.039773 1
0.039559 1
0.040465 1
0.040310 1
0.040286 1
0.038961 1
0.040073 1
0.040033 1
0.040677 1
0.206470 1
0.384158 5
0.143288 5
0.251884 5
0.187732 5
0.116558 5
0.233689 5
0.458842 5
0.101193 5
0.279190 5
0.270345 5
0.148171 5
0.267979 5
3.770962 121
0.802132 50
0.154681 146
1.087427 58
0.326695 3
0.671984 3
0.040097 3
0.039216 3
0.040821 3
0.039707 3
0.040110 3
0.039932 3
0.040165 3
0.040249 3
0.039428 3
0.039771 3
0.040392 3
0.039939 3
0.275089 3
0.547260 5
0.672108 5
0.039281 5
0.040860 5
0.041512 5
0.039845 5
0.040295 5
0.039425 5
0.040063 5
0.040190 5
0.040285 5
0.039272 5
0.040114 5
0.040389 5
0.040042 5
0.039742 1
0.040330 1
0.039781 1
0.040567 1
0.039771 1
0.354914 129
0.488247 4
0.153811 4
0.144660 4
0.169344 4
0.236412 4
0.800662 4
1.577481 1
0.078019 1
0.249023 1
0.275630 1
0.154678 1
0.420689 1
8.360806 11
0.006431 48
0.000048 70
0.043065 29
0.001486 66
0.001275 28
0.001450 71
0.000330 2
0.000062 25
0.002494 225
0.006380 3
0.005006 233
0.000670 67
0.039931 2
0.000034 80
0.302514 18
0.000369 8
0.000102 47
1.562897 1
0.083109 1
0.198516 84
1.769601 1
0.129325 1
0.093424 1
0.073849 1
0.223121 1
0.359917 1
0.115848 1
0.188475 1
0.092729 1
0.164136 1
0.106116 1
0.194902 1
0.350904 1
0.509332 1
0.246116 1
0.871848 1
0.070851 1
0.261844 1
0.284422 1
0.140972 1
0.194635 1
0.314371 2
0.000055 9
0.267875 33
0.043272 37
0.025562 30
0.000032 70
0.000018 36
0.000021 6
1.353025 35
0.001142 20
1.318930 172
0.267424 168
0.000472 168
0.277057 172
0.104033 170
0.000130 168
0.033009 338
0.001272 338
0.044637 168
0.000056 2
0.000194 168
0.000064 170
0.003748 34
0.001493 336
0.000042 2
0.457718 38
0.000047 38
0.044860 6
0.003531 18
0.000118 55
4.138814 1
0.222343 1
0.130359 1
0.038649 1
0.204822 1
0.659827 4
0.153404 4
0.090744 4
0.317105 4
0.123386 4
0.254027 1
0.164526 1
0.176930 1
0.625853 1
0.170284 1
0.248379 1
0.274754 1
0.862272 1
0.076050 1
0.743080 4
0.348295 1
0.239858 1
0.116460 1
0.171102 1
0.846366 11
0.180740 22
0.000142 139
0.002587 18
0.000110 8
0.000087 47
2.641423 17
0.082462 2
0.000146 72
0.038971 50
0.177277 44
0.000205 8
0.000030 58
1.286218 121
0.904868 1
0.174711 1
0.500582 4
0.795781 44
0.442313 138
1.445073 135
0.179067 92
0.118835 1
0.940548 1
1.322614 1
0.281307 1
0.173492 1
0.134724 1
0.509280 1
0.187195 1
0.212894 1
0.226981 1
0.380869 1
0.131558 1
0.182474 1
0.152105 1
0.124062 1
0.115754 1
0.592503 1
0.067607 1
0.290251 1
0.364527 4
0.143455 1
0.161874 1
0.272064 1
0.827808 1
0.086364 1
0.097065 1
0.210828 1
0.203009 1
0.170074 1
1.211692 1
0.650702 1
0.120868 1
0.543824 1
0.169740 1
0.186214 1
0.301274 1
0.178885 1
1.948719 121
3.198151 1
0.168237 1
0.333548 1
0.873418 1
0.277492 1
0.130934 1
0.177990 1
0.930760 1
0.159610 1
0.036967 1
0.087062 1
0.245766 1
0.796153 1
0.109824 1
0.173883 1
0.436459 1
0.199989 1
0.152581 1
0.188968 1
0.173576 1
28.970768 1
0.088613 1
0.189733 1
0.160368 1
4.324849 121
0.682583 1
0.175393 1
0.067884 1
0.565892 1
1.324886 1
0.221924 1
0.225812 1
0.311451 4
0.282384 4
0.179151 4
0.453871 1
0.238272 1
0.147448 1
0.087863 1
0.083255 1
0.766554 1
0.384322 1
0.222849 1
0.218914 1
0.412691 1
0.142516 1
0.204797 1
0.158744 1
0.278296 1
0.101296 1
0.165520 1
7.561090 1
0.115797 1
0.082989 1
1.165901 1
0.309910 1
0.183214 1
0.230175 1
0.297093 1
0.076927 1
0.708870 1
0.682582 1
0.143523 1
0.489436 1
0.160160 1
1.667554 1
0.338439 1
0.130449 1
0.258846 1
0.123360 1
0.880057 1
8.956720 1
0.099206 1
0.289696 1
0.273390 1
0.148159 1
0.446601 1
0.333808 1
0.261838 1
0.109942 1
0.130568 1
2.359350 1
0.314714 1
0.161709 1
0.105971 1
0.094100 1
0.741735 2
0.000055 9
0.000183 44
0.000131 8
0.000044 58
0.746003 1
0.182459 1
0.097442 1
0.341293 1
0.922463 1
0.123654 1
0.202284 1
0.770170 1
0.264655 1
0.160500 1
0.100929 1
0.101353 1
0.792092 1
0.669450 1
0.187284 1
0.207017 1
0.421232 1
0.125278 1
0.212769 1
0.162457 1
0.575289 1
0.146488 1
0.177075 1
2.674777 4
0.154975 4
0.497956 4
0.449817 1
0.176999 1
0.094069 1
0.130588 1
1.976848 1
0.709165 4
0.367823 1
0.280143 1
0.138093 1
0.099413 1
0.092199 1
0.979398 1
0.747488 1
0.107361 1
0.518847 4
0.664695 4
0.042750 4
0.038988 4
0.040334 4
0.039833 4
0.040530 4
0.039680 4
0.040566 4
0.039869 4
0.039807 4
0.039897 4
0.040156 4
0.040165 4
0.039900 4
0.039234 4
0.040252 4
0.040044 4
0.039563 4
0.925461 1
0.101381 1
0.200949 1
0.294520 1
0.141712 1
0.392477 1
0.275927 1
0.170033 1
0.155918 1
0.123518 1
0.905388 1
0.127461 1
0.067471 1
0.827085 1
0.362192 1
0.177925 1
0.162170 1
0.254797 1
0.092680 1
0.437531 1
0.222426 1
0.185189 1
0.215294 1
0.149126 1
1.591753 1
0.236704 1
0.162323 1
0.103059 1
0.077299 1
0.797500 1
0.701664 1
0.188714 1
0.216662 1
0.420761 1
0.135109 1
0.204933 1
0.794871 1
0.864648 1
0.176861 1
0.603474 1
2.223943 1
0.256887 1
0.156765 1
0.080472 1
0.077620 1
0.554790 2
0.000039 9
0.000148 44
0.000096 8
0.000031 58
0.714233 1
0.175569 1
0.139124 1
0.381308 1
0.627662 1
0.197659 1
0.120542 1
1.754455 1
0.113890 1
0.279037 1
0.125154 1
0.228348 1
0.440145 1
0.283885 1
0.154383 1
0.080979 1
0.101228 1
0.678272 1
0.493447 1
0.224386 1
0.911262 4
0.141241 4
0.439425 1
0.204320 1
0.225814 1
0.609743 1
0.173677 1
0.216186 1
0.155009 1
0.320282 1
0.149869 1
0.167719 1
0.133969 1
0.551929 1
0.280895 1
0.158886 1
0.090577 1
0.103574 1
0.912715 1
0.343270 1
0.127581 1
0.239919 1
0.259048 1
0.170147 1
0.211241 1
0.300525 1
0.202830 1
0.153077 1
0.131160 1
3.019558 1
0.136230 1
0.042763 1
0.930661 1
0.317527 1
0.185413 1
0.207675 1
0.278489 1
0.116813 1
0.141690 1
0.783726 1
0.179303 1
0.560198 4
0.165572 4
4.473107 2
0.000041 9
0.000149 44
0.000099 8
0.000032 58
3.178848 11
0.000142 44
0.000027 8
0.000047 58
1.058947 1
0.249129 1
0.563495 1
0.576223 1
0.225608 1
0.185828 1
0.215643 1
0.146526 1
0.665319 1
0.549994 1
0.265968 1
0.623128 1
0.172893 1
0.378380 1
0.154669 1
0.767205 1
0.433808 1
0.184574 1
0.143358 1
0.829502 1
0.161737 1
0.296197 1
0.199580 1
0.078407 1
0.145698 1
4.766438 121
3.227822 1
0.125106 1
0.078963 1
1.626579 1
0.509401 1
0.218338 1
0.325477 1
0.309719 1
0.091074 1
0.975926 1
0.216778 1
0.194042 1
0.090403 1
2.626871 1
4.359743 1
0.087045 1
1.159297 1
0.172166 1
0.256848 1
0.272620 1
0.108670 1
0.127303 1
0.903469 1
1.605657 1
0.125877 1
1.078736 1
6.987406 1
0.289638 1
0.141361 1
0.138595 1
0.106875 1
1.089472 1
6.270653 1
0.198187 1
0.203205 1
0.193298 1
0.153871 1
0.367681 1
1.546613 1
0.881734 1
0.102780 1
1.038422 1
0.120342 1
0.404789 1
0.295938 1
0.112103 1
0.171006 1
0.894092 1
0.390592 1
0.401264 4
0.488333 1
0.108435 1
1.651273 1
0.812077 1
0.257477 1
0.155991 1
0.124953 1
0.119035 1
1.101880 1
1.743222 1
0.130326 1
0.299411 1
0.342237 1
0.169152 1
0.123936 1
0.767301 1
0.555442 1
0.066584 1
2.037103 1
0.107489 1
0.220169 1
0.215154 1
0.124520 1
0.120312 2
0.783865 1
0.151005 3
0.657247 1
0.661179 1
0.082277 5
7.596338 2
0.000040 9
0.007190 48
0.000252 119
0.040641 59
0.001102 64
0.000304 2
0.000084 25
0.002512 261
0.002328 182
0.000307 3
0.004932 2
0.000147 67
0.001380 150
0.001725 151
0.001783 150
0.001715 154
0.001759 154
0.001771 150
0.002232 2
0.000033 80
0.030802 22
0.044289 2
0.000126 72
0.001630 78
0.002219 78
0.002046 74
0.001930 75
0.002026 74
0.001924 74
0.000415 50
0.001409 57
0.002634 44
0.000192 8
0.000061 58
10.867759 1
0.148684 1
0.085165 1
0.105028 1
0.255688 1
0.501331 1
0.126028 1
0.209811 1
0.263849 1
0.125366 1
0.083412 1
0.115853 1
1.159785 1
1.226822 4
0.732056 1
0.078511 1
0.717954 1
0.343100 1
0.604720 1
0.202708 4
0.692327 1
0.168231 3
2.193954 1
0.233139 1
0.143644 1
0.128585 3
0.683076 1
0.137153 5
1.151589 2
0.000042 9
0.038647 44
0.000090 8
0.000039 58
0.887785 35
0.131718 171
0.691190 11
0.009196 48
0.000065 49
0.000175 70
0.036244 59
0.001619 28
0.001311 64
0.000331 2
0.000091 25
0.002567 261
0.002588 182
0.000311 3
0.005134 2
0.000195 67
0.001485 150
0.001611 151
0.001689 150
0.001755 154
0.001746 154
0.001739 150
0.002664 2
0.000142 80
0.022721 22
0.034961 2
0.000053 72
0.001736 78
0.002251 78
0.002114 74
0.001996 75
0.001968 74
0.001925 74
0.000439 50
0.001395 57
0.002712 44
0.000178 8
0.000062 58
6.507922 83
0.509056 128
0.378454 171
0.162616 91
0.123490 1
1.020252 121
15.478920 1
0.165114 1
0.326429 1
2.404542 1
0.377658 1
0.278205 1
0.374477 1
0.172301 1
0.118800 1
0.226096 1
0.390440 1
0.123319 1
0.293875 1
0.240149 1
0.195428 1
0.118287 1
0.317013 1
0.141663 1
0.091193 1
0.091564 1
0.181134 1
0.386755 1
0.136595 1
0.138507 1
0.335151 1
0.270013 1
0.195091 1
0.115789 1
0.454637 1
7.104395 1
0.299282 1
0.294185 1
0.382933 1
0.163585 1
0.218705 1
0.187205 1
0.783560 1
0.529505 4
0.407021 1
0.128503 1
0.131454 1
4.726214 1
0.213631 1
0.153596 1
0.085550 1
0.076980 1
0.756220 1
0.381320 1
0.216820 1
0.199487 1
0.194308 1
0.171475 1
0.296956 1
0.160281 1
2.681058 1
0.128439 1
0.154059 1
0.157542 1
0.511776 1
0.249590 1
0.151021 1
0.114173 1
0.106244 1
0.758594 1
0.335942 1
0.111912 1
0.262566 1
0.319906 1
0.176003 1
0.145366 1
0.302712 1
3.790984 1
0.058831 1
0.197038 1
7.116570 1
0.286597 1
0.292188 1
0.212161 1
0.107482 1
0.145827 1
2.802328 1
0.425792 1
0.140440 3
0.567615 1
0.157111 8
0.671106 1
0.286232 1
0.126444 11
3.371680 121
6.618086 1
0.200653 1
0.534953 1
0.528084 1
0.846548 1
0.379783 1
0.397235 1
0.127569 1
0.227888 1
0.609509 1
0.148204 1
0.177157 1
0.399176 1
0.410432 4
0.157567 1
0.289031 1
1.683239 1
0.403819 4
0.323137 1
0.133730 1
0.055478 1
0.089435 1
0.215846 1
0.421113 1
0.182146 1
0.092735 1
0.304184 1
0.279205 1
0.150449 1
0.150552 1
0.509817 1
0.772901 1
0.111647 1
0.145581 1
0.321451 1
0.131591 1
0.436460 1
0.141552 1
0.480135 1
0.087920 1
0.209913 1
5.321329 1
0.108479 1
0.091492 1
0.838851 4
0.158377 4
0.344810 1
0.115950 1
0.262734 1
0.497825 1
0.135267 1
0.124246 1
0.361926 1
0.184583 1
0.623145 1
0.088416 1
0.247865 1
1.184512 1
0.137229 1
0.597118 4
0.164355 4
1.969172 1
0.222192 1
0.415698 1
0.302491 1
0.100409 1
0.313214 1
0.199384 1
0.133534 1
0.172966 1
0.155721 1
0.869771 1
12.022916 1
0.108000 1
0.203659 1
0.153194 1
0.123155 1
0.286421 1
0.202890 1
0.289556 1
0.277726 1
0.166567 1
1.844226 121
2.008903 1
0.152086 1
0.362677 1
0.501599 1
3.819662 1
0.180082 1
0.065409 1
0.228628 1
0.116929 1
0.233095 1
0.259139 1
0.141384 1
0.084136 1
1.520291 1
0.193695 1
3.317301 1
0.112143 1
0.258112 1
0.378429 1
0.164053 1
0.214958 1
0.238265 1
0.216327 1
0.169443 1
0.223834 1
0.166209 1
1.986131 4
0.282508 1
0.082948 1
10.977694 1
0.079204 1
0.182263 1
0.536365 3
0.130559 3
0.249790 3
0.205830 3
0.213779 3
0.069811 3
0.193286 3
0.133559 3
1.504819 3
0.159083 3
0.420819 3
0.156562 3
0.140118 3
0.160412 3
0.607464 3
0.900678 3
0.672989 3
0.504941 3
0.744605 3
0.376215 3
0.486951 3
0.314856 3
0.129217 3
0.327036 3
1.014282 1
0.631963 3
0.145098 1
0.338994 1
2.041683 9
1.076457 5
0.139316 8
1.125860 5
0.258430 5
0.425564 15
0.951127 9
0.310248 7
0.623397 5
0.900025 5
0.082817 5
0.142472 7
0.904945 5
0.093764 5
0.182090 5
0.104998 5
0.245117 7
0.371124 5
0.113330 5
0.165474 5
0.132391 5
0.152666 5
0.263645 5
0.317375 5
0.310546 5
0.338518 5
0.217069 5
0.147990 5
0.127246 5
0.762021 3
1.593891 7
0.500937 3
1.555277 121
1.367136 11
0.000187 44
0.000094 8
0.000038 58
2.128124 1
0.170299 1
0.129879 1
0.344492 1
0.614006 1
0.285420 1
0.297242 1
0.232922 1
0.299173 1
0.131726 1
0.136932 1
0.054124 1
0.799598 1
0.666304 1
0.039147 1
0.039889 1
0.039370 1
0.039969 1
0.040291 1
0.040119 1
0.308755 1
0.400351 23
0.693442 27
0.646366 1
0.323503 121
0.794249 1
0.107749 1
0.098981 1
0.073271 1
0.250510 1
0.601139 1
0.090623 1
0.145970 1
0.965050 1
0.054539 1
0.351292 1
0.175687 1
0.160796 1
1.179740 4
0.148952 4
0.466872 1
0.115563 1
0.274638 5
0.988702 1
0.162949 3
0.673752 1
0.231619 1
0.137203 1
0.118028 3
0.405486 1
0.281252 201
5.055880 1
0.204108 1
0.177931 1
0.872561 4
0.132032 4
0.732082 1
0.348064 1
0.135997 6
1.050035 1
0.451758 1
0.100437 1
0.718409 1
0.104399 1
0.281470 5
1.351902 1
0.176874 3
1.465112 1
0.236584 1
0.163714 1
0.110002 3
0.926378 1
0.218295 1
1.141018 1
0.155821 1
0.191092 5
3.044178 1
1.270850 1
1.068628 1
0.101255 1
0.198109 2
7.356614 11
0.458063 110
1.481623 121
2.685245 63
0.196686 103
0.171219 99
0.171946 171
0.158126 197
0.272773 176
0.376076 128
0.567418 171
2.175011 1
0.663064 1
0.040109 1
0.039562 1
0.040821 1
0.039728 1
0.040050 1
0.039726 1
0.039955 1
0.040238 1
0.040228 1
0.039276 1
0.040565 1
0.039676 1
0.039756 1
0.039796 1
0.040871 1
0.039467 1
0.039753 1
0.040796 1
0.039524 1
0.040255 1
0.039837 1
0.040242 1
0.040519 1
0.039665 1
0.039281 1
0.040664 1
0.039450 1
0.040306 1
0.040285 1
0.040217 1
0.238756 1
0.491966 5
0.669025 5
0.040317 5
0.040106 5
0.039880 5
0.040058 5
0.040047 5
0.039311 5
0.040341 5
0.040114 5
0.039388 5
0.940578 9
0.281986 5
0.135098 5
0.128014 5
0.510461 1
0.670296 1
0.040773 1
0.039195 1
0.042728 1
0.040048 1
0.040215 1
0.039186 1
0.039929 1
0.040306 1
0.040377 1
0.040298 1
0.039721 1
0.039279 1
0.040855 1
0.039790 1
0.039507 1
0.354318 1
0.362771 5
0.655997 5
0.039887 5
0.039710 5
0.040525 5
0.039760 5
0.039790 5
0.040485 5
0.039644 5
0.198566 5
0.260619 5
0.584612 9
0.329748 5
0.255078 5
0.116178 5
1.411493 2
0.000072 9
0.008954 48
0.000066 105
0.038054 59
0.001228 64
0.000346 2
0.000028 25
0.002524 247
0.005745 3
0.005057 255
0.000602 67
0.041604 2
0.000031 80
0.277956 18
0.000560 8
0.000171 47
1.258747 1
0.068828 1
0.155833 84
2.704745 1
0.246291 1
0.128011 1
0.060627 1
0.177568 1
1.670759 1
0.286247 1
0.233725 1
0.322335 1
0.065213 1
0.562783 1
0.130028 1
0.198376 1
0.831938 1
0.207906 1
1.296508 1
0.096116 1
0.286072 1
0.294055 1
0.157986 1
0.399914 1
0.149896 1
0.696932 1
0.134755 1
0.421232 1
0.211875 1
0.210470 1
0.231361 1
0.178225 1
0.420330 1
0.788185 11
0.114834 163
0.000033 104
0.002521 18
0.000195 8
0.000053 47
8.314915 1
0.060990 1
0.180666 1
0.279576 1
0.491156 4
0.175583 1
0.159904 1
0.991534 4
0.136535 4
0.092760 1
0.186061 1
0.556952 1
0.340904 1
0.079892 1
0.187922 2
0.631491 1
0.267685 1
0.216791 1
0.114707 1
1.139985 1
0.316537 1
0.148241 1
0.164736 3
1.835416 1
0.100481 1
0.387580 1
0.172265 3
1.176082 1
0.125984 1
0.135338 7
1.395920 1
0.202141 3
0.819103 11
0.013589 58
0.002209 18
0.000049 8
0.000029 47
1.363087 1
0.146021 1
0.197460 1
0.109631 1
0.128841 1
3.265224 1
2.716589 1
0.696732 4
4.911510 1
0.123877 3
0.693234 1
0.106388 1
0.682716 8
1.278560 1
0.173582 1
0.338650 1
0.255615 1
0.182903 4
0.305050 1
2.726053 4
0.659218 4
0.039397 4
0.040036 4
0.042187 4
0.039412 4
0.040088 4
0.040659 4
0.039421 4
0.040671 4
0.040018 4
0.040331 4
0.038918 4
0.041265 4
0.038874 4
0.040062 4
0.039633 4
0.040681 4
0.039682 4
0.040411 1
0.040536 1
3.432305 84
0.487267 1
0.385181 1
0.815687 1
0.907977 1
0.518899 1
3.608328 1
0.383104 1
0.221025 1
0.199904 1
0.131601 1
0.138263 1
0.152446 1
1.329035 1
0.287850 1
0.072824 1
0.184828 1
0.457923 1
0.101628 1
0.138904 1
0.153099 1
7.386528 1
0.107658 1
0.808363 4
0.655707 4
0.039271 4
0.040172 4
0.040239 4
0.040333 4
0.039327 4
0.040093 4
0.041100 4
0.189113 4
0.509206 1
0.159486 1
0.219795 1
1.446995 1
0.182281 1
0.028378 1
0.096621 1
0.157460 1
0.162583 1
0.655536 4
0.083077 4
0.131207 4
0.684050 1
0.089389 1
1.531649 4
0.172379 4
0.153992 4
0.140335 4
0.140984 4
0.434216 1
0.236504 1
0.162287 1
0.340720 1
0.058892 1
0.743043 1
0.096496 1
0.140812 1
0.141330 1
0.120920 1
0.921068 1
0.133926 1
0.262527 1
0.456459 1
0.107938 1
5.349416 1
0.503173 1
0.148348 1
0.192123 1
0.208416 1
0.475301 1
0.205143 1
0.092711 1
0.127318 1
0.251812 1
7.517798 1
0.091835 1
0.074817 1
0.140864 1
0.183071 1
0.437249 1
0.281012 1
0.153195 1
0.104721 1
0.114879 1
0.885210 4
0.182905 4
0.307742 4
0.157819 4
0.132921 4
1.461758 1
0.256967 1
0.104028 1
0.115273 1
0.828976 1
0.138841 1
0.194605 1
0.287141 1
1.487977 2
0.000042 9
0.000157 18
0.000089 8
0.000031 47
1.391262 1
0.167385 1
0.144732 1
0.212699 1
0.114054 1
0.431793 1
0.579346 1
0.349598 1
0.161660 1
0.498106 1
0.101619 1
0.764503 1
0.216046 1
0.164254 1
0.507348 1
0.112927 1
0.269141 1
0.251350 1
0.066913 1
0.425873 1
0.204213 1
0.272918 1
0.251031 1
0.117410 1
0.816546 84
1.136534 11
0.000171 18
0.000090 8
0.000031 47
1.669524 1
0.132619 1
0.089253 1
0.136320 1
0.245162 1
0.835476 1
0.744849 4
0.290622 1
0.148462 1
0.211700 1
0.235373 1
0.175623 1
0.097258 1
0.446856 1
0.190931 1
0.091997 1
0.186451 1
0.141173 1
0.508160 1
0.090736 1
0.160468 1
0.805707 1
0.125781 1
0.929276 1
0.343977 1
0.107881 3
0.596431 1
0.112229 1
0.818201 1
0.219457 7
1.025820 4
0.631867 11
0.244287 73
1.832944 1
0.080025 1
0.208682 1
0.172647 1
0.142511 1
1.019235 1
0.396130 1
0.146846 3
3.469025 4
0.165972 4
0.150493 4
0.116610 4
0.631713 1
0.130608 3
0.817325 1
0.368282 1
0.282912 7
5.031467 1
0.282094 1
0.131410 11
1.737547 1
0.106224 1
0.279592 1
0.000036 4
0.787449 1
0.159683 3
3.994418 1
0.544308 1
0.142452 1
0.172673 3
1.772883 1
0.343184 1
0.144545 11
2.858454 60
0.288327 3
0.172854 3
0.109445 3
0.218088 3
0.491964 117
0.152201 117
0.146220 117
0.150830 117
0.088161 1
0.420097 113
0.181663 113
0.085299 113
0.121844 113
0.227950 115
0.445652 113
0.200443 113
0.229344 113
0.143654 113
0.963234 2
0.000054 9
0.033063 69
0.000085 29
0.000024 30
0.000020 24
0.002113 18
0.000126 55
6.217950 1
0.343313 1
0.170086 1
1.850383 1
1.174982 4
3.810113 1
0.700259 1
0.267698 1
0.244666 1
0.386527 1
0.127066 1
0.077705 1
0.099180 1
0.162265 1
0.601998 1
0.124183 1
0.099592 1
0.541453 1
0.092945 1
0.120739 1
0.162213 1
0.523744 1
0.143862 1
0.263281 1
0.107298 1
0.254588 1
0.078246 1
0.211051 1
9.639286 1
0.102497 1
0.184259 1
0.074771 1
0.155242 1
0.724853 1
0.214661 1
0.163434 1
0.153892 1
0.149349 1
0.101658 1
0.137931 1
0.120956 1
0.801613 1
0.382226 1
0.190964 1
0.597616 4
0.363407 1
0.139191 1
0.204437 1
0.126337 1
1.186513 1
0.471530 1
0.244670 1
0.223185 1
0.346233 1
0.195608 1
0.410365 4
0.121568 4
0.201000 4
0.279480 4
0.134544 4
0.145890 4
0.472134 1
0.159111 1
0.252191 1
0.194406 1
0.096814 1
0.537018 1
0.095978 1
0.246445 1
0.534515 1
0.110326 1
0.255111 1
0.262405 1
0.457091 4
0.388097 1
0.699881 1
0.502982 1
0.128731 1
0.155708 1
0.135295 1
0.169385 1
0.868404 1
0.133309 1
0.137276 1
0.284478 1
0.207337 1
0.200187 1
0.205966 1
0.150834 1
0.365743 1
0.994206 4
0.659074 4
0.040756 4
0.039303 4
0.040349 4
0.040007 4
0.039929 4
0.559459 1
0.214543 1
0.263762 1
0.132542 1
0.130645 1
0.088056 1
0.711175 1
0.344502 1
0.219819 1
0.197834 1
0.162497 1
0.150757 1
0.198213 1
0.530928 84
6.869260 11
0.000155 18
0.000096 8
0.000033 47
11.337833 1
0.097878 1
0.190168 1
0.131899 1
0.111903 1
1.779339 1
0.418506 1
0.113977 1
0.149576 2
0.509141 1
0.296787 1
0.199257 1
0.144101 1
1.467056 4
0.654558 4
0.041327 4
0.040250 4
0.039897 4
0.227670 4
0.150404 4
0.517930 1
0.122383 1
0.159321 2
0.861423 1
0.202802 1
0.138983 1
0.939626 1
0.209225 1
0.243262 4
0.144321 4
0.141194 4
0.490150 1
0.235986 1
0.136690 1
0.113509 1
0.858632 4
0.465058 1
0.380638 1
0.331487 4
0.323780 1
0.290326 1
0.356069 4
0.217730 1
0.304264 1
0.885897 4
0.654810 4
0.038760 4
0.040289 4
0.041990 4
0.040505 4
0.040594 4
0.038691 4
0.040196 4
0.040307 4
0.039791 1
0.377148 1
0.126212 1
0.166642 1
0.467964 1
0.365921 1
0.170391 1
0.123017 1
0.768830 11
0.002239 18
0.000080 8
0.000043 47
27.513831 1
0.081515 1
0.165686 1
1.093351 1
0.489107 1
0.117803 3
0.740581 1
0.126083 1
0.861357 1
0.220175 7
0.761497 1
0.249696 1
0.126189 11
1.995168 1
0.175604 1
0.196604 1
0.280935 1
0.168748 1
0.165107 1
0.458578 1
0.169831 1
0.137709 1
1.303525 1
0.085522 1
0.268712 1
0.329214 11
0.002439 18
0.000105 8
0.000038 47
6.555138 11
0.000192 18
0.000104 8
0.000045 47
0.456782 1
0.323904 1
0.151753 1
0.426208 1
0.772484 1
0.277840 1
0.156313 1
1.144330 1
0.162844 1
0.214972 1
0.245245 1
0.423189 1
0.456452 4
0.322639 1
0.129484 1
0.092582 1
14.027694 1
0.097282 1
0.441124 1
0.093519 1
1.625528 1
0.056163 1
0.201209 1
0.570901 1
0.096462 1
0.228884 1
0.135130 1
0.844672 1
0.129588 1
0.157072 1
0.194368 1
0.141744 1
0.313876 1
0.113984 1
0.146467 1
0.156837 1
1.253475 1
0.112856 1
0.200667 1
0.182116 1
1.781031 1
0.184613 1
0.242944 1
0.104122 1
0.176140 1
0.412302 1
0.130465 1
0.120845 1
0.107717 1
17.256568 1
0.125308 1
0.199698 1
0.177810 1
0.130586 1
0.226651 1
0.177717 1
0.140984 1
0.424231 1
0.222288 1
0.167953 1
0.063531 1
0.102784 1
0.616064 84
1.801287 17
0.041645 2
0.000139 72
0.036798 50
0.001759 60
0.002504 44
0.000188 8
0.000062 58
1.255376 69
0.161370 155
0.437731 157
1.124841 91
0.153506 1
1.399777 1
0.148364 1
0.098727 1
0.110609 1
0.257261 1
0.375339 1
0.140631 1
0.229762 1
0.333742 1
0.147994 1
0.107572 1
0.126584 1
1.661272 1
0.096042 1
0.861595 1
0.106410 1
0.161559 1
0.697367 4
0.132562 4
0.461644 1
0.093491 1
0.267678 1
0.000038 4
1.000844 1
0.144981 3
0.926041 1
0.254744 1
0.112967 1
0.168851 3
0.429024 1
0.315727 2
0.000115 165
1.879028 1
0.122471 5
0.897995 2
0.000042 9
0.035677 44
0.000035 8
0.000024 58
2.214341 121
0.363194 35
0.177971 157
3.497020 11
0.001576 48
0.000078 105
0.031063 59
0.001560 28
0.001348 64
0.000369 2
0.000025 23
0.000055 2
0.002579 247
0.002083 180
0.000344 3
0.004658 340
0.000620 67
0.040159 2
0.000035 80
0.258441 18
0.000714 8
0.000164 47
2.231636 1
0.085480 1
0.148698 84
0.572304 2
0.164226 62
0.486521 102
0.787188 73
0.409326 85
0.470748 125
0.352628 104
0.353963 84
0.173636 69
0.297124 97
0.263766 89
0.415511 60
0.572234 32
0.634444 11
0.110452 163
0.000032 104
0.002470 18
0.000304 8
0.000140 47
11.542062 17
0.039040 2
0.000122 72
0.034962 50
0.002790 60
0.002878 44
0.000284 8
0.000097 58
2.918035 69
1.200949 11
0.006634 48
0.000048 105
0.032133 59
0.001250 64
0.000405 2
0.000060 25
0.002505 247
0.001976 180
0.000429 3
0.004656 340
0.000540 67
0.038222 2
0.000029 80
0.237324 18
0.000674 8
0.000146 47
1.733559 1
0.076117 1
0.127482 84
1.049877 1
0.156933 1
0.104246 1
0.106688 1
0.270280 1
0.387429 1
0.248844 1
0.181894 1
0.214057 1
0.217853 1
0.147056 1
0.113672 1
3.929594 1
0.727713 1
0.121804 3
0.734795 1
0.350453 1
0.263252 7
0.804993 2
0.000041 9
0.042271 18
0.000646 8
0.000174 47
1.756078 11
0.000040 6
0.042252 2
0.000072 72
0.027827 50
0.049076 44
0.000200 66
1.057244 69
0.457921 128
1.495156 11
0.034661 44
0.000193 8
0.000028 58
2.742476 35
0.634791 4
0.660374 4
0.039463 4
0.040335 4
0.039754 4
0.254247 4
0.852654 2
0.000038 9
0.038527 44
0.000046 8
0.000021 58
1.420405 1
0.124022 1
0.159028 1
0.838532 1
0.091456 1
0.375369 1
0.090859 1
0.262364 5
0.672844 1
0.100593 1
1.100240 1
0.110556 2
0.441719 2
0.000040 9
0.001936 99
0.000421 44
0.000100 8
0.000034 58
3.471153 15
0.186537 44
0.216462 6
0.485493 9
0.165039 49
0.142960 18
0.393497 121
0.311872 15
0.173101 44
0.127717 6
0.145807 157
2.879463 4
5.436542 11
0.007041 48
0.000046 105
0.033648 29
0.001322 59
0.001217 28
0.001264 64
0.000334 2
0.000101 25
0.002521 247
0.006690 3
0.004906 255
0.000579 67
0.036267 2
0.000033 80
0.253718 18
0.000780 8
0.000050 47
1.733158 1
0.095943 1
0.241294 84
0.434812 2
0.162302 69
0.155257 72
0.172252 118
0.372692 129
0.161771 109
0.155733 7
0.274695 43
0.204403 60
0.339243 5
0.285706 58
0.335941 109
0.214009 79
0.377180 38
0.404913 39
0.257368 75
0.396005 98
0.414500 122
0.312409 60
0.648975 69
0.658529 96
0.041306 116
0.040257 74
0.040251 35
0.039509 38
0.040203 69
0.040937 108
0.038820 63
0.040090 8
0.040083 23
0.040475 40
0.039854 4
0.040217 122
0.040006 163
0.039279 74
0.040523 81
0.039437 60
0.040534 5
0.039725 1
0.040574 1
0.039885 1
0.039829 1
0.039870 1
0.040620 1
0.039523 1
0.039835 1
0.039952 1
0.040563 1
0.040265 1
0.039584 1
0.039810 1
1.083785 1
0.239309 1
0.089379 1
0.052304 1
0.173988 1
1.092041 1
0.271243 1
0.235161 1
0.235999 1
0.570075 4
0.344607 1
0.148445 1
0.202025 1
0.171020 1
0.685824 1
0.325918 1
0.195177 1
0.394094 1
0.144714 1
0.302127 1
0.232801 1
0.218049 1
0.733651 1
0.733152 1
0.480511 1
0.197408 1
0.376914 1
0.190162 1
0.218566 1
0.143722 1
0.163429 1
0.385805 1
0.504792 11
0.121579 158
0.000032 109
0.002477 18
0.000154 8
0.000096 47
8.238100 11
0.000041 6
0.092869 2
0.000050 72
0.030264 50
0.116957 44
0.000183 8
0.000075 58
0.443746 68
0.154035 106
0.411392 44
2.619571 11
0.037154 44
0.000165 8
0.000021 58
0.390613 29
0.615001 1
0.097789 5
0.382714 11
0.035389 44
0.000142 8
0.000043 58
1.202588 121
0.402243 35
0.167210 9
0.393513 97
0.535509 1
0.670229 1
0.042438 1
0.040026 1
0.039987 1
0.039483 1
0.040679 1
0.039210 1
0.040408 1
0.039835 1
0.040279 1
0.040107 1
0.040088 1
0.039489 1
0.039834 1
0.040551 1
0.039713 1
0.040183 1
0.039818 1
0.040071 1
0.039956 1
0.040516 1
0.039648 1
0.039351 1
0.040677 1
0.039540 1
0.040139 1
0.040202 1
0.040047 1
0.040112 1
0.040326 1
0.039053 1
0.041121 1
0.038944 1
0.040667 1
0.039273 1
0.040681 1
0.039614 1
0.365696 3
0.371127 5
0.158091 5
0.151755 5
0.149617 5
0.284918 5
0.140160 5
0.591533 5
0.106383 5
1.684607 5
0.455068 5
0.186789 5
0.298670 5
0.601632 3
0.125073 3
0.662352 3
0.039073 3
0.039799 3
0.039790 3
0.040252 3
0.040054 3
0.039373 3
0.040086 3
0.040745 3
0.039378 3
0.040321 3
0.040057 3
0.040195 3
0.226686 3
0.157596 3
0.330984 3
0.359260 43
0.155710 43
0.140722 43
0.138836 43
0.158256 43
0.122389 43
0.479880 39
0.211824 39
0.200417 39
0.464700 39
0.162578 39
0.288576 39
10.151415 11
0.006873 48
0.000056 105
0.039027 29
0.001327 59
0.001250 28
0.001504 64
0.000366 2
0.000063 25
0.002582 247
0.006258 3
0.004640 255
0.000615 67
0.034916 2
0.000144 80
0.285069 18
0.000306 8
0.000082 47
2.706573 1
0.077286 1
17.205689 84
0.648155 2
0.167147 69
0.107774 72
0.516402 81
0.184694 60
0.170246 5
0.141896 1
0.644912 1
0.225617 1
0.130590 1
0.077593 1
0.121335 1
0.556417 1
0.264304 1
0.225256 1
0.670941 1
0.119281 1
0.173650 1
0.148212 1
0.086963 1
0.659441 1
0.135339 1
0.455373 1
0.159556 1
0.195581 1
0.256784 1
0.156596 1
0.417530 1
0.253176 1
0.546605 1
0.245889 1
0.267318 1
0.208297 1
0.189200 1
0.153382 1
0.165937 1
0.363624 1
0.461215 11
0.120345 163
0.000032 104
0.002421 18
0.000031 8
0.000120 47
19.085669 84
0.327713 30
0.180203 60
0.340641 69
0.700641 60
0.166799 32
0.169020 58
0.144281 1
0.700861 11
0.000042 6
0.079419 74
0.035660 50
0.100526 44
0.000093 8
0.000032 58
0.362881 68
1.514826 1
0.504540 1
0.396785 1
0.134817 1
0.109708 1
0.619697 1
0.772454 1
0.225060 1
0.154526 1
0.082681 1
0.098188 1
0.708759 11
0.009207 48
0.000066 105
0.044349 29
0.001270 27
0.001127 28
0.001200 32
0.000333 2
0.000082 25
0.002465 183
0.007659 3
0.004804 191
0.000662 67
0.034495 2
0.000036 80
0.280236 18
0.000345 8
0.000064 47
0.812893 1
0.077776 1
0.099475 84
1.233658 1
0.239018 1
0.063715 1
0.087094 1
0.166641 1
0.463774 1
0.266054 1
0.235540 1
0.956384 1
0.088097 1
0.146967 1
0.153082 1
0.095268 1
0.821812 1
0.223081 1
1.218129 1
0.084417 1
0.431589 1
0.396102 1
0.634005 1
0.250127 1
0.726016 4
0.257913 1
0.335016 4
0.114174 4
0.502939 1
0.212681 1
0.388742 1
0.474538 1
0.180104 1
0.412219 1
0.204331 1
0.212176 1
0.168829 1
0.232855 1
0.633100 1
0.161241 11
0.116717 163
0.000041 67
0.000122 37
0.002360 18
0.000120 8
0.000019 47
2.199179 17
0.036146 2
0.000058 72
0.038999 50
0.008015 44
0.000229 8
0.000078 58
1.313667 79
11.505865 4
0.664865 4
0.040276 4
0.040206 4
0.039954 4
0.040374 4
0.039839 4
0.039658 4
0.040316 4
0.197118 4
0.335511 4
4.317728 1
0.669002 1
0.040554 1
0.039971 1
0.039705 1
0.040343 1
0.040608 1
0.039866 1
0.039118 1
0.040472 1
0.039400 1
0.040654 1
0.040342 1
0.039927 1
0.039683 1
0.039592 1
0.040579 1
0.039594 1
0.039750 1
0.040502 1
0.039888 1
0.039651 1
0.039896 1
0.040490 1
0.040775 1
0.039383 1
0.039833 1
0.040246 1
0.039758 1
0.040134 1
0.040099 1
0.040410 1
0.039820 1
0.039388 1
0.039874 1
0.040147 1
0.040259 1
0.039962 1
0.040206 1
0.040086 1
0.039259 1
0.040610 1
0.039816 1
0.040084 1
0.039765 1
0.040399 1
0.039656 1
0.039860 1
0.040322 1
0.039447 1
0.040255 1
0.040133 1
0.040065 1
0.039897 1
0.040133 1
0.039432 1
0.040958 1
0.039520 1
0.040283 1
0.039949 1
0.039682 1
0.040042 1
0.216710 1
0.301395 1
0.430404 5
0.309512 5
0.151334 5
0.126111 5
0.582518 3
0.655950 3
0.042300 3
0.040170 3
0.039529 3
0.040331 3
0.039998 3
0.040512 3
0.039772 3
0.039659 3
0.039329 3
0.395458 1
0.784297 9
0.476001 5
2.742875 11
0.004693 48
0.000031 79
0.033889 59
0.001170 64
0.000375 2
0.000053 25
0.002446 220
0.007658 3
0.007078 228
0.000611 67
0.039040 82
0.280447 18
0.000404 8
0.000030 47
7.089229 1
0.114540 1
0.207064 84
1.029946 1
0.228180 1
0.151672 1
0.053382 1
0.151625 1
0.496149 1
0.244660 1
0.181260 1
0.455310 1
0.152383 1
0.189056 1
0.155160 1
2.758938 1
0.328075 1
0.155603 1
0.502294 1
0.138109 1
0.277561 1
1.837535 1
0.166465 1
0.231444 1
0.321826 1
0.690174 1
0.361143 1
0.279916 1
0.209610 1
0.219542 1
0.166935 1
0.226193 1
0.264182 1
0.248937 11
0.111996 163
0.000031 104
0.002540 18
0.000196 8
0.000044 47
1.385666 17
0.038483 2
0.000056 72
0.034230 50
0.032709 44
0.000192 8
0.000018 58
1.276573 121
21.925625 1
0.171674 1
0.132095 1
0.564114 1
0.101136 1
0.837409 1
0.141858 1
0.237488 5
0.942402 1
0.148624 3
0.512533 11
0.001994 142
0.000543 44
0.000106 8
0.000044 58
64.131818 121
0.794790 1
0.165128 1
0.386132 1
22.673142 4
0.595589 1
0.225956 1
1.577351 1
0.628559 1
0.172139 1
0.260262 1
0.679137 1
0.264191 1
0.399211 4
0.133388 1
0.237789 1
0.754423 1
0.110759 1
0.178557 1
0.988273 1
0.241350 1
0.188836 1
0.219921 1
0.393684 1
0.183338 1
0.173721 1
0.275484 1
3.359755 1
0.188955 1
0.632929 1
0.129559 1
0.451243 1
0.203604 1
0.164854 1
0.613461 1
0.082149 1
1.860699 1
0.202659 1
0.222047 1
0.284913 1
0.092639 1
0.766304 1
0.179896 1
0.114791 1
0.167811 1
0.446341 1
0.182009 1
0.319878 1
0.606889 4
1.640512 1
0.218691 1
0.119160 1
0.738874 121
0.820100 121
0.377981 45
0.179450 108
0.194669 81
3.136987 66
0.412839 3
0.657780 3
0.038780 3
0.040384 3
0.041936 3
0.040472 3
0.039831 3
0.039367 3
0.040015 3
0.040286 3
0.040158 3
0.040368 3
0.696200 5
0.144760 5
0.467919 3
0.665059 3
0.041342 3
0.040256 3
0.039643 3
0.039949 3
0.040155 3
0.039782 3
0.040226 3
0.040334 3
0.039414 3
0.040846 3
0.039875 3
0.040073 3
0.039916 3
0.039661 3
0.039646 3
0.040540 3
0.039387 3
0.040423 3
0.039958 3
0.040228 3
0.039466 3
0.040613 3
0.040047 3
0.039413 3
0.040089 3
0.040260 3
0.040192 3
0.039928 3
0.040186 3
0.039379 3
0.040329 3
0.040123 3
0.039984 3
0.924070 39
0.432296 39
3.256418 11
0.003897 48
0.000183 79
0.031468 59
0.001175 64
0.000381 2
0.000053 25
0.002472 220
0.002292 166
0.000416 3
0.005012 2
0.000114 67
0.001459 150
0.001605 151
0.001635 150
0.001704 154
0.001660 154
0.001645 150
0.003802 2
0.000118 80
0.026599 22
0.029193 2
0.000043 72
0.002300 78
0.002151 78
0.001866 74
0.001972 75
0.001848 74
0.001867 74
0.000346 50
0.001385 57
0.002589 44
0.000110 8
0.000036 58
2.223210 1
0.127881 1
0.101195 1
0.108444 1
0.241452 1
0.815990 1
0.137733 1
0.174248 1
0.363099 1
0.182221 1
0.090699 1
0.112073 1
0.736483 1
0.091328 1
0.892939 1
0.114604 1
0.193031 1
0.386357 4
0.148066 4
0.486579 1
0.111842 1
0.309810 5
0.732188 1
0.147998 3
1.353667 1
0.216027 1
0.098196 1
0.211002 1
0.578726 4
0.144992 4
0.300971 4
0.525958 1
0.264067 1
0.211597 4
0.640146 11
0.037387 44
0.000148 8
0.000021 58
0.379658 29
0.861523 1
0.108302 5
0.281393 11
0.036002 110
0.660066 1
0.096142 1
0.182782 1
0.648473 1
0.065798 1
0.433161 1
1.204815 1
0.241242 5
0.486624 11
0.001842 44
0.000043 8
0.000182 58
1.969193 11
3.208228 1
0.106338 1
1.303125 3
0.487108 11
0.000452 99
0.000392 44
0.000071 8
0.000029 58
22.595890 15
0.155730 7
0.576077 46
0.724203 9
0.389890 95
2.512493 11
0.007195 48
0.000188 58
0.000049 21
0.034527 29
0.001295 59
0.001193 28
0.001331 64
0.000327 2
0.000084 25
0.002498 220
0.006462 3
0.004464 228
0.000672 67
0.037733 80
0.000227 2
0.230872 18
0.000358 8
0.000062 47
2.081296 1
0.079122 1
0.203457 84
4.103625 1
0.267445 1
0.167418 1
0.080728 1
0.126715 1
0.636073 1
0.342280 1
0.322411 1
0.333709 1
0.168066 1
0.192923 1
0.140625 1
0.179630 1
0.913574 1
0.149210 1
1.433161 1
0.173836 1
0.138955 1
0.406199 1
0.615233 1
0.153303 1
0.260053 1
0.707263 1
0.407643 1
0.309516 1
0.223762 1
0.207939 1
0.620305 1
0.173631 1
0.222441 1
0.449635 11
0.189117 24
0.000032 24
0.000016 18
0.000017 6
0.000115 47
0.000053 18
0.000042 5
0.000046 23
0.000050 46
0.000047 23
0.000045 23
0.000044 24
0.000334 24
0.000074 46
0.000052 41
0.000049 28
0.000049 23
0.000047 41
0.000048 28
0.000044 23
0.000047 24
0.000049 23
0.000044 23
0.000043 23
0.000059 23
0.000059 23
0.000048 23
0.000044 23
0.000044 23
0.000104 46
0.000060 47
0.000050 23
0.000049 41
0.000049 28
0.000049 23
0.000047 41
0.000048 28
0.000046 23
0.000046 41
0.000048 28
0.000045 23
0.000043 24
0.000047 48
0.000216 25
0.000080 23
0.000049 23
0.000044 23
0.000021 23
0.000046 23
0.000019 23
0.000044 23
0.000020 18
0.000018 5
0.000043 23
0.000019 23
0.000045 24
0.000019 24
0.000044 24
0.000046 24
0.000019 24
0.000044 24
0.000019 24
0.000044 24
0.000045 24
0.000019 24
0.000044 24
0.000020 23
0.000043 23
0.000044 23
0.000020 24
0.001115 23
0.000120 69
0.000073 23
0.000048 23
0.000022 23
0.000045 24
0.000022 19
0.000018 5
0.000045 24
0.000019 24
0.000045 24
0.000020 19
0.000017 5
0.000044 24
0.000020 24
0.000044 24
0.000021 19
0.000017 5
0.000044 24
0.000019 23
0.000044 23
0.000045 23
0.000020 23
0.000045 23
0.000044 23
0.000021 18
0.000017 5
0.000045 23
0.000019 23
0.000044 23
0.000044 24
0.000100 23
0.000052 23
0.000021 18
0.000018 5
0.000046 23
0.000019 24
0.000045 24
0.000044 24
0.000048 24
0.000158 24
0.000056 24
0.000020 24
0.000044 24
0.000020 24
0.000045 24
0.000045 24
0.000020 23
0.000044 23
0.000020 23
0.000043 23
0.000044 23
0.000020 23
0.000033 23
0.000053 23
0.000020 23
0.000034 23
0.000053 24
0.000079 23
0.000036 24
0.000038 24
0.000046 24
0.000046 24
0.000019 24
0.000033 24
0.000036 24
0.000047 24
0.000044 24
0.000020 24
0.000033 24
0.000037 23
0.000039 23
0.000039 23
0.000035 23
0.000038 23
0.000039 23
0.000111 23
0.000037 23
0.000037 23
0.000036 23
0.000036 23
0.000039 23
0.000038 23
0.000035 22
0.000019 2
0.000293 21
0.002194 18
0.000168 8
0.000062 47
1.301790 30
0.237133 11
0.168809 24
0.000034 24
0.000019 23
0.000130 92
0.000021 23
0.000017 23
0.000054 40
0.000022 6
0.000017 22
0.000016 2
0.000329 23
0.000025 23
0.000017 23
0.000069 46
0.000020 23
0.000018 23
0.000049 23
0.000019 23
0.000017 23
0.000045 23
0.000018 24
0.000056 18
0.000018 5
0.000017 23
0.000049 41
0.000017 5
0.000017 23
0.000048 41
0.000018 5
0.000017 23
0.000048 41
0.000017 5
0.000017 23
0.000047 24
0.000079 46
0.000018 23
0.000018 18
0.000017 5
0.000017 23
0.000060 46
0.000019 18
0.000018 5
0.000031 23
0.000018 23
0.000053 47
0.000044 24
0.000019 24
0.000018 19
0.000017 5
0.000017 19
0.000178 5
0.000055 25
0.000057 18
0.000020 5
0.000017 23
0.000049 46
0.000045 23
0.000018 23
0.000019 18
0.000017 5
0.000017 23
0.000047 24
0.000019 24
0.000017 24
0.000049 42
0.000018 6
0.000017 24
0.000045 24
0.000019 24
0.000017 24
0.000044 24
0.000019 24
0.000017 23
0.000043 23
0.000019 23
0.000043 23
0.000019 23
0.000017 24
0.001125 23
0.000122 92
0.000026 24
0.000047 24
0.000021 24
0.000019 24
0.000044 24
0.000020 24
0.000018 19
0.000018 5
0.000016 24
0.000046 24
0.000018 24
0.000019 24
0.000043 23
0.000019 23
0.000042 23
0.000020 23
0.000018 18
0.000018 5
0.000017 23
0.000046 23
0.000020 23
0.000048 40
0.000018 6
0.000017 23
0.000045 23
0.000020 24
0.000096 23
0.000052 47
0.000046 24
0.000020 24
0.000043 24
0.000019 24
0.000043 24
0.000155 24
0.000056 42
0.000020 6
0.000017 24
0.000048 41
0.000018 6
0.000017 23
0.000043 23
0.000020 23
0.000017 23
0.000043 23
0.000019 23
0.000047 40
0.000019 6
0.000017 23
0.000045 23
0.000019 23
0.000018 24
0.000077 24
0.000047 24
0.000020 24
0.000017 24
0.000044 24
0.000019 24
0.000018 24
0.000044 24
0.000019 24
0.000047 41
0.000018 6
0.000017 23
0.000045 23
0.000020 23
0.000016 23
0.000045 23
0.000019 23
0.000017 23
0.000098 23
0.000069 23
0.000021 18
0.000018 5
0.000017 23
0.000044 23
0.000020 23
0.000016 23
0.000043 24
0.000197 21
0.002274 18
0.000198 8
0.000048 47
0.681364 30
0.285829 11
0.176020 24
0.000148 48
0.000043 24
0.000042 24
0.000063 24
0.000047 24
0.000020 24
0.000044 24
0.000020 24
0.000042 23
0.000059 24
0.000358 24
0.000075 48
0.000018 24
0.000047 24
0.000020 24
0.000044 24
0.000018 23
0.000044 23
0.000019 23
0.000043 23
0.000018 22
0.000017 2
0.000057 24
0.000044 24
0.000020 24
0.000042 24
0.000020 18
0.000017 5
0.000042 23
0.000019 23
0.000042 23
0.000019 23
0.000042 23
0.000019 23
0.000042 24
0.000056 24
0.000043 23
0.000020 23
0.000043 23
0.000020 18
0.000017 5
0.000019 18
0.000017 5
0.000018 18
0.000016 5
0.000051 40
0.000019 6
0.000016 23
0.000044 23
0.000020 23
0.000045 23
0.000020 23
0.000043 23
0.000019 23
0.000197 22
0.000022 2
0.000109 23
0.000022 46
0.000054 46
0.000044 23
0.000020 23
0.000043 23
0.000020 23
0.000042 23
0.000020 18
0.000017 5
0.000041 23
0.000020 23
0.000041 23
0.000019 23
0.000042 23
0.000019 23
0.000042 23
0.000020 23
0.000042 23
0.000020 19
0.000017 5
0.000046 24
0.000020 24
0.000017 24
0.000045 25
0.001150 23
0.000115 69
0.000022 18
0.000019 5
0.000017 23
0.000047 23
0.000020 23
0.000041 23
0.000020 18
0.000018 5
0.000041 23
0.000019 23
0.000042 23
0.000019 23
0.000042 23
0.000018 23
0.000042 23
0.000019 24
0.000043 24
0.000019 19
0.000017 5
0.000046 24
0.000019 24
0.000019 19
0.000016 5
0.000046 24
0.000019 24
0.000018 24
0.000043 24
0.000022 19
0.000017 5
0.000044 24
0.000077 23
0.000045 23
0.000042 23
0.000019 23
0.000043 23
0.000020 18
0.000017 5
0.000043 23
0.000018 23
0.000043 23
0.000164 23
0.000051 23
0.000020 23
0.000041 23
0.000019 23
0.000042 24
0.000018 24
0.000042 24
0.000019 24
0.000042 24
0.000020 19
0.000017 5
0.000018 19
0.000017 5
0.000049 42
0.000020 6
0.000018 24
0.000044 24
0.000018 24
0.000080 23
0.000044 23
0.000020 18
0.000017 5
0.000044 23
0.000019 23
0.000019 23
0.000044 23
0.000020 18
0.000017 5
0.000018 18
0.000016 5
0.000049 40
0.000019 6
0.000016 24
0.000044 24
0.000019 24
0.000041 24
0.000019 24
0.000042 24
0.000020 19
0.000017 5
0.000041 24
0.000130 24
0.000049 24
0.000020 24
0.000042 23
0.000018 23
0.000043 23
0.000019 24
0.000205 21
0.002302 18
0.000195 8
0.000049 47
2.894998 17
0.087754 2
0.000183 72
0.037504 50
0.102385 44
0.000086 8
0.000033 58
2.351700 1
0.171266 1
0.351979 1
0.422084 1
1.642816 1
0.322141 1
0.350410 1
0.825749 1
0.206824 1
0.129278 1
0.464837 1
0.125232 1
0.525372 1
0.182837 1
0.143927 1
0.479122 1
0.118142 1
0.221379 1
0.266397 1
0.291886 1
0.020701 1
0.818652 121
0.794133 121
0.673702 1
0.158106 1
0.317268 1
0.565664 4
0.584281 1
0.245092 1
0.661025 1
0.264310 1
0.068517 1
0.182873 1
0.123276 1
0.730610 1
0.072856 1
0.244389 1
0.304213 1
0.103875 1
0.162621 1
0.103930 1
0.139401 1
0.586608 1
0.128549 1
0.213624 1
0.099773 1
0.172163 1
0.590066 1
0.357233 1
0.166552 1
0.495382 1
0.131221 1
0.136302 1
0.158203 1
1.627205 1
0.233739 1
0.346402 1
0.108649 1
0.296298 1
0.322151 1
0.127765 1
0.135760 1
0.948939 1
0.318997 1
0.148029 1
0.164281 1
0.192752 1
1.503089 1
0.177274 1
0.126466 1
0.228883 1
1.968264 1
0.121637 1
0.466512 4
0.275455 1
0.126266 1
0.899262 1
0.138408 1
1.248792 1
3.634581 1
0.120323 1
0.342674 1
0.504489 4
0.135771 4
0.207899 4
1.077649 1
0.199021 1
0.355666 1
0.053273 1
1.154786 4
0.146416 4
0.153421 4
0.518074 1
0.497895 1
0.108506 1
0.132687 1
0.171615 1
0.395281 1
0.328090 1
0.152001 1
0.142987 1
0.120580 1
0.412267 1
0.261468 121
1.599363 64
0.149610 120
0.434316 87
1.159993 66
0.449028 3
0.666019 3
0.039614 3
0.039874 3
0.041407 3
0.039835 3
0.040641 3
0.039236 3
0.040549 3
0.040003 3
0.039683 3
0.040187 3
0.040439 3
0.039760 3
0.040248 3
0.039670 3
0.039702 3
0.040241 3
0.039214 3
0.042657 3
0.038044 3
0.039606 3
0.039776 3
0.040418 3
0.040088 3
0.040043 3
0.040474 3
0.039656 3
0.039871 3
0.040061 3
0.040120 3
0.039924 3
0.039405 3
0.040139 3
0.040137 3
0.040165 3
0.040083 3
0.040106 3
0.039932 3
0.039655 3
0.040264 3
0.253024 3
0.162426 3
0.156750 3
0.150692 3
0.135689 3
0.936503 5
0.383171 1
0.943272 5
0.604261 5
0.127838 7
0.633787 5
0.131657 1
0.803266 5
0.217792 11
0.834118 5
0.318008 5
0.124385 16
23.469310 5
1.770799 11
0.009213 48
0.000067 106
0.039657 59
0.001777 64
0.000449 2
0.000056 25
0.006163 247
0.005939 3
0.005102 255
0.000676 67
0.036649 2
0.000048 80
0.259170 18
0.000325 8
0.000080 47
1.008286 1
0.074281 1
0.122160 2
0.000051 9
0.000232 18
0.000107 8
0.000036 47
1.588358 2
0.150587 32
0.735503 11
0.198352 23
0.000033 23
0.000128 92
0.000020 23
0.000052 23
0.000019 24
0.000045 24
0.000019 24
0.000043 25
0.000336 23
0.000078 46
0.000021 23
0.000045 23
0.000020 24
0.000042 24
0.000019 24
0.000043 24
0.000019 24
0.000042 24
0.000018 25
0.000068 23
0.000046 23
0.000019 24
0.000043 24
0.000020 24
0.000043 24
0.000019 24
0.000049 42
0.000020 6
0.000017 24
0.000045 24
0.000019 25
0.000079 24
0.000056 43
0.000019 5
0.000017 24
0.000047 24
0.000019 24
0.000044 24
0.000019 24
0.000043 24
0.000019 24
0.000043 23
0.000019 23
0.000044 23
0.000019 23
0.000043 23
0.000019 23
0.000204 22
0.000020 2
0.000071 19
0.000020 5
0.000016 24
0.000046 24
0.000019 24
0.000044 24
0.000018 24
0.000044 24
0.000019 23
0.000043 23
0.000019 23
0.000043 23
0.000019 23
0.000043 23
0.000018 23
0.000044 23
0.000019 23
0.000043 23
0.000019 23
0.000043 23
0.000019 23
0.000043 23
0.000019 23
0.000043 23
0.000019 23
0.000043 24
0.001067 24
0.000118 72
0.000048 23
0.000022 23
0.000044 23
0.000019 23
0.000043 23
0.000018 23
0.000045 23
0.000018 23
0.000044 23
0.000019 23
0.000043 23
0.000019 23
0.000045 23
0.000019 23
0.000044 23
0.000019 23
0.000043 23
0.000019 23
0.000059 24
0.000048 24
0.000049 24
0.000020 24
0.000019 19
0.000017 5
0.000047 24
0.000018 25
0.000096 24
0.000051 23
0.000020 23
0.000044 23
0.000019 23
0.000044 23
0.000019 23
0.000045 23
0.000044 23
0.000172 23
0.000063 41
0.000022 5
0.000017 23
0.000048 23
0.000019 23
0.000017 23
0.000046 23
0.000019 23
0.000044 23
0.000019 24
0.000044 24
0.000019 24
0.000044 24
0.000018 24
0.000043 24
0.000019 25
0.000081 23
0.000046 23
0.000069 23
0.000019 46
0.000017 23
0.000060 40
0.000019 6
0.000018 23
0.000045 23
0.000019 23
0.000045 23
0.000018 23
0.000045 23
0.000019 23
0.000044 23
0.000018 24
0.000046 24
0.000019 24
0.000106 24
0.000050 24
0.000019 24
0.000045 24
0.000019 24
0.000043 24
0.000019 25
0.000209 21
0.002371 73
1.450511 17
0.040134 2
0.000155 72
0.035052 50
0.277054 44
0.000095 8
0.000035 58
4.884555 121
0.742845 1
0.168572 1
0.114666 1
0.617178 1
0.660580 1
0.133765 1
0.166656 1
0.285563 1
0.235458 1
0.525338 1
0.138339 1
0.404923 1
1.558141 1
0.130484 1
0.905462 1
0.207444 1
0.289275 1
0.112691 1
0.217838 1
0.649916 121
6.835051 1
0.184242 1
0.134583 1
0.459543 1
0.950321 1
0.617513 4
1.758076 1
0.274875 1
0.639428 1
0.187984 1
0.134786 1
0.116187 1
0.164546 1
0.222288 1
0.302892 1
0.060585 1
0.323977 1
0.179111 1
0.103121 1
2.876869 1
0.117159 1
0.175827 1
0.083192 1
0.105064 1
1.462407 1
0.095542 1
0.265607 1
1.049711 1
0.452890 1
0.148593 1
0.208009 1
2.877824 1
0.114827 1
0.057987 1
0.923350 1
0.318588 1
0.194081 1
0.140100 1
0.296343 1
0.088803 1
0.789338 1
1.040851 1
0.121399 1
0.101273 1
0.130394 1
0.535580 1
0.108819 1
0.220370 1
0.407301 1
0.149583 1
0.207577 1
0.211205 1
0.138983 1
0.703507 1
0.116664 1
0.684016 4
0.395780 4
0.665361 1
0.103777 1
0.159031 1
1.184035 3
0.119695 3
0.243323 3
0.098698 3
0.180314 3
0.077004 3
0.481089 3
1.668265 1
6.486207 1
0.192518 1
0.180035 1
0.353038 1
0.072562 1
0.840923 1
0.252629 1
0.161524 1
0.093987 1
0.850954 121
5.772726 121
0.900587 69
0.182698 118
0.443106 112
0.233553 157
0.475927 181
10.812626 110
0.198583 80
0.180456 91
0.431212 1
2.893734 69
0.274090 118
0.309869 112
5.064343 11
0.009101 48
0.000283 106
0.041044 59
0.001082 64
0.000320 2
0.000054 25
0.002504 247
0.005825 3
0.004855 255
0.000616 67
0.030516 82
0.248132 18
0.000573 8
0.000055 47
1.107765 1
0.117647 1
0.100430 1
0.113887 1
0.234137 1
3.098439 1
0.138329 1
0.247210 1
0.119559 1
0.147512 1
0.136141 1
0.187933 1
0.340290 1
0.561723 1
0.302225 1
1.606971 1
0.120390 1
0.261579 1
0.914585 2
0.000041 9
0.546136 33
0.040095 37
0.041974 64
0.000033 77
1.232645 2
0.000558 33
0.001416 22
1.388147 172
0.264033 168
0.253053 168
0.202437 168
0.218711 168
0.204831 168
0.197069 168
0.218746 168
0.202226 168
0.204218 168
0.200380 168
0.199371 168
0.204815 168
0.200685 168
0.203609 168
0.202826 168
0.205551 168
0.203944 168
0.203535 168
0.207450 168
0.207328 168
0.199025 168
0.203799 168
0.199763 168
0.227749 168
0.201490 168
0.085042 168
1.285601 4
0.000322 168
0.136835 168
0.000175 2
0.000099 168
0.065198 168
0.000228 2
0.000130 168
0.002076 170
0.000056 168
0.057010 170
0.000197 168
0.000044 170
0.002690 34
0.001862 168
0.035877 170
0.441799 38
0.000226 38
0.093101 6
0.005694 18
0.000186 55
5.070808 1
0.095868 1
1.228075 1
0.105727 1
17.410859 1
0.314179 1
0.167529 3
0.562063 1
0.160884 8
0.912776 1
0.257373 1
0.227738 1
0.174142 1
0.169242 1
0.166280 1
0.333789 4
0.643480 4
0.041551 4
0.040305 4
0.039649 4
0.040332 4
0.039494 4
0.040321 4
0.039959 4
0.040083 4
0.039978 4
0.040615 4
0.039553 4
0.039007 4
0.040413 4
0.040164 4
0.039764 4
0.040279 4
0.656086 84
0.610729 1
0.123784 1
0.092694 1
0.094465 1
0.219559 1
0.404915 1
0.154530 1
0.204023 1
0.230200 1
0.137094 1
0.122544 1
0.537910 1
0.213225 1
0.118137 1
0.171715 1
0.133344 1
0.505456 1
0.063707 1
0.207750 1
0.301408 1
0.924568 1
0.110846 1
0.681658 1
1.128289 1
0.151452 3
0.657558 1
0.333624 1
0.250693 7
1.256058 4
0.771342 11
0.046393 18
0.000157 55
2.696008 1
0.120058 1
0.231526 1
0.117413 1
0.815892 1
0.263825 1
0.124817 3
0.596485 1
0.170273 8
0.735537 1
0.290546 1
0.136103 11
13.294376 1
0.052709 1
0.281448 5
0.671522 1
0.173815 3
1.670493 1
0.125175 1
0.185750 10
1.049545 2
0.000052 9
0.113050 1025
0.000232 111
0.000132 111
0.000121 808
0.000346 395
0.000126 633
0.000263 803
0.000133 224
0.000265 455
0.000116 575
0.000624 165
0.002548 18
0.000189 8
0.000081 47
2.933299 84
0.398717 53
1.031382 4
0.650270 4
0.041689 4
0.039942 4
0.040413 4
0.039379 4
0.040326 4
0.039906 4
0.040123 4
0.039578 4
0.040474 4
0.204888 4
0.671029 1
0.110028 1
0.224691 5
5.053839 2
0.000116 9
0.040428 546
0.000036 86
0.000021 2
0.000024 391
0.000151 130
0.000022 101
0.000019 2
0.000020 44
0.000020 2
0.000021 198
0.000019 2
0.000022 198
0.000020 2
0.000022 200
0.000020 2
0.000021 148
0.000112 256
0.000020 44
0.000019 2
0.000024 437
0.000020 2
0.000022 225
0.000020 2
0.000020 59
0.000154 11
0.000023 241
0.000021 2
0.000024 245
0.000041 46
0.000021 2
0.000072 429
0.000025 2
0.000021 50
0.000164 191
0.000023 70
0.000021 2
0.000024 396
0.000019 2
0.000019 68
0.000020 2
0.000021 296
0.000126 527
0.000021 107
0.000019 2
0.000020 44
0.000021 2
0.000028 216
0.000030 2
0.000032 127
0.000144 353
0.000035 96
0.000027 2
0.000038 570
0.000040 2
0.000030 3
0.000148 214
0.000033 44
0.000029 2
0.000030 126
0.000028 2
0.000029 71
0.000155 2
0.000030 97
0.000030 2
0.000047 83
0.000033 2
0.000025 156
0.000023 2
0.000026 153
0.000024 2
0.000027 73
0.000169 9
0.000034 4
7.605122 164
0.810144 83
0.368151 33
0.000033 145
0.430122 162
0.319846 33
0.000034 130
0.376680 33
0.000115 129
0.441440 33
0.000041 137
0.402415 170
0.367717 189
0.352389 83
0.352032 108
0.372915 83
0.372939 110
0.532189 33
0.000115 417
0.243462 793
0.312000 83
0.358888 255
0.240413 110
0.173600 183
0.145006 154
0.228257 154
0.173741 150
0.153967 151
0.148583 150
0.213427 150
0.173828 83
0.173695 161
0.166569 146
0.142935 83
0.157106 108
0.158569 558
0.147538 55
0.145462 54
2.532794 28
0.006355 18
0.000076 8
0.000040 47
1.976964 84
2.017922 1
0.167922 1
1.965479 4
0.191493 1
0.562576 1
0.275116 1
0.239650 1
0.139525 1
0.220454 1
0.434141 1
0.160985 1
0.063806 1
0.233658 1
0.155463 1
0.122146 1
1.527447 1
0.193096 1
0.328916 1
0.530952 1
0.101982 1
0.256063 1
0.167683 1
0.720832 2
0.000041 9
0.000148 18
0.000112 8
0.000030 47
2.011240 1
0.170872 1
0.318022 1
0.492665 1
0.286124 1
0.158910 1
0.138713 1
1.248021 1
0.310244 1
0.173713 1
0.250943 1
0.165543 1
0.216785 1
0.637716 1
0.109612 1
0.253677 1
0.133723 1
6.825379 1
0.035793 1
0.212494 1
0.206166 1
0.615078 1
0.085181 1
0.152426 1
0.412525 1
0.213289 1
0.208187 1
0.197141 1
0.165959 1
0.095426 1
0.164068 1
1.283209 1
0.073820 1
0.159431 1
0.181561 1
0.541756 1
0.243027 1
0.157696 1
0.095399 1
0.090234 1
0.864580 1
1.134043 4
0.215528 1
0.417349 1
0.109666 1
0.149037 1
0.129268 1
0.136594 1
0.393277 1
0.173647 1
0.037073 1
0.094567 1
0.222828 1
0.543099 1
0.110062 1
0.225137 1
0.309184 1
2.414488 1
0.103728 1
0.213456 1
0.831877 1
0.057150 1
0.482960 1
0.101156 1
0.261199 1
0.000037 4
0.717165 1
0.130504 3
0.939462 1
3.594159 1
0.659128 1
0.042263 1
0.040169 1
0.039676 1
0.040284 1
0.039668 1
0.040543 1
0.039390 1
0.039791 1
0.040446 1
0.039896 1
0.040034 1
0.043440 1
0.040528 1
0.040288 1
0.039346 1
0.040278 1
0.039887 1
3.235677 1
0.427625 1
1.100082 1
0.167910 1
0.156090 1
0.139503 1
0.526243 5
0.093468 5
0.239585 5
0.108756 5
0.359634 5
0.770250 75
10.120003 1
0.066325 1
0.268019 1
0.163498 1
0.233138 1
1.101890 1
0.130410 1
0.233954 1
0.165387 1
0.679171 2
0.000041 9
0.000154 18
0.000079 8
0.000029 47
0.679689 84
3.157018 17
0.038220 2
0.000107 72
0.036746 50
0.001865 60
0.002591 44
0.000147 8
0.000064 58
3.679451 93
0.827474 11
0.007268 48
0.000232 106
0.037420 59
0.001215 64
0.000261 2
0.000064 25
0.002483 247
0.002160 180
0.000344 3
0.004651 340
0.000668 67
0.041196 2
0.000144 80
0.240154 18
0.000289 8
0.000069 47
1.543768 1
0.158459 1
0.063981 1
0.118073 1
0.263975 1
0.364506 1
0.251811 1
0.187697 1
0.204430 1
0.216499 1
0.139973 1
0.118322 1
0.667568 1
0.235920 1
0.084079 1
0.591232 1
0.962997 1
0.721124 4
0.156972 4
0.117946 4
0.405236 1
0.118118 3
0.585251 1
0.112151 1
0.883478 1
0.225967 7
0.487078 11
0.041291 73
1.165320 26
0.261415 2
0.000032 9
0.032941 38
0.002065 18
0.000100 8
0.000047 47
1.193815 17
0.040229 2
0.000156 72
0.029522 50
0.068316 44
0.000227 66
2.695309 121
4.515739 1
0.124406 1
0.105509 1
0.067508 1
0.251337 1
0.813794 1
0.083144 1
0.143781 1
0.790447 1
0.125383 1
0.949821 1
0.092196 1
0.113073 2
0.613158 1
0.244597 1
0.142609 1
0.084570 3
1.094030 1
0.168504 1
0.611768 1
0.135035 6
1.215429 1
0.792153 1
0.672853 1
0.471563 4
0.236276 1
0.141716 1
0.165591 2
1.155990 1
0.248485 1
0.138855 1
0.111800 3
0.862890 1
1.460585 1
0.217071 1
0.209218 1
0.234580 4
0.885312 1
17.138857 1
0.128471 1
0.654680 1
0.405255 4
0.761895 1
0.061839 1
0.561683 1
0.200146 4
0.895894 1
0.129490 3
8.459488 11
0.544928 44
0.000064 8
0.000044 58
2.650182 11
0.000152 44
0.000085 8
0.000024 58
2.171571 1
0.092086 1
1.682189 1
0.081823 1
0.251784 5
0.671734 1
0.134455 3
0.646212 1
0.093802 1
0.158349 5
1.721825 1
0.099467 1
0.556581 1
0.139311 1
0.264472 5
1.114841 1
0.139128 3
3.698694 1
0.266837 1
0.143602 1
0.090262 1
0.110737 1
1.024062 1
0.780494 1
0.206181 1
0.194557 1
0.370318 1
0.154704 1
0.257708 1
0.903539 2
0.000040 9
0.006908 48
0.000251 49
0.000128 21
0.046067 66
0.001602 71
0.000360 2
0.000091 25
0.002505 225
0.003417 166
0.000614 3
0.005187 2
0.000183 67
0.001530 150
0.001712 151
0.001704 150
0.001683 154
0.001648 154
0.001638 150
0.002811 2
0.000140 80
0.034174 22
0.035039 2
0.000145 72
0.003509 8
0.000034 68
0.000026 2
0.002637 78
0.001907 74
0.001936 75
0.001978 74
0.001899 74
0.000355 50
0.001456 57
0.003943 110
2.184205 1
0.165800 1
0.074452 1
0.092599 1
0.244321 1
0.308901 1
0.108665 1
0.201661 1
0.242947 1
0.109317 1
0.104915 1
0.113343 1
2.323229 1
0.087639 1
1.482186 1
0.108916 1
0.237341 5
2.625910 1
0.094532 1
0.744469 1
0.499155 4
0.105553 3
1.225301 1
0.205412 1
0.327532 1
0.000039 3
1.134256 1
0.148853 1
0.624100 1
0.118779 6
0.767959 1
0.111841 5
0.738303 11
0.045927 44
0.000143 66
0.407349 42
0.415149 4
0.651885 4
0.040466 4
0.039725 4
0.040180 4
0.040675 4
0.039098 4
0.040249 4
0.040209 4
0.040020 4
0.040269 4
0.039915 4
0.487952 1
0.121945 1
0.123997 5
0.598034 1
0.095270 5
0.355804 11
0.052595 44
0.000175 8
0.000064 58
0.873332 121
0.321101 42
0.168141 24
0.149568 131
2.271068 11
0.007887 48
0.000068 70
0.039914 66
0.001751 28
0.001587 71
0.000336 2
0.000088 25
0.002480 225
0.006519 3
0.004890 233
0.000621 67
0.034517 2
0.000035 80
0.278078 18
0.000548 8
0.000093 47
1.176068 1
0.059221 1
0.124499 84
1.608882 1
0.076431 1
0.182557 1
0.104750 1
0.155266 1
0.565993 4
0.184666 4
0.135376 4
0.340646 4
0.215161 4
4.937757 1
0.158659 1
0.149786 1
0.089475 1
0.154469 1
1.869448 1
0.412046 1
0.114878 1
0.188721 1
0.651619 1
0.150560 1
0.410308 1
0.193999 1
0.195528 1
0.152794 1
0.100295 1
0.259398 1
0.179274 11
0.194474 23
0.000136 91
0.002972 18
0.000181 55
1.681038 17
0.077186 2
0.000204 72
0.034200 50
0.070178 44
0.000284 66
1.395364 43
0.908246 4
0.150888 4
0.166759 4
0.126291 4
0.127617 4
0.404279 4
0.871881 1
0.097128 1
0.170476 5
1.285715 4
0.929094 11
0.006770 48
0.000057 70
0.036811 66
0.001528 28
0.001586 71
0.000325 2
0.000086 25
0.002494 225
0.007299 3
0.004616 233
0.000696 67
0.035028 82
0.232127 18
0.000647 8
0.000085 47
1.448639 1
0.125237 1
0.153461 84
1.031077 1
0.283623 1
0.104757 1
0.067567 1
0.131331 1
1.003865 1
0.449449 1
0.201839 1
0.743999 4
0.186515 4
0.062549 4
0.547812 1
0.311622 1
0.227228 1
0.875653 4
0.290143 1
0.106855 1
0.375708 1
0.430670 1
0.131871 1
0.686520 1
0.101441 1
0.377742 1
0.455807 1
0.601218 1
0.127518 1
0.782558 11
0.038407 158
0.000884 18
0.000034 8
0.000019 47
1.555072 17
0.041261 2
0.000145 72
0.032164 50
0.089619 44
0.000141 8
0.000097 58
3.524891 1
0.059343 1
0.271339 1
0.676384 1
0.088119 1
1.033607 1
0.097960 1
0.266448 5
0.739195 1
0.111759 1
0.816173 3
0.512760 2
0.000040 9
0.002028 194
0.000379 44
0.000095 8
0.000076 58
3.056394 1
0.086502 1
0.135312 1
0.583298 1
0.332464 1
0.117772 1
0.137328 2
2.542184 1
0.310824 1
0.137370 1
0.100492 3
2.066898 1
0.355528 11
0.001866 13
0.000059 42
0.000038 37
0.000603 44
0.000107 8
0.000045 58
12.433100 14
0.170647 23
0.486385 58
1.458274 4
0.649183 4
0.041491 4
0.040249 4
0.040116 4
0.040111 4
0.039365 4
0.039932 4
0.040711 4
0.039669 4
0.040079 4
0.039556 4
0.040305 4
0.039907 4
0.040008 4
0.040309 4
0.039578 4
0.040655 4
0.039808 4
0.039437 4
0.040158 4
0.040387 4
0.039651 4
0.040547 4
0.218601 4
0.392425 2
0.000069 9
0.006890 48
0.000050 70
0.031909 59
0.001265 64
0.000400 2
0.000068 25
0.002428 211
0.002202 166
0.000300 3
0.004923 2
0.000158 67
0.001428 150
0.002008 151
0.001677 150
0.001632 154
0.001701 154
0.001640 150
0.002197 2
0.000139 80
0.026320 22
0.045676 2
0.000142 72
0.001573 78
0.002268 78
0.001984 74
0.002091 75
0.001954 74
0.001985 74
0.000453 50
0.001366 57
0.002422 44
0.000181 8
0.000065 58
2.205821 1
0.158149 1
0.085321 1
0.109653 1
0.223794 1
0.294045 1
0.128123 1
0.199556 1
0.274812 1
0.152025 1
0.046993 1
0.140313 1
1.061641 1
0.088016 1
0.658455 1
0.110714 1
0.323688 5
0.711682 1
0.131389 3
2.113376 1
0.300295 1
0.136843 1
0.110319 3
0.628124 1
0.108292 5
0.859961 11
0.049829 44
0.000126 8
0.000048 58
0.575160 35
0.149273 111
1.177670 11
0.004550 48
0.000037 70
0.037282 59
0.001564 28
0.001293 64
0.000329 2
0.000089 25
0.002496 211
0.002338 166
0.000312 3
0.005049 2
0.000241 67
0.001538 150
0.001614 151
0.001681 150
0.001608 154
0.001649 154
0.001624 150
0.002364 2
0.000139 80
0.035516 22
0.046038 2
0.000148 72
0.001913 78
0.004555 78
0.001804 72
0.000012 2
0.003879 75
0.001984 74
0.004574 74
0.000509 50
0.001288 55
0.000011 2
0.004025 110
17.800596 1
0.113290 1
0.914161 20
0.145180 53
0.117401 111
0.427963 36
0.373799 23
0.418059 27
0.441975 23
0.602270 11
0.001604 194
0.000422 44
0.000093 8
0.000035 58
1.163506 15
0.149264 33
0.149683 53
5.393343 11
0.037038 44
0.000424 8
0.000050 58
1.417736 35
0.150237 108
0.599661 33
8.568604 11
0.006792 48
0.000206 70
0.038380 59
0.001806 28
0.001277 64
0.000320 2
0.000080 25
0.002478 211
0.002114 166
0.000290 3
0.005135 2
0.000199 67
0.001513 150
0.001594 151
0.001621 150
0.001678 154
0.001679 154
0.001608 150
0.002374 2
0.000133 80
0.031059 22
0.033283 2
0.000147 72
0.001759 78
0.002186 78
0.002809 74
0.002034 75
0.002038 74
0.001998 74
0.000392 50
0.001458 57
0.002659 44
0.000141 8
0.000025 58
1.924539 1
0.355081 1
0.924641 4
0.934346 1
0.149856 1
0.301450 1
0.493994 1
0.345257 1
0.152459 1
0.158382 1
0.152115 1
0.139409 1
0.757226 1
0.117117 1
0.063933 1
0.111103 1
0.236230 1
1.044446 1
0.228404 1
0.135023 1
0.084869 1
0.080785 1
0.196792 1
0.373789 1
0.144973 1
0.096543 1
0.232834 1
0.168778 1
0.930805 1
0.197537 1
0.118338 1
0.413640 1
0.192329 1
0.316496 1
0.142589 1
0.237800 1
0.109668 1
0.313192 1
0.093033 1
0.164827 1
0.366675 1
0.130814 1
0.210807 1
0.108966 1
0.237823 1
0.320033 1
0.118351 1
0.213464 1
0.164024 1
0.351908 1
0.365420 4
0.148544 1
0.303735 1
0.188628 1
0.345261 1
0.159334 1
0.117079 1
0.324254 1
0.223608 1
0.210553 1
0.299095 1
0.082495 1
0.899375 1
1.448375 1
0.106707 1
0.138613 1
0.283665 1
0.122499 1
15.920971 1
0.210909 1
0.748655 4
0.175260 1
0.115278 1
0.567398 1
0.544840 1
1.644453 121
2.318104 11
0.000159 44
0.000084 8
0.000030 58
0.718732 1
0.184616 1
0.556248 4
0.375202 1
1.250856 1
0.250087 1
0.135745 1
0.207731 1
0.546927 1
0.126728 1
0.201648 1
0.638934 4
0.137480 4
0.109491 1
0.179349 1
0.177927 1
0.557268 1
0.121501 1
0.640930 1
1.136053 1
0.909932 121
0.957809 17
