0.237920 44
0.000275 8
0.000072 58
0.788871 1
0.065076 1
0.693827 1
0.231523 1
0.261164 5
0.792630 1
0.165618 3
0.585690 1
0.098413 1
0.149960 5
0.632670 1
0.398394 1
0.121112 1
0.077909 1
0.883143 1
0.915089 1
0.569413 1
1.461131 11
0.005939 48
0.000126 49
0.000066 21
0.026443 27
2.835432 2
0.020160 29
0.001187 24
0.001263 28
0.001218 29
0.000401 2
0.000031 25
0.002854 141
0.007526 3
0.004194 149
0.000625 67
0.031978 2
0.000134 80
0.260675 18
0.000358 8
0.000043 47
1.461665 1
0.089905 1
0.066217 84
1.125466 1
0.099931 1
0.183177 1
0.107982 1
0.137235 1
0.913100 1
0.461547 1
2.042093 11
0.004716 50
0.000541 73
1.087827 1
0.046869 1
0.196827 1
0.122995 1
0.135200 1
0.231197 1
0.266801 1
0.506349 1
0.117661 11
0.001457 18
0.000048 8
0.000023 47
0.381479 8
0.439996 25
0.314823 11
0.006522 11
0.000758 18
0.000168 55
1.037486 17
0.032652 2
0.000142 72
0.031104 50
0.005344 44
0.000178 8
0.000065 58
0.701404 26
0.894474 4
0.150520 4
0.763133 1
0.105073 1
0.527688 11
0.007131 48
0.000053 70
0.032280 29
0.001177 24
0.001112 28
0.001193 29
0.000343 2
0.000088 25
0.003279 141
0.006895 3
0.005803 149
0.000704 67
0.038934 2
0.000037 80
0.251868 18
0.000353 8
0.000125 47
1.185916 1
0.073950 1
0.145000 84
1.124273 1
0.104615 1
0.299360 1
0.451024 4
0.467695 1
0.133175 1
0.183265 1
0.885440 1
0.142305 1
0.401985 2
0.000042 9
0.006884 50
0.001034 26
0.000201 47
1.003573 1
0.073500 1
0.166663 1
0.137700 1
0.121745 1
0.248102 1
0.487148 1
0.181466 1
0.240031 11
0.001764 18
0.000062 8
0.000031 47
1.262106 11
0.000040 6
0.042101 2
0.000192 72
0.045303 50
0.009162 44
0.000176 8
0.000072 58
0.976274 26
2.796608 29
0.937795 1
0.103844 1
0.121658 1
0.103480 1
0.845985 1
0.553300 4
0.191748 1
0.358916 1
0.187031 1
0.503822 1
0.152609 1
0.149540 1
0.097446 1
1.017017 1
0.350217 1
0.121214 1
0.064560 1
0.572075 1
1.033533 1
0.224411 1
0.696163 1
1.615035 11
0.035001 44
0.000079 8
0.000037 58
4.235695 1
0.142440 1
0.085708 1
0.994044 1
0.351294 1
0.206100 1
0.261157 1
0.318725 1
0.086279 1
0.717820 1
0.234174 1
0.194446 1
0.093792 1
1.967779 1
0.676198 1
0.524506 1
0.102228 1
0.113519 1
0.627301 1
0.553854 1
0.681269 1
0.075511 1
0.808079 1
0.400144 1
0.786985 1
0.167633 1
0.110937 1
0.974200 1
1.989825 1
0.668001 1
0.619820 1
0.569458 4
0.683011 1
0.319125 1
0.876800 1
0.068591 1
0.116798 1
0.681444 1
2.017487 1
0.105499 1
5.698086 1
1.090330 1
0.108484 1
0.794876 1
0.118351 1
0.282288 5
0.808290 1
0.171597 3
0.787228 1
0.104578 1
0.176423 5
3.941899 1
0.333929 1
0.169984 1
0.055345 1
0.148517 1
1.733588 1
0.152063 1
0.559169 1
2.800949 2
0.000042 9
0.007086 48
0.000213 94
0.044150 29
0.001729 25
0.001512 28
0.001739 30
0.000642 2
0.000170 25
0.002977 168
0.009300 3
0.006318 176
0.001539 67
0.042165 2
0.000140 80
0.253686 18
0.000565 8
0.000050 47
1.821322 1
0.079341 1
0.124734 84
0.799130 1
0.077081 1
0.171138 1
0.118266 1
0.125870 1
1.045604 1
0.522320 1
0.145606 1
0.192974 11
0.006851 52
0.000676 18
0.000075 8
0.000041 47
0.939668 1
0.104728 1
0.194413 1
0.109989 1
0.157902 1
0.254998 1
0.305372 1
0.137145 1
0.769643 1
0.333961 2
0.000042 9
0.002306 18
0.000185 55
2.018687 17
0.039767 2
0.000050 72
0.034716 50
0.005530 44
0.000063 8
0.000050 58
1.576649 66
0.393701 110
0.480869 85
0.158340 91
4.719332 66
0.290417 110
0.337154 85
0.240964 1
0.649907 1
0.038310 1
0.040351 1
0.041591 1
0.040650 1
0.039749 1
0.039806 1
0.040251 1
0.040044 1
0.040040 1
0.040368 1
0.039722 1
0.039627 1
0.040114 1
0.040183 1
0.039846 1
0.040267 1
0.039485 1
0.040050 1
0.039927 1
0.040301 1
0.039825 1
0.040561 1
0.039379 1
0.040492 1
0.039529 1
2.609472 11
0.007255 48
0.000073 94
0.040203 25
0.001119 30
0.000392 2
0.000055 25
0.002485 168
0.008398 3
0.004532 176
0.000577 67
0.036484 2
0.000031 80
0.247834 18
0.000471 8
0.000166 47
0.839543 1
0.082064 1
0.133676 84
0.946954 1
0.059287 1
0.229052 1
0.114567 1
0.141291 1
1.086757 1
0.143742 1
0.761366 1
0.142868 11
0.006233 12
0.000705 18
0.000076 8
0.000034 47
0.724687 8
0.277068 1
0.467381 7
0.322180 11
0.008265 11
0.000765 18
0.000194 55
0.481660 7
0.229378 1
0.692307 7
0.122978 3
0.277867 11
0.006890 11
0.000615 18
0.000066 8
0.000135 47
1.284548 7
6.089877 4
0.663961 4
0.039270 4
0.040057 4
0.042240 4
0.039335 4
0.040163 4
0.040420 1
0.039961 1
0.039834 1
0.877166 17
0.044330 2
0.000209 72
0.036201 50
0.006076 44
0.000189 8
0.000062 58
1.714474 11
0.000198 44
0.000113 8
0.000042 58
1.537608 11
0.000194 44
0.000112 8
0.000045 58
0.893818 66
1.609092 1
0.658935 1
0.040535 1
0.040335 1
0.039583 1
0.040428 1
0.039918 1
0.040291 1
0.039511 1
0.040312 1
0.039885 1
0.040179 1
0.039662 1
0.039580 1
0.040691 1
0.039887 1
0.040069 1
0.039684 1
0.040429 1
0.039683 1
0.039682 1
0.040827 1
0.039317 1
0.040309 1
0.039910 1
0.040059 1
0.039818 1
0.040306 1
0.705767 5
0.653346 5
0.040961 5
0.040114 5
0.039327 5
0.040242 5
0.040136 5
0.040103 5
0.039821 5
0.040132 5
0.039701 5
0.040427 5
0.039660 5
0.039725 5
0.193320 5
0.154819 5
1.369929 3
0.619639 5
0.656890 5
0.042296 5
0.039452 5
0.040055 5
0.040105 5
0.039985 5
0.039475 5
0.040019 5
0.040818 5
0.039226 5
0.040233 5
0.040211 5
0.039889 5
0.039612 5
0.040388 5
0.040309 5
0.040071 5
0.039418 5
0.039863 5
0.040633 5
0.039857 5
0.040207 5
0.039225 1
0.040779 1
0.950718 11
0.004599 48
0.000036 70
0.041412 25
0.001117 30
0.000375 2
0.000050 25
0.002468 143
0.001842 166
0.000291 3
0.005165 2
0.000195 67
0.001589 150
0.001688 151
0.001669 150
0.001666 154
0.001681 154
0.001637 150
0.002601 2
0.000131 80
0.022373 20
0.000012 2
0.038093 2
0.000045 72
0.001759 78
0.002165 78
0.002035 74
0.001927 75
0.001894 74
0.001901 74
0.000357 50
0.001425 57
0.002681 44
0.000092 8
0.000047 58
1.935018 1
0.115473 1
0.107797 1
0.113572 1
0.236485 1
0.409307 1
0.134954 1
0.166411 1
0.531959 4
0.653891 4
0.038891 4
0.039690 4
0.041757 4
0.040399 4
0.039683 4
0.040639 4
0.039216 1
0.040555 1
0.039869 1
1.714691 27
0.661658 27
0.451189 125
0.825567 1
0.661214 1
0.041573 1
0.040074 1
0.039941 1
0.040263 1
0.039739 1
0.040153 1
0.039385 1
0.040179 1
0.040138 1
0.040321 1
0.039810 1
0.039668 1
0.040638 1
0.039644 1
0.039729 1
3.512055 1
0.686431 1
0.041757 1
0.039891 1
0.040273 1
0.039922 1
0.039526 1
0.040793 1
0.039433 1
0.039968 1
0.232479 1
0.415193 5
0.655648 5
0.040880 5
0.039431 5
0.040793 5
0.039789 5
0.040227 5
0.039998 5
0.039450 5
0.040232 5
0.039319 5
0.040826 5
0.039909 5
0.040298 5
0.196051 5
0.143221 5
1.313461 2
0.000127 9
0.007231 48
0.000063 78
0.038953 25
0.001102 30
0.000405 2
0.000055 25
0.002517 152
0.007217 3
0.004588 160
0.000731 67
0.039277 2
0.000069 80
0.287478 18
0.000306 8
0.000028 47
1.139570 1
0.084865 1
0.070322 84
0.913100 1
0.050521 1
0.181659 1
0.162318 1
0.101161 1
1.687058 1
0.290635 1
0.165549 11
0.007195 50
0.000734 18
0.000052 8
0.000030 47
0.707168 7
0.844775 4
0.127495 4
0.169738 1
0.670606 1
0.172372 11
0.004321 50
0.000591 18
0.000120 55
0.465948 7
0.282792 1
0.393228 1
0.315997 5
0.179191 11
0.006011 12
0.000612 18
0.000068 8
0.000028 47
1.995602 17
0.045753 2
0.000117 72
0.030495 50
0.009548 44
0.000167 66
2.536690 50
0.499344 91
0.372506 121
1.403614 50
6.946802 1
2.567763 11
0.006549 48
0.000049 78
0.035657 29
0.001171 26
0.001189 28
0.001154 31
0.000474 2
0.000079 25
0.002586 154
0.007201 3
0.004599 162
0.000681 67
0.038935 2
0.000035 80
0.283036 18
0.000297 8
0.000029 47
1.003235 1
0.097440 1
0.125220 84
0.678365 1
0.044051 1
0.205362 1
0.140037 1
0.096861 1
0.780536 1
0.138177 1
0.313362 1
2.274111 11
0.006617 52
0.000843 18
0.000153 55
1.829439 8
0.961871 1
0.393575 11
0.006293 54
0.000604 18
0.000067 8
0.000032 47
0.815263 1
0.079005 1
0.175402 1
0.103986 1
0.124566 1
0.224534 1
0.299605 1
0.154350 1
0.374164 1
1.074695 1
0.448073 11
0.001995 18
0.000178 55
1.146207 17
0.041681 2
0.000053 72
0.035544 50
0.005948 44
0.000256 66
0.824465 51
1.564965 1
0.670527 1
0.041456 1
0.040214 1
0.039635 1
0.040311 1
0.040104 1
0.040625 1
0.038875 1
0.040560 1
0.039384 1
0.040149 1
0.040576 1
0.039681 1
0.039888 1
0.040520 1
0.039576 1
0.039838 1
0.040565 1
0.039870 1
0.039945 1
0.039930 1
0.040135 1
0.039897 1
0.040101 1
0.039984 1
0.039472 1
0.282996 1
0.344595 5
0.670345 5
0.042447 5
0.039572 5
0.040457 5
0.039885 5
0.040577 5
0.039650 5
0.039670 5
0.040719 5
0.038862 5
0.040509 5
0.039987 5
0.040042 5
0.040358 5
0.039346 5
0.039919 5
0.040260 5
0.040023 5
0.040184 5
0.040020 5
0.039691 5
0.039604 5
0.040568 1
0.379611 11
0.006434 48
0.000263 70
0.042128 26
0.001507 31
0.000341 2
0.000064 25
0.002662 145
0.001885 166
0.000383 3
0.006464 2
0.000168 67
0.002281 150
0.001686 151
0.001745 150
0.001747 154
0.001640 154
0.001665 150
0.002444 2
0.000038 80
0.029612 22
0.032662 2
0.000096 72
0.001690 78
0.002298 78
0.002091 74
0.001965 75
0.001974 74
0.001951 74
0.000461 50
0.001445 57
0.002775 44
0.000176 8
0.000065 58
0.515758 28
0.261914 140
1.159770 11
0.009120 48
0.000144 78
0.038113 26
0.001080 31
0.000350 2
0.000068 25
0.002401 154
0.007302 3
0.004625 162
0.000580 67
0.037419 2
0.000034 80
0.264235 18
0.000752 8
0.000164 47
1.127953 17
0.038575 2
0.000128 72
0.032777 50
0.006014 44
0.000143 8
0.000023 58
0.459850 51
0.840886 4
0.387244 11
0.006629 48
0.000091 78
0.034751 25
0.001002 30
0.000307 2
0.000084 25
0.002626 152
0.005790 3
0.006559 160
0.000695 67
0.036596 2
0.000041 80
0.245706 18
0.000396 8
0.000064 47
0.831222 17
0.045852 2
0.000050 72
0.028338 50
0.009006 44
0.000046 8
0.000023 58
3.893546 50
6.842018 1
0.669297 1
0.038654 1
0.040416 1
0.040100 1
0.040031 1
0.039397 1
0.040499 1
0.039688 1
0.040415 1
0.039789 1
0.040085 1
0.039432 1
0.040384 1
0.040037 1
0.040039 1
0.040222 1
0.039325 1
0.040296 1
0.040152 1
0.040166 1
0.039491 1
0.040681 1
0.040070 1
0.039011 1
0.040482 1
0.040014 1
0.232687 1
0.632842 5
0.282366 5
0.865819 5
0.133043 5
0.091775 5
1.565213 5
0.300313 5
0.194031 5
0.308809 5
0.973431 84
0.925570 1
0.783043 2
0.000042 9
0.007251 48
0.000064 87
0.039935 26
0.001143 31
0.000381 2
0.000054 25
0.002397 163
0.007158 3
0.004798 171
0.000630 67
0.034036 2
0.000164 80
0.243485 18
0.000725 8
0.000168 47
0.735402 1
0.077673 1
0.088428 84
0.725572 1
0.084202 1
0.188972 1
0.131615 1
0.136601 1
0.309056 1
0.154387 1
0.411475 1
0.304404 11
0.006385 12
0.000698 18
0.000160 55
0.350684 8
0.968052 1
0.375293 2
0.000042 9
0.006425 13
0.000703 18
0.000139 55
0.932179 9
0.626169 4
0.146674 4
0.131528 4
0.970048 1
0.132237 11
0.006059 50
0.000758 18
0.000092 8
0.000057 47
0.423011 7
0.219437 1
0.757672 7
0.095906 3
0.222554 11
0.006026 50
0.000760 18
0.000106 8
0.000054 47
1.033853 17
0.036729 2
0.000146 72
0.036840 50
0.005817 44
0.000159 8
0.000024 58
1.598169 60
5.222277 71
1.782864 11
0.006530 48
0.000050 78
0.037263 25
0.001116 30
0.000398 2
0.000055 25
0.002457 152
0.007705 3
0.004765 160
0.000727 67
0.035781 2
0.000047 80
0.274966 18
0.000317 8
0.000077 47
0.886531 1
0.064576 1
0.110804 84
0.592192 1
0.090424 1
0.186659 1
0.130065 1
0.153691 1
1.536187 1
0.283568 1
0.173505 1
0.576926 1
0.284966 1
0.162432 1
0.494781 1
0.142872 1
0.320195 1
0.187249 1
0.937539 1
0.137020 1
0.321659 1
0.717317 1
0.455450 2
0.000188 9
0.006854 52
0.000221 65
0.000042 54
0.000561 18
0.000158 55
2.509533 11
0.000052 6
0.045703 2
0.000119 72
0.034606 50
0.006197 44
0.000139 8
0.000020 58
0.549090 50
1.685189 1
0.938370 11
0.006548 48
0.000204 49
0.000088 29
0.036563 26
0.001552 31
0.000401 2
0.000025 23
0.000059 2
0.002446 154
0.006588 3
0.004821 162
0.000733 67
0.036157 2
0.000035 80
0.251943 18
0.000411 8
0.000025 47
1.345152 1
0.080747 1
0.158053 84
1.586023 1
0.044653 1
0.200545 1
0.115828 1
0.114310 1
0.382780 1
0.302388 1
0.169096 1
0.422230 1
0.267946 1
0.148674 1
0.895130 1
0.147151 1
0.250792 1
0.212583 1
0.480834 1
0.173644 1
0.416612 1
0.544421 1
0.439171 2
0.000030 9
0.004945 52
0.000041 118
0.000708 18
0.000167 55
1.719348 11
0.000028 6
0.033844 2
0.000173 72
0.028641 50
0.014745 44
0.000110 8
0.000043 58
3.097929 11
0.000148 44
0.000084 8
0.000030 58
0.254213 11
0.000111 44
0.000059 8
0.000020 58
0.295148 121
0.703504 1
0.371930 1
1.099524 1
0.630487 1
0.183014 1
0.202459 1
0.252222 1
0.252984 1
0.529159 4
0.154662 4
0.128516 4
0.861190 1
0.115755 1
0.293575 1
1.410702 1
0.335977 1
0.161557 1
0.263464 1
0.289433 1
0.113250 1
0.121675 1
0.089892 1
0.216012 1
0.605175 1
0.428218 4
0.439043 1
0.210607 1
0.243943 1
0.107581 1
0.129575 1
0.236064 1
0.135332 1
3.227747 1
2.562631 4
0.901016 1
0.410108 1
0.276713 1
0.755571 1
0.301251 1
0.357902 1
0.263821 1
0.085974 1
0.806826 1
0.960296 1
0.149887 1
0.248403 1
2.365302 1
0.147234 1
0.161193 1
0.115747 1
0.579702 1
0.375815 1
0.203447 1
0.153864 1
0.837914 1
0.130649 1
0.081288 1
0.903447 1
0.043355 1
0.208698 1
0.327075 1
0.159141 1
0.143819 1
0.211236 1
0.382089 1
0.106441 1
0.104814 1
0.159039 1
1.588317 1
0.205133 1
0.050850 1
0.177580 1
1.437322 1
0.465778 1
0.141239 1
0.105100 1
0.084821 1
0.607612 1
0.274747 1
0.143737 1
1.535118 1
0.143783 1
0.174791 1
3.565485 1
0.289690 1
0.076578 1
0.162775 1
0.422422 1
0.119550 1
0.111460 1
0.095716 1
1.160316 1
0.662583 1
0.040660 1
0.039906 1
0.042143 1
0.040225 1
0.039563 1
0.039952 1
0.040306 1
0.039745 1
0.040043 1
0.040271 1
0.039955 1
0.040477 1
0.038951 1
0.040176 1
0.040425 1
0.039528 1
0.040631 1
0.039840 1
0.039638 1
0.040187 1
0.040457 1
0.039067 1
0.040214 1
0.040278 1
0.040147 1
0.039720 1
0.039808 1
0.040222 1
0.039682 1
0.040347 1
0.040530 1
0.039698 1
0.039731 1
0.040127 1
0.039949 1
0.039798 1
0.040155 1
0.039585 1
0.040832 1
0.039828 1
0.040137 1
0.039146 1
0.040401 1
0.040369 1
0.925715 5
0.072478 5
0.281520 1
0.340391 1
0.201911 5
0.144011 3
1.384193 5
0.127300 5
0.188899 5
0.521481 121
1.264662 11
0.000027 6
