0.285590 44
0.000327 8
0.000081 58
2.643946 1
0.575915 66
3.282532 1
0.665721 1
0.039989 1
0.040418 1
0.039987 1
0.039297 1
0.041420 1
0.039057 1
0.040258 1
0.039819 1
0.039912 1
0.040500 1
0.039214 1
0.040500 1
0.039909 1
0.039679 1
0.040343 1
0.040270 1
0.039938 1
0.039219 1
0.040079 1
0.040401 1
0.040068 1
0.040020 1
0.040278 1
0.039859 1
0.039862 1
0.040018 1
0.039779 1
0.040640 1
0.039338 1
0.039929 1
0.040568 1
0.219160 1
0.158381 1
0.726737 5
0.655463 5
0.039651 5
0.040364 5
0.040200 5
0.039769 5
0.039635 5
0.039941 5
0.040110 5
0.040335 5
0.039554 5
0.039729 5
0.040509 5
0.039741 5
0.212512 5
0.130648 5
1.272535 105
1.854636 4
0.086071 4
0.378774 4
0.966996 1
0.377630 1
1.099501 1
0.084846 1
0.436455 1
0.093943 1
0.660551 11
0.007357 48
0.000059 77
0.099248 27
4.059812 2
0.032352 29
0.001902 28
0.002842 28
0.001381 33
0.001710 2
0.000170 25
0.002834 157
0.009916 3
0.007289 165
0.000637 67
0.034291 2
0.000144 80
0.234658 18
0.000574 8
0.000051 47
2.061031 1
0.147062 1
0.175900 1
0.533528 4
0.475122 1
0.197260 1
0.082308 1
0.239220 1
0.200853 1
0.240323 1
0.336501 1
0.385395 1
0.146891 1
0.668047 1
0.282250 1
0.420716 4
0.715314 1
0.131940 1
0.929578 1
0.137930 1
0.386490 1
0.142129 1
0.307640 1
0.244949 1
0.313155 2
0.000041 9
0.001924 23
0.000342 18
0.000093 8
0.000036 47
0.736030 18
0.372722 4
0.653566 4
0.040320 4
0.040674 4
0.039529 4
0.039210 4
0.040169 4
0.040166 4
0.039704 4
0.040800 4
0.039444 4
0.340410 4
0.495881 1
0.129187 1
0.244625 2
0.000112 9
0.001481 308
0.000401 18
0.000094 55
3.846598 8
0.529154 4
0.135796 4
2.013327 1
0.167680 1
0.062355 1
0.276429 1
0.314616 1
0.166430 1
0.209403 1
0.329578 2
0.000042 9
0.001735 313
0.000350 18
0.000087 8
0.000036 47
3.136267 11
0.000041 6
0.039019 2
0.000186 72
0.036009 50
0.005858 44
0.000114 66
4.756200 1
0.050614 1
0.820831 1
0.090890 1
0.230356 5
1.330949 1
0.123729 3
1.462228 1
0.141136 1
0.119590 5
0.661201 1
0.353224 1
0.162391 1
0.073698 1
0.908979 1
0.882739 1
0.177267 1
1.185805 11
0.006462 48
0.000050 70
0.038721 24
0.001048 29
0.000315 2
0.000087 25
0.002455 141
0.001896 166
0.000292 3
0.005431 2
0.000198 67
0.005231 150
0.001830 7
0.000040 67
0.000024 2
0.000029 75
0.002014 7
0.000041 66
0.000025 2
0.000028 75
0.002989 7
0.000137 70
0.000051 2
0.000060 75
0.002011 7
0.000138 70
0.000052 2
0.000059 75
0.002099 7
0.000185 66
0.000055 2
0.000072 75
0.003237 2
0.000150 80
0.034882 22
0.045394 2
0.004504 72
0.002090 78
0.002343 78
0.002482 8
0.003016 64
0.000035 2
0.003766 8
0.000041 65
0.000025 2
0.002043 8
0.000040 64
0.000024 2
0.002172 8
0.000039 64
0.000025 2
0.000353 50
0.005422 57
0.005747 110
2.007066 1
0.129905 1
0.050577 1
0.122210 1
0.229658 1
0.384422 1
0.134571 1
0.189323 1
0.266720 1
0.138145 1
0.081092 1
0.106289 1
1.353518 1
0.609193 1
0.129050 1
0.116101 2
0.613696 1
0.154001 1
0.000037 1
0.774415 1
0.097401 5
0.505626 11
0.062056 44
0.000066 8
0.000068 58
0.640292 25
0.147104 51
0.380538 11
0.007057 48
0.000218 70
0.039039 24
0.001516 28
0.001181 29
0.000329 2
0.000083 25
0.002503 141
0.001914 166
0.000287 3
0.005210 2
0.000198 67
0.001536 150
0.001598 151
0.001733 150
0.001607 154
0.001842 154
0.001776 150
0.002858 2
0.000142 80
0.028049 22
0.032204 2
0.000087 72
0.001798 78
0.002215 78
0.001936 74
0.001964 75
0.001933 74
0.001994 74
0.000387 50
0.001446 57
0.002682 44
0.000139 8
0.000049 58
7.907556 26
0.143078 55
0.697910 51
13.127594 4
0.656196 4
0.040396 4
0.040495 4
0.039868 4
0.039302 4
0.235338 4
0.292453 4
0.625442 18
1.468839 37
0.156497 37
0.034077 37
1.240193 37
0.763614 41
0.119379 41
0.245974 41
0.121841 41
0.101254 1
1.055030 54
0.850758 1
0.958653 1
0.823956 1
0.070584 1
0.080957 1
0.124710 1
0.958921 1
0.080943 1
0.594560 11
0.006562 48
0.000229 70
0.035361 24
0.003136 29
0.002239 2
0.000037 25
0.003264 141
0.007880 3
0.004877 149
0.000731 67
0.035822 2
0.000137 80
0.271928 18
0.000634 8
0.000119 47
1.615219 1
0.671980 4
0.129234 1
0.419912 1
0.151135 1
0.071612 1
0.192711 1
0.100413 1
0.227759 1
0.249327 1
0.228836 1
0.224984 2
0.000041 9
0.001852 13
0.000361 18
0.000088 8
0.000028 47
1.451629 11
0.000031 6
0.034781 2
0.000213 72
0.036646 50
0.006134 44
0.000176 8
0.000492 58
0.521664 26
0.885268 4
0.159986 4
1.933380 1
0.080557 1
0.268531 11
0.005204 48
0.000275 49
0.000129 21
0.037562 24
0.001087 29
0.000300 2
0.000085 25
0.002671 141
0.006523 3
0.004552 149
0.000675 67
0.033941 2
0.000035 80
0.252413 18
0.000352 8
0.000060 47
0.680263 1
0.196726 1
0.032168 1
0.148706 1
0.122085 1
0.261309 1
0.384833 1
0.133438 1
0.274533 319
0.000309 18
0.000147 8
0.000066 47
1.936920 8
0.665521 1
0.284627 1
0.244433 1
0.185141 1
0.226422 1
0.153754 11
0.001198 18
0.000363 18
0.000096 8
0.000031 47
1.219153 11
0.000031 6
0.040945 2
0.000219 72
0.037760 50
0.005744 44
0.000410 8
0.000036 58
0.669745 26
0.202412 4
0.536043 4
1.449744 11
0.007050 48
0.000102 70
0.047284 24
0.004747 29
0.001822 27
0.004119 141
0.001777 166
0.000460 3
0.005323 2
0.000197 67
0.001470 150
0.001837 151
0.001776 150
0.001766 154
0.001785 152
0.000132 2
0.001745 150
0.002700 2
0.000145 80
0.029473 22
0.032269 2
0.000139 72
0.001751 78
0.002146 78
0.001849 74
0.002110 75
0.001876 74
0.001915 74
0.000301 50
0.001487 57
0.002642 44
0.000130 66
10.081752 26
1.173093 26
1.265354 5
0.091604 5
0.072552 5
1.079666 5
3.036987 5
0.192225 5
0.181624 5
0.386115 5
0.096006 5
0.887953 5
0.728942 5
0.139253 5
0.143505 5
0.565604 5
0.689485 5
0.170115 1
0.722670 5
0.346761 5
0.124652 5
0.204463 6
2.665807 5
0.101103 5
0.865803 11
0.006474 48
0.000047 77
0.040633 24
0.000992 29
0.000309 2
0.000027 25
0.002481 149
0.008249 3
0.004787 157
0.000568 67
0.034016 2
0.000069 80
0.279790 18
0.000344 8
0.000027 47
5.007598 1
0.146271 1
0.037000 1
0.112773 1
0.145617 1
0.226449 1
0.716757 1
0.097929 1
0.196019 11
0.001383 13
0.000434 73
0.561654 8
0.595867 4
0.136014 4
0.516602 1
0.207911 1
0.363410 1
0.226654 1
0.121501 1
0.586581 1
0.278089 1
0.217692 1
0.418692 1
0.141886 1
0.462892 1
0.249454 1
0.329639 11
0.001386 318
0.000364 18
0.000094 8
0.000041 47
1.285460 18
2.951559 4
0.155783 4
0.162119 4
0.331498 4
0.154341 4
0.139151 4
0.588116 1
0.169242 1
0.370324 1
0.111909 1
0.248410 1
0.243402 1
0.384940 2
0.000034 9
0.001718 23
0.000355 18
0.000086 8
0.000032 47
1.632375 17
0.042113 2
0.000145 72
0.035885 50
0.005566 44
0.000093 8
0.000038 58
0.540979 48
0.847620 48
0.282315 3
0.679895 3
0.041928 3
0.039453 3
0.040489 3
0.040297 3
0.039341 3
0.039892 3
0.039968 3
0.040359 3
0.040310 3
0.039352 3
0.040876 3
0.039051 3
0.040221 3
0.040083 3
0.039728 3
0.040533 3
0.040621 3
0.039518 3
0.281251 3
0.426674 5
0.153695 5
0.590447 5
0.087372 5
0.525173 11
0.006610 48
0.000045 77
0.042031 24
0.001108 29
0.000390 2
0.000053 25
0.002444 149
0.001851 166
0.000305 3
0.005237 2
0.000166 67
0.001460 150
0.001725 151
0.001632 150
0.001666 154
0.001651 154
0.001664 150
0.002651 2
0.000038 80
0.022794 22
0.037053 2
0.000119 72
0.001753 78
0.002222 78
0.001972 74
0.002083 75
0.001989 74
0.001928 74
0.000454 50
0.001418 57
0.002519 44
0.000140 8
0.000021 58
6.730597 1
0.139834 1
0.082886 1
0.164303 1
0.274139 1
0.502937 1
0.106294 1
0.193477 1
0.259929 1
0.129042 1
0.071370 1
0.118238 1
0.794666 1
0.800966 1
0.383586 4
0.163754 1
0.127475 1
0.173702 2
2.685644 1
0.210436 1
2.614974 1
0.110010 5
0.543531 11
0.031716 44
0.000102 8
0.000048 58
0.547385 25
0.142809 73
0.433559 11
0.006668 48
0.000050 77
0.031827 24
0.001406 28
0.004310 29
0.001469 2
0.000143 25
0.003069 149
0.001852 164
0.000128 2
0.000337 3
0.005413 2
0.000195 67
0.001499 150
0.001595 151
0.001651 150
0.001625 154
0.001638 154
0.001608 150
0.002562 2
0.000133 80
0.028110 22
0.033906 2
0.000121 72
0.001782 78
0.002259 78
0.001957 74
0.001847 75
0.001997 74
0.001961 74
0.000420 50
0.001410 57
0.002492 44
0.000173 8
0.000064 58
1.516620 1
0.762207 1
0.523566 1
0.336006 1
0.246054 1
0.478604 1
0.187798 1
0.111752 1
0.362457 1
0.124357 1
0.490575 4
0.313836 4
0.170155 4
0.163529 4
0.366686 4
1.374015 1
0.316809 1
0.209889 1
0.148156 1
0.627719 1
0.251590 1
0.167379 1
0.102988 1
0.360050 1
0.099025 1
0.123510 1
0.771822 1
0.088565 1
0.891079 1
0.259509 1
0.766632 1
0.081712 1
0.055241 1
0.253777 1
1.379668 1
0.195883 1
0.349660 1
0.265630 1
0.508765 1
0.271112 1
0.120452 1
0.137202 1
0.730519 1
0.265278 1
0.160440 1
0.225763 1
0.934884 1
0.474245 1
0.112674 1
0.088585 1
0.782053 1
0.332096 1
0.100773 1
0.506453 121
6.435042 43
0.298423 136
0.240540 118
0.182290 73
0.300414 112
0.229697 171
0.185538 4
0.299501 4
0.228837 4
0.241269 55
0.245029 51
0.358879 78
0.902467 79
3.153832 67
3.424278 63
0.584089 67
5.737480 11
0.000032 8
0.000024 9
0.000021 2
0.000136 44
0.000080 8
0.000026 58
1.395497 1
0.554673 4
0.651410 1
0.140371 1
0.333660 1
0.525956 1
0.327904 1
0.058051 1
0.081217 1
0.194274 1
0.296789 1
0.055896 1
0.257640 1
0.236842 1
0.331012 1
0.116134 1
0.097080 1
0.690325 1
0.137682 1
0.185627 1
0.089247 1
0.208732 1
0.101196 1
0.211038 1
1.908923 1
0.072859 1
0.250408 1
0.394708 1
0.147444 1
0.080928 1
0.362221 1
0.071602 1
0.180008 1
0.142233 1
0.821375 1
0.085554 1
0.045797 1
0.330441 1
0.330352 1
0.158089 1
0.322176 1
0.283021 1
0.071444 1
2.874719 1
0.204766 1
0.189667 1
0.284628 1
0.092034 1
0.609390 1
0.302250 1
0.138731 1
0.093014 1
0.143630 1
0.815269 1
0.289092 1
0.095232 1
0.216879 1
0.105106 1
0.089077 1
0.167446 1
0.522566 1
0.131855 1
0.119161 1
0.139540 1
0.145501 1
0.622357 1
0.163726 1
0.110028 1
0.725358 1
0.354579 1
0.028609 1
0.178366 1
0.294738 1
0.454503 1
0.126782 1
0.117012 1
0.148150 1
0.804987 1
0.138954 1
0.509632 2
0.000041 9
0.000157 44
0.000106 8
0.000032 58
2.016758 11
0.000162 44
0.000084 8
0.000030 58
4.606315 1
0.059977 1
1.605564 1
0.105183 1
0.267647 1
0.218255 4
1.019067 1
0.116245 3
0.642582 1
0.098054 1
0.144060 5
0.723912 1
0.522980 1
0.102145 1
0.126720 1
0.630588 1
0.434760 1
0.102783 1
1.105660 1
2.338656 4
0.392426 1
0.205106 1
0.849790 5
1.365439 9
0.360714 3
0.145946 3
0.355195 1
0.602924 11
0.006785 48
0.000055 70
0.039282 29
0.001192 25
0.001146 28
0.001236 30
0.000336 2
0.000087 25
0.002466 143
0.007278 3
0.004161 151
0.000678 67
0.035556 82
0.236437 18
0.000555 8
0.000050 47
1.129288 1
0.092925 1
0.110738 1
0.100606 1
0.202375 1
0.405638 1
0.100154 1
0.410111 1
0.170166 1
0.141360 1
0.102267 1
0.178460 1
0.330858 1
0.564444 1
0.375277 1
0.327765 1
0.121674 1
0.198770 11
0.498967 33
0.039255 37
0.026305 26
0.000040 106
0.000024 6
0.784118 35
0.000236 19
1.660621 172
0.000271 168
0.295514 4
0.000339 168
0.095275 338
0.045375 338
0.000782 338
0.000152 170
0.000149 168
0.000024 170
0.001741 34
0.000493 168
0.000028 170
0.364705 38
0.000060 38
0.102784 6
0.006425 73
0.887834 1
0.160943 1
0.052534 1
0.106031 1
0.539842 1
0.254645 1
0.517686 1
0.072478 1
0.257402 11
0.001194 13
0.000365 18
0.000073 8
0.000032 47
2.117178 11
0.000043 6
0.042611 2
0.000178 72
0.033747 50
0.031536 110
0.495958 27
1.761487 4
0.128083 4
0.342078 4
0.439177 1
0.096569 1
0.449952 1
0.304577 11
0.006815 48
0.000098 70
0.037385 29
0.001186 25
0.001176 28
0.001160 30
0.000332 2
0.000090 25
0.002494 143
0.007257 3
0.005176 151
0.000716 67
0.035410 2
0.000036 80
0.277776 18
0.000358 8
0.000042 47
2.262156 1
0.101080 1
0.122722 1
0.083746 1
0.236655 1
0.925956 1
0.196474 1
0.308504 1
0.120489 1
0.132244 1
0.131934 1
0.206283 1
0.323309 1
0.456157 1
0.318413 1
0.312557 1
0.119422 1
0.123439 1
0.256611 1
0.196116 1
0.175090 1
0.239550 1
0.265658 11
0.464466 33
0.039090 37
0.025952 32
0.000071 68
0.000018 36
0.000018 6
1.380807 35
0.000220 23
1.788273 172
0.411657 168
0.001387 168
0.408289 4
0.000213 168
0.079667 338
0.041910 338
0.001224 338
0.000204 170
0.000132 168
0.000049 170
0.001673 34
0.000740 168
0.000087 170
0.001681 81
0.000105 36
0.322586 38
0.000164 38
0.013351 36
0.113266 43
0.216690 6
0.007548 18
0.000216 8
0.000055 47
0.808018 1
0.138758 1
0.106285 1
0.128046 1
0.130735 1
0.217481 1
0.400122 1
0.118238 1
0.130225 1
0.264093 1
0.206373 1
0.213094 1
0.183818 1
0.262048 11
0.001223 18
0.000361 18
0.000091 8
0.000044 47
2.593294 17
0.038031 2
0.000035 70
0.000108 2
0.033793 50
0.034316 110
1.196710 1
0.174227 1
0.139908 1
0.428272 1
0.380316 1
0.330577 1
0.145020 1
0.012728 1
0.237077 1
0.521034 1
0.108214 1
0.111775 1
0.123567 1
0.136508 1
0.267366 1
0.125712 1
0.167237 1
0.105229 1
0.215500 1
1.062668 1
0.067244 1
0.189785 1
0.416582 4
0.295886 1
0.205774 1
0.417081 1
0.120997 1
0.133524 1
1.563665 1
0.098822 1
0.072860 1
0.476827 1
0.271234 1
0.128407 1
0.589089 1
0.347922 4
0.084765 1
0.112813 1
0.153651 1
0.436850 1
0.196786 1
0.179206 1
0.306465 1
0.062485 1
0.152662 1
0.535759 1
0.141132 1
0.136570 1
0.075272 1
1.884324 1
0.095519 1
0.118832 1
0.107513 1
0.459519 1
0.146883 1
0.246894 1
0.146879 121
1.058791 52
0.155035 120
0.141841 6
0.135438 104
0.222833 138
0.289221 136
0.334321 118
0.406527 73
0.976949 112
0.421914 171
0.433909 4
0.404671 4
0.269591 4
0.344968 55
1.110118 51
0.795553 4
0.276280 4
0.150355 4
0.548744 131
0.130926 112
0.153331 118
0.379285 73
0.204436 135
0.553163 167
1.696888 120
0.829018 104
0.269092 138
1.152132 167
0.483543 138
0.171258 136
5.633298 135
0.750655 136
0.207871 118
0.128307 73
0.163883 112
0.932632 171
0.396222 4
0.399959 4
0.275635 4
0.301495 55
0.377379 51
0.507208 78
1.834064 79
2.067313 67
1.107085 1
0.631268 1
0.041715 1
0.040274 1
0.039381 1
0.040471 1
0.039859 1
0.040476 1
0.038982 1
0.040993 1
0.039267 1
0.040231 1
0.039938 1
0.040179 1
0.040065 1
0.040054 1
0.039514 1
0.040800 1
0.039240 1
0.040409 1
0.040150 1
0.040119 1
0.039874 1
0.039308 1
0.040011 1
0.040719 1
0.039835 1
0.040163 1
0.325032 3
0.464242 5
0.347449 5
0.524425 5
0.125539 5
0.422497 1
0.673970 1
0.040140 1
0.039734 1
0.040225 1
0.040407 1
0.039378 1
0.040510 1
0.669528 5
0.126900 5
0.732898 5
0.074293 5
3.541811 5
0.246191 3
0.667265 3
0.040002 3
0.040419 3
0.040341 3
0.039317 3
0.040586 3
0.249875 3
0.312595 5
0.180195 3
0.656467 3
0.040375 3
0.040167 3
0.040286 3
0.039841 3
0.039994 3
0.039308 3
0.040813 3
0.039720 3
0.039684 3
0.040534 3
0.039979 3
0.040353 3
0.039302 3
0.040277 3
0.039572 3
0.040439 3
0.040583 3
0.039561 3
0.039685 3
0.040009 3
0.040512 3
0.039772 3
0.040162 3
0.219932 3
0.159318 3
0.341271 1
5.247195 11
0.006672 48
0.000046 87
0.039817 29
0.001232 25
0.001149 28
0.001323 30
0.000332 2
0.000084 25
0.002505 161
0.005445 3
0.005013 169
0.000654 67
0.036992 2
0.000162 80
0.242498 18
0.000333 8
0.000070 47
3.277413 1
0.110746 1
0.096388 1
0.104036 1
0.204575 1
0.408152 1
0.176462 1
0.327744 1
0.164284 1
0.130020 1
0.127740 1
0.191368 1
0.329715 1
0.541362 1
0.348699 1
0.822612 1
0.281803 1
0.311929 1
0.433347 1
0.115923 1
0.900677 1
0.316309 1
0.192632 1
0.366591 1
0.146870 1
0.363394 1
0.259532 1
0.935191 11
0.497521 39
0.027438 12
0.005650 73
0.806021 27
0.362659 1
0.207566 1
0.161882 1
0.150220 1
0.165388 1
0.429980 15
0.599950 3
0.877801 9
0.122360 11
0.455095 33
0.054672 37
0.005115 82
0.000030 106
0.000025 6
0.657576 35
0.000167 28
0.000030 170
1.375047 344
0.293262 344
0.334097 344
0.294104 344
0.017842 172
0.296106 36
0.000233 170
0.293768 344
0.005765 172
0.319989 29
0.000065 170
0.288733 344
0.004061 172
0.295538 342
0.086958 168
0.000136 506
0.041223 168
0.046319 168
0.036974 338
0.001188 168
0.001062 168
0.000908 170
0.000058 168
0.000233 168
0.000195 168
0.000106 170
0.000182 168
0.000047 336
0.000040 170
0.003605 34
0.001367 168
0.002319 170
0.001985 168
0.000058 170
0.002620 168
0.000057 170
0.270190 38
0.000142 38
0.013155 35
0.133991 6
0.007503 18
0.000135 55
0.787688 1
0.191742 1
0.049001 1
0.172803 1
0.144202 1
0.260457 1
1.017072 1
0.206572 1
0.362956 1
0.257019 1
0.122451 1
1.246750 1
0.134837 1
0.138832 1
2.387346 1
0.344184 1
0.173979 1
0.324692 1
0.240607 1
0.324760 11
0.001187 23
0.000353 18
0.000084 8
0.000036 47
1.534179 11
0.000041 6
0.043250 2
0.000184 72
0.034680 50
0.039478 110
0.911581 59
0.244725 144
0.658506 147
3.117890 1
0.670836 1
0.039210 1
0.040669 1
0.039664 1
0.040174 1
0.040635 1
0.039424 1
0.039190 1
0.040548 1
0.040181 1
0.039901 1
0.040246 1
0.040134 1
0.039532 1
0.040309 1
0.039733 1
0.039527 1
0.040745 1
0.039879 1
0.039148 1
0.040687 1
0.039763 1
0.040186 1
0.040185 1
0.039757 1
0.040049 1
0.040433 1
0.039582 1
0.040116 1
0.040135 1
0.040243 1
0.039991 1
0.040266 1
0.039027 1
0.040227 1
0.403301 1
0.459966 3
0.435768 5
0.666165 5
0.040610 5
0.040050 5
0.041838 5
0.040239 5
0.039583 5
0.209073 5
0.148117 5
1.218024 2
0.000037 9
0.007288 48
0.000059 78
0.035759 25
0.001102 30
0.000387 2
0.000097 25
0.002478 152
0.002116 166
0.000173 3
0.005008 2
0.000131 67
0.001514 150
0.001711 151
0.001802 150
0.001716 154
0.001759 154
0.001714 150
0.002620 2
0.000135 80
0.022769 22
0.038428 2
0.000044 72
0.001739 78
0.002241 78
0.001980 74
0.001997 75
0.002093 74
0.001989 74
0.000415 50
0.001416 57
0.002494 44
0.000177 8
0.000063 58
5.703858 50
1.722728 1
0.649840 1
0.040237 1
0.040381 1
0.042200 1
0.039923 1
0.039792 1
0.040013 1
0.040242 1
0.039656 1
0.040253 1
0.039398 1
0.040383 1
0.039786 1
0.039932 1
0.040304 1
0.039992 1
0.040236 1
0.039348 1
0.040691 1
0.039584 1
0.039716 1
0.040496 1
0.040113 1
0.039605 1
0.040336 1
0.040164 1
0.039367 1
0.440609 1
5.420924 5
0.144026 5
0.845414 5
0.072655 5
0.829993 11
0.004810 48
0.000151 78
0.053059 25
0.003175 30
0.000610 2
0.000056 25
0.002863 152
0.005898 3
0.006558 160
0.000626 67
0.027792 2
0.000044 80
0.255770 18
0.000316 8
0.000082 47
1.939715 1
0.131419 1
0.146397 1
0.037857 1
1.527231 1
0.214745 1
2.017864 1
0.108969 1
0.473190 1
0.256957 1
0.840123 1
0.230792 1
0.156370 1
0.169160 11
0.001619 18
0.000457 18
0.000121 8
0.000093 47
0.454438 13
0.454478 4
0.138843 4
0.137827 4
0.144793 4
0.079505 4
0.143194 4
0.128055 4
0.509026 1
0.198811 1
0.306527 1
0.226596 1
0.142972 1
0.604526 1
0.208132 1
0.182002 1
0.790525 1
0.175121 1
0.267778 1
0.245316 1
1.412782 2
0.000126 9
0.001606 23
0.000448 18
0.000072 8
0.000031 47
1.682912 1
0.194409 1
0.268741 1
0.310382 1
0.130637 1
0.258230 1
0.776211 1
0.481854 7
0.648984 1
0.125674 1
0.260007 1
0.146141 1
0.286856 1
0.117954 1
0.298725 11
0.080882 45
0.017623 33
0.000187 13
0.000070 24
0.007179 8
0.000089 33
0.000035 11
0.000040 190
0.000035 173
0.000036 173
0.000081 176
0.000034 20
0.000034 40
0.000031 31
0.000030 18
0.000039 27
0.000032 40
0.000028 28
0.000028 18
0.000030 29
0.000026 24
0.000028 22
0.000024 24
0.000030 7
0.000026 20
0.000026 24
0.000029 29
0.000041 96
0.000029 29
0.000043 143
0.000040 133
0.000030 49
0.000032 24
0.000026 11
0.000037 94
0.000028 26
0.000030 6
0.000025 12
0.000042 114
0.000031 22
0.000029 35
0.000024 10
0.000034 84
0.000049 155
0.000032 51
0.000026 9
0.000029 6
0.000030 36
0.000050 137
0.000030 52
0.000025 10
0.000033 84
0.000060 235
0.000032 51
0.000024 9
0.000029 6
0.000037 36
0.000055 133
0.000028 24
0.000321 25
0.107610 45
0.000195 788
0.000033 138
0.000127 136
0.000019 94
0.000016 67
0.000016 53
0.000016 50
0.000017 31
0.000017 82
0.000068 172
0.000065 179
0.000065 646
0.000072 406
0.000018 62
0.000016 84
0.000063 337
0.000018 133
0.000018 24
0.111368 29
0.000076 71
0.000041 28
0.000037 47
0.000054 98
0.000037 88
0.000035 18
0.000035 49
0.000034 38
0.000035 57
0.000034 36
0.000034 40
0.000034 45
0.000034 58
0.000036 29
0.000034 24
0.000035 38
0.000032 44
0.000037 44
0.000036 66
0.000036 84
0.000036 68
0.000047 17
0.000068 109
0.000034 60
0.000035 20
0.000034 77
0.000035 58
0.110514 29
0.000064 70
0.000041 79
0.000065 97
0.000057 58
0.000048 39
0.000036 61
0.000035 38
0.000035 59
0.000034 36
0.000034 59
0.000034 29
0.000034 39
0.000034 9
0.000034 32
0.000039 65
0.000037 38
0.000099 78
0.000039 166
0.000035 18
0.000051 109
0.000047 51
0.000036 38
0.000033 20
0.000035 65
0.000051 96
0.000036 76
0.000046 60
0.000035 31
0.000034 50
0.111201 29
0.000056 28
0.000214 15
0.000042 27
0.000110 60
0.000104 69
0.000040 29
0.000137 52
0.000043 60
0.000106 22
0.000115 118
0.000040 70
0.000123 73
0.000041 60
0.000141 45
0.000041 73
0.000114 42
0.000040 46
0.000105 18
0.000041 62
0.000128 28
0.000038 57
0.000125 64
0.000098 78
0.000112 106
0.000113 124
0.000039 45
0.000113 28
0.000041 21
0.000098 101
0.000040 44
0.000107 39
0.000040 17
0.000094 28
0.000096 119
0.000040 60
0.000111 27
0.000038 109
0.000109 30
0.000039 115
0.000113 18
0.000042 76
0.000273 10
0.000047 128
0.000144 38
0.000042 92
0.000134 84
0.000042 53
0.000116 45
0.000041 84
0.000102 44
0.000039 52
0.111162 29
0.000057 52
0.000234 10
0.000044 40
0.000135 42
0.000042 43
0.000135 51
0.000102 81
0.000247 80
0.000045 123
0.000153 30
0.000041 72
0.000120 75
0.000040 48
0.000128 89
0.000040 45
0.000116 20
0.000040 73
0.000132 67
0.000041 26
0.000075 30
0.000113 28
0.000041 83
0.000105 29
0.000039 20
0.000124 76
0.000110 101
0.000114 107
0.000121 126
0.000039 57
0.000118 28
0.000040 21
0.000129 100
0.000039 42
0.000131 29
0.000098 37
0.000114 97
0.000120 79
0.000041 87
0.000144 50
0.000108 60
0.000038 46
0.000112 24
0.111319 52
0.000059 54
0.000200 6
0.000040 10
0.000142 51
0.000042 26
0.000123 53
0.000043 53
0.000142 35
0.000040 76
0.000113 11
0.000040 24
0.000109 99
0.000040 42
0.000126 73
0.000040 77
0.000119 60
0.000042 78
0.000127 38
0.000039 29
0.000111 94
0.000037 102
0.000129 57
0.000038 31
0.000111 19
0.000038 51
0.000122 95
0.000039 28
0.000119 40
0.000101 81
0.000115 103
0.000122 139
0.000039 96
0.000151 68
0.000102 22
0.000045 145
0.000133 38
0.000057 90
0.000148 80
0.111227 35
0.000065 36
0.000212 60
0.000043 25
0.000138 10
0.000040 27
0.000117 36
0.000041 46
0.000125 68
0.000040 39
0.000111 15
0.000040 20
0.000110 96
0.000041 78
0.000123 83
0.000040 29
0.000112 40
0.000041 29
0.000113 124
0.000041 97
0.000142 110
0.000049 70
0.000119 21
0.000141 116
0.000024 45
0.000113 28
0.000110 106
0.000124 141
0.000122 133
0.000133 167
0.000016 98
0.000147 67
0.000050 21
0.000119 100
0.000109 45
0.000015 28
0.000089 19
0.000098 37
0.000106 95
0.000050 25
0.000126 99
0.000015 8
0.000117 88
0.000048 110
0.000104 22
0.000050 18
0.000144 77
0.000015 69
0.000114 18
0.000049 37
0.000120 19
0.000015 68
0.000101 38
0.000050 73
0.111453 29
0.000074 35
0.000206 25
0.000016 7
0.000110 12
0.000053 17
0.000118 25
0.000100 29
0.000025 22
0.000132 43
0.000128 90
0.000103 76
0.000024 11
0.000102 24
0.000184 166
0.000056 108
0.000024 31
0.000116 11
0.000024 54
0.000116 28
0.000025 41
0.000094 29
0.000116 123
0.000097 109
0.000117 106
0.000024 26
0.000135 59
0.000024 57
0.000135 51
0.000024 10
0.000112 77
0.000111 69
0.000126 142
0.000133 162
0.000134 142
0.000024 73
0.000134 50
0.000114 101
0.000024 45
0.000126 40
0.000024 17
0.000120 92
0.000024 48
0.000128 79
0.000117 58
0.000025 75
0.000119 72
0.000024 9
0.000104 45
0.000025 72
0.000142 29
0.000024 85
0.000121 72
0.000024 32
0.106833 15
0.000077 17
0.000070 17
0.000093 39
0.000058 23
0.000074 26
0.000033 13
0.000050 20
0.000067 29
0.000035 5
0.000039 17
0.000031 23
0.000030 38
0.000039 13
0.000069 192
0.000030 41
0.000043 99
0.000035 11
0.000043 99
0.000024 31
0.000036 11
0.000048 54
0.000055 28
0.000049 41
0.000043 29
0.000082 163
0.000063 109
0.000059 97
0.000063 60
0.000023 29
0.000041 26
0.000106 75
0.000012 31
0.000022 34
0.000059 121
0.000079 124
0.000054 104
0.000053 37
0.000060 93
0.000044 29
0.000046 21
0.000074 100
0.000042 44
0.000063 39
0.000051 91
0.000063 46
0.000011 24
0.105438 32
0.000133 93
0.000021 493
0.000101 152
0.000007 54
0.000053 98
0.000018 114
0.000049 257
0.000018 35
0.000015 19
0.000048 95
0.000009 20
0.000039 32
0.000042 78
0.000044 72
0.000043 161
0.000047 281
0.000049 120
0.000042 61
0.000043 101
0.000041 100
0.000041 57
0.000042 76
0.000015 46
0.000040 96
0.000044 78
0.000043 43
0.000036 39
0.000018 55
0.000038 29
0.000018 20
0.000039 24
0.091238 56
0.005671 18
0.000123 8
0.000143 47
0.774697 1
0.106863 1
0.139001 1
0.200308 1
0.268177 1
0.406994 1
0.447972 1
0.951172 1
0.121419 1
0.457289 1
0.224474 1
1.640457 1
1.299069 1
1.345879 1
0.096443 1
0.272213 1
0.217588 1
0.300940 2
0.000068 9
0.266563 34
0.003665 18
0.000196 8
0.000056 47
1.138167 16
5.722450 19
5.615740 17
0.037267 74
0.032492 50
0.085458 110
3.436594 1
0.485219 1
0.419358 4
0.768161 1
0.884276 1
0.600037 1
0.266387 1
0.208827 1
0.116534 1
0.149812 1
0.275502 1
0.514296 4
0.134025 4
1.408566 1
1.211349 1
3.017502 4
0.370176 1
0.175963 1
0.139887 1
1.869624 1
0.095439 1
0.273856 1
0.560977 1
0.079039 1
0.295669 121
1.545417 16
0.271231 1
0.186069 1
1.062899 5
0.308701 121
0.851526 17
0.813419 1
0.432749 3
0.338500 4
0.664777 4
0.039623 4
0.040408 4
0.039804 4
0.039351 4
0.040498 4
0.039626 4
0.040633 4
0.039695 4
0.039689 4
0.039976 4
0.040112 4
0.040680 4
0.178859 4
1.311038 1
0.256168 1
0.706480 1
0.337048 1
0.267842 1
0.400559 1
0.117299 1
0.091364 1
0.202187 1
1.445039 1
0.166285 1
0.110552 1
0.303952 1
0.256963 1
0.177310 1
0.795993 1
0.210915 1
0.269087 1
0.178910 1
0.093462 1
3.846145 1
0.474520 1
0.631068 1
0.216341 1
0.519362 1
0.251972 1
0.143497 1
0.567801 1
0.118363 1
0.799495 1
0.064091 1
0.227712 1
0.222805 1
0.274414 1
0.379352 1
0.185296 1
0.214695 1
0.117716 1
0.131425 1
0.488862 1
0.112433 1
0.340866 1
0.140318 1
0.280157 1
0.891960 1
0.114772 1
0.108042 1
4.387594 1
0.143030 1
0.080994 1
1.464144 1
1.041651 1
0.257315 1
0.830997 1
0.280782 1
0.107284 1
0.835167 1
0.280279 1
0.173577 1
0.098112 1
0.229057 1
0.546460 1
0.286113 1
0.164881 1
0.222046 1
0.154879 1
0.434685 1
0.089816 1
0.241942 1
0.139922 1
0.135822 1
2.739774 1
0.136058 1
0.099084 1
0.171134 1
0.484874 1
0.179598 1
0.090921 1
0.541276 1
0.213306 1
0.201894 1
0.231489 1
0.267205 1
0.196785 1
1.672228 1
0.124735 1
0.094767 1
0.914114 1
0.246049 1
0.190207 1
0.256967 1
0.196200 1
0.109424 1
0.937373 1
0.226628 1
0.347360 1
0.306027 1
0.097093 1
0.166008 1
0.514256 1
0.168527 1
0.138515 1
0.137060 1
0.258001 1
0.125812 1
0.291206 1
0.378083 1
0.127772 1
6.271273 2
0.000110 9
0.000107 44
0.000099 8
0.000034 58
0.384792 121
0.801047 1
0.191344 1
0.153983 1
0.639256 1
0.346341 1
0.640327 1
0.661079 1
0.085699 1
0.231735 1
0.077045 1
0.420457 1
0.481488 1
0.145716 1
0.246529 1
0.134129 1
0.157698 1
0.413773 1
0.195110 1
0.282661 1
0.258310 1
0.106570 1
0.544282 121
0.812943 21
0.150635 125
0.151025 112
0.321312 9
0.231059 66
0.206028 120
0.517746 137
1.462218 1
0.663556 1
0.242289 135
0.154551 120
1.084720 107
0.349618 66
0.588891 120
0.726100 137
0.686218 1
0.668075 1
0.040090 1
0.039488 1
0.040556 1
0.039508 1
0.040477 1
0.040037 1
0.039530 1
0.040536 1
0.039342 1
0.040266 1
0.040138 1
0.040303 1
0.040098 1
0.040501 1
0.039384 1
0.039396 1
0.040463 1
0.039638 1
0.040103 1
0.039835 1
0.040154 1
0.040145 1
0.040018 1
0.040377 1
0.039898 1
0.040136 1
0.039574 1
0.039790 1
0.040399 1
0.040316 1
0.039508 1
0.040759 1
0.039724 1
0.039431 1
0.040006 1
0.195718 1
0.482218 5
0.136244 5
0.631191 5
0.102194 5
0.508466 3
0.670339 3
0.040847 3
0.039431 3
0.041655 3
0.040355 3
0.039954 3
0.040491 3
0.039761 3
0.040207 3
0.326678 1
0.458581 5
0.121348 5
0.658837 5
0.103604 5
0.457449 11
0.005631 48
0.001741 49
0.000224 38
0.035787 25
0.001050 30
0.000340 2
0.000089 25
0.002495 161
0.002058 166
0.000282 3
0.005316 2
0.000192 67
0.001456 150
0.001649 151
0.001658 150
0.001655 154
0.001624 154
0.001727 150
0.002884 2
0.000159 80
0.023538 22
0.036751 2
0.000054 72
0.001884 78
0.002326 78
0.002465 74
0.002002 75
0.002076 74
0.002008 74
0.000429 50
0.001477 57
0.002618 44
0.000126 66
1.829321 1
0.155315 1
0.051637 1
0.106272 1
0.230073 1
0.319553 1
0.096525 1
0.211522 1
0.226168 1
0.104487 1
0.054853 1
0.123965 1
0.328558 1
0.187386 1
0.434460 1
0.126772 1
1.319755 4
0.144301 4
0.152469 4
0.451903 1
0.311032 1
0.134420 1
0.130800 2
0.630644 1
0.150240 1
0.946091 1
0.160116 1
0.177430 5
0.412099 2
0.000042 9
0.034687 44
0.000083 8
0.000046 58
0.559673 26
0.143791 85
1.365366 11
0.007541 48
0.000060 87
0.051244 25
0.007358 28
0.001303 30
0.000468 2
0.000149 25
0.002887 161
0.002431 91
0.000022 73
0.000147 2
0.000478 3
0.005516 2
0.000121 67
0.001701 150
0.007435 151
0.001725 150
0.002007 79
0.000014 73
0.000155 2
0.004084 79
0.000014 73
0.000150 2
0.006364 150
0.005282 82
0.048433 20
0.000010 2
0.035908 2
0.000090 72
0.001744 78
0.002218 78
0.007078 74
0.002033 75
0.001931 74
0.002065 74
0.000390 50
0.001472 57
0.002485 44
0.000118 66
0.869122 59
0.297594 119
0.497249 85
0.404889 1
0.661807 1
0.039459 1
0.039923 1
0.041788 1
0.039937 1
0.040632 1
0.039032 1
0.040466 1
0.039914 1
0.040007 1
0.040221 1
0.039783 1
0.039655 1
0.040626 1
0.039994 1
0.040096 1
0.039938 1
0.040020 1
0.040065 1
0.039926 1
0.039324 1
0.040261 1
0.040312 1
0.039938 1
0.040006 1
0.039598 1
0.040507 1
0.039885 1
0.039962 1
0.039708 1
0.040358 1
0.039454 1
0.040147 1
0.039868 1
0.290113 1
0.644983 5
0.152148 5
0.150966 5
0.146158 5
0.135196 5
0.138249 5
0.130420 5
0.143283 5
0.174505 5
0.452694 2
0.000054 9
0.009715 48
0.000283 78
0.039402 25
0.001022 30
0.000309 2
0.000082 25
0.002476 152
0.006881 3
0.004621 160
0.000731 67
0.035381 2
0.000143 80
0.251019 18
0.000364 8
0.000066 47
0.917133 17
0.041476 2
0.000090 72
0.029752 50
0.006405 44
0.000121 66
5.865747 50
0.214398 137
0.893876 119
1.854653 85
3.219902 114
0.702374 125
0.649742 112
0.439794 9
0.347465 66
1.351533 120
0.668210 137
2.330923 11
0.006834 48
0.000053 87
0.038245 25
0.001115 30
0.000398 2
0.000061 25
0.002425 161
0.006215 3
0.006397 169
0.000608 67
0.035528 2
0.000036 80
0.253688 18
0.000773 8
0.000065 47
0.807414 17
0.034668 2
0.000121 72
0.032117 50
0.005475 44
0.000134 8
0.000046 58
5.670598 121
0.703705 1
0.168923 1
0.298923 1
0.657284 1
0.612492 1
0.303341 1
0.625431 4
0.323541 1
0.164166 1
0.170804 1
0.169780 1
0.210137 1
0.664576 1
0.198165 1
0.407598 1
0.155207 1
0.270761 1
0.122914 1
0.120444 1
0.599250 4
0.531017 1
0.123563 1
10.848232 1
0.062920 1
0.232338 1
0.463386 4
0.134883 4
0.148405 4
0.444438 1
0.106602 1
0.110572 1
0.094291 1
4.479044 1
0.125264 1
0.163664 1
0.037313 1
0.219810 1
0.828390 1
0.092310 1
0.099559 1
0.545094 4
0.149294 4
0.373366 4
1.061479 1
0.288878 1
0.139611 1
0.119168 1
0.100173 1
0.576199 1
0.099082 1
0.135084 1
0.235204 1
0.130917 1
0.478104 1
0.085541 1
0.233795 1
0.541815 1
0.199095 1
0.248740 1
0.188803 1
0.377693 1
3.024256 4
0.384204 1
0.472225 1
0.589250 1
0.115694 1
0.120545 1
0.788452 1
0.277187 1
0.130440 1
0.182032 1
0.118418 1
0.377245 1
0.083482 1
0.480323 1
0.109684 1
0.145156 1
2.195090 1
0.094327 1
0.092923 1
0.157105 1
3.198609 1
0.149511 1
0.120940 1
0.455245 1
0.240453 1
0.203789 1
0.199719 1
0.128822 1
1.163319 4
2.172668 1
0.928084 1
0.220192 1
0.150855 1
0.272232 1
0.076541 1
0.584876 1
0.156253 1
0.113482 1
0.909416 1
5.144949 1
0.115888 1
0.265984 1
0.607305 1
0.091507 1
0.113927 1
0.132485 1
0.493387 1
0.145966 1
0.091916 1
0.686274 1
0.222071 1
0.165972 1
0.183625 1
0.137142 1
0.843820 1
0.223733 1
1.105957 1
0.298545 1
0.096116 1
0.535073 1
0.177532 1
0.157584 1
0.240329 1
0.964378 1
0.203597 1
0.194196 1
0.235478 1
0.304014 1
0.113814 1
0.086437 1
0.170157 1
0.756145 1
0.629735 1
0.041369 1
0.040277 1
0.040390 1
0.039862 1
0.040275 1
0.039567 1
0.040016 1
0.040387 1
0.040071 1
0.039254 1
0.040735 1
0.039982 1
0.039315 1
0.040355 1
0.039788 1
0.040383 1
0.039902 1
0.039569 1
0.040428 1
0.040097 1
0.039850 1
0.040262 1
0.040086 1
0.039499 1
0.040550 1
0.039677 1
0.039780 1
0.040123 1
0.040223 1
0.040068 1
0.040175 1
1.147786 9
0.455613 5
0.112160 5
0.184957 1
0.689703 5
0.191918 5
0.083068 5
0.148802 5
0.110207 5
0.260659 5
2.188262 5
0.088203 5
0.128515 5
0.527033 5
0.547561 5
0.260022 5
0.085151 5
0.161445 5
0.828289 5
0.522244 5
0.099867 5
0.403921 5
0.115377 5
0.103456 5
0.174564 5
0.478659 5
0.157918 410
0.102920 412
0.124027 415
0.272599 418
0.603274 421
0.359398 424
0.110472 427
1.094016 430
0.173367 433
0.062458 436
0.101647 439
0.255327 442
0.687105 439
0.260173 441
0.141325 443
0.153702 445
0.095759 447
0.609950 449
0.108523 451
0.339817 453
3.820745 455
0.558130 457
0.347642 459
0.057770 461
0.194034 463
0.446169 465
0.170284 467
0.125255 469
0.458759 471
0.622743 5
0.000042 9
0.000224 44
0.000031 8
0.000100 58
0.896289 1
0.172494 1
0.139724 1
0.759379 1
0.819488 1
0.580617 1
0.368253 1
0.407435 1
0.116917 1
0.207520 1
0.195967 1
0.140555 1
0.131889 1
0.682444 4
0.679879 1
0.136719 1
2.259475 1
0.422873 1
0.118012 1
0.088039 1
0.513478 1
0.348771 1
0.150553 1
0.552428 1
0.732797 1
0.407850 1
0.104295 1
0.743148 1
0.097022 1
0.316164 1
0.279993 1
0.173482 1
0.298973 1
0.158358 1
0.109101 1
0.508391 1
0.160559 1
0.083980 1
0.417629 1
0.179444 1
0.297482 1
0.647068 4
1.085391 4
0.145445 4
1.251620 4
0.147118 4
0.462293 1
0.236198 1
0.144399 1
0.318535 1
0.512500 1
0.248430 1
0.103781 1
1.409794 1
0.259651 1
0.192639 1
0.107236 1
0.818164 1
4.334065 1
0.108897 1
0.607225 1
0.131707 1
0.470147 1
0.135179 1
0.095277 1
0.504593 1
0.620905 1
0.110892 1
1.402863 1
0.412053 4
0.665103 4
0.152498 4
0.151125 4
0.934546 1
0.254649 1
0.119190 1
1.000944 1
0.188223 1
0.087571 1
0.466454 1
0.204961 1
0.144182 1
0.161324 1
0.131429 1
0.575311 1
0.246098 1
0.245148 1
0.334825 1
0.062733 1
0.372838 1
0.200191 1
0.098489 1
0.212337 1
1.271131 1
0.066605 1
0.226613 1
1.288978 3
0.144054 3
0.573445 3
0.147847 3
0.201928 3
0.091466 3
0.186432 3
0.108558 3
0.506755 3
0.124147 3
0.113799 3
0.605595 3
0.095814 3
0.107361 3
0.125200 3
0.545678 3
0.086706 3
0.097235 3
0.284952 3
0.218003 3
0.138857 3
0.185617 3
0.100228 3
1.140525 3
0.199103 3
0.250559 3
0.349409 3
0.068781 3
0.382661 3
0.143909 3
0.131582 3
0.169268 3
0.809996 7
0.620492 3
0.395288 1
0.544979 1
0.335426 1
0.101227 1
0.190270 1
0.122270 1
0.104459 1
0.221753 1
0.475400 1
0.126324 1
0.120370 1
0.142223 1
0.115859 1
0.436300 1
0.480832 1
0.427791 4
0.168326 1
0.174502 1
0.536091 1
0.086221 1
0.125809 1
0.188346 1
1.278009 4
0.169232 4
0.656875 4
0.038606 4
0.040509 4
0.039251 4
0.040233 4
0.040210 4
0.040429 4
0.039835 4
0.040217 4
0.040457 4
0.038942 4
0.040129 4
0.039963 4
0.040601 4
0.039447 4
0.039520 4
0.040661 4
0.199711 4
0.161014 4
0.772210 1
2.199136 1
0.266625 1
0.118455 1
0.250410 1
0.149036 1
1.799997 4
9.975554 1
0.095478 1
0.152392 1
0.528402 1
0.139988 1
0.106081 1
0.132684 1
0.145789 1
0.887875 1
0.125410 1
0.114286 1
0.574550 1
0.297713 1
0.068649 1
0.631402 1
0.590892 1
0.130071 1
0.019662 1
0.139649 1
0.209822 1
0.391910 1
0.152714 1
0.095633 1
0.607797 1
0.328113 1
0.192865 1
0.112503 1
0.760016 3
0.165885 1
0.217879 1
0.832203 1
1.688189 121
1.440697 17
