0.232005 64
0.000358 8
0.000071 59
1.637213 1
0.410634 1
0.647509 1
0.324525 1
0.083648 1
0.085956 1
0.176384 1
0.435140 1
0.085977 1
0.171266 1
0.033673 1
0.179094 1
0.645837 1
0.174230 1
0.186171 1
0.249980 1
1.220289 1
0.337687 1
0.844149 4
0.710707 1
0.222469 1
0.190296 1
0.138229 1
0.189987 1
1.230474 1
0.151618 1
0.195981 1
0.108021 1
0.231344 1
0.520782 1
0.111299 1
0.096890 1
0.165406 1
0.152587 1
0.150757 1
0.149361 1
0.228017 1
0.619813 1
0.111693 1
0.083201 1
0.209638 1
2.083662 1
0.087322 1
0.272756 1
0.126635 1
0.456062 1
0.173906 1
0.133755 1
0.425120 1
0.103125 1
0.336968 1
0.204996 1
0.743133 1
0.115945 1
0.566442 1
0.267152 1
0.114967 1
1.982597 1
0.295557 1
0.174418 1
0.403186 1
1.086748 1
0.398105 1
0.140826 1
0.168951 1
0.460859 1
0.046964 1
0.423746 1
0.047786 1
0.237703 1
0.676687 1
0.096093 1
0.201782 1
0.169433 1
0.808345 4
0.128247 4
0.426775 1
0.158895 1
0.096731 1
0.670124 1
0.097767 1
0.285832 1
0.090932 1
0.117079 1
0.242055 1
0.192575 1
0.059763 1
0.650505 4
0.141074 4
0.073855 1
0.192918 1
0.517510 1
0.127065 1
0.260505 1
0.297783 1
0.292227 1
0.158081 1
0.090051 1
0.288849 2
0.000420 140
2.120369 88
0.000052 174
1.181232 335
0.436717 183
0.599926 1
0.039876 1
0.040570 1
0.040589 1
0.040771 1
0.040656 1
0.040437 1
0.040437 1
0.040468 1
0.040732 1
0.040266 1
0.040873 1
0.039622 1
0.040759 1
0.040324 1
0.041040 1
0.040724 1
0.040095 1
0.040770 1
0.040805 1
0.040617 1
0.040344 1
0.040848 1
0.040367 1
0.040856 1
0.041408 1
0.040507 1
0.040471 1
0.041307 1
0.040181 1
0.040377 1
0.040979 1
0.040090 1
0.040689 1
0.040514 1
0.040525 1
0.040295 1
0.230298 66
0.646730 3
0.196891 3
0.506744 5
0.119244 5
1.222622 16
0.038615 27
3.422562 2
0.254034 47
0.097032 146
0.303433 50
0.000178 321
0.004655 28
0.023778 12
0.006269 37
0.000654 64
0.000150 8
0.000094 59
6.050938 60
0.429555 254
0.543388 519
0.931057 254
3.494138 407
0.176025 94
0.150586 1
0.166428 1
0.167817 1
18.806898 82
0.416427 1
0.000054 164
0.369829 1
16.223444 1
0.922318 4
0.594911 113
0.676681 372
0.353786 1
11.040665 69
0.474359 1
0.000051 133
0.792021 11
0.296340 47
0.102659 99
0.000011 9
0.000027 38
0.330197 50
0.000034 214
0.000018 107
0.000014 107
0.000017 111
0.000014 52
0.000015 33
2.889033 37
0.019954 158
0.032046 6
0.006081 131
13.505115 221
0.795672 1
0.601015 1
0.041066 1
0.040841 1
0.041180 1
0.040808 1
0.040312 1
0.041086 1
0.040289 1
0.039421 1
0.040739 1
0.041400 1
0.040423 1
0.946632 44
0.351097 3
0.600770 3
0.040552 3
0.040635 3
0.040612 3
0.040901 3
0.040912 3
0.041658 3
0.040862 3
0.040185 3
0.040507 3
0.040589 3
0.040865 3
0.039616 3
0.040832 3
0.040196 3
0.040919 3
0.040576 3
0.039113 3
0.041174 3
0.040156 3
0.041046 3
0.040344 3
0.040252 3
0.040224 3
0.041442 3
0.039908 3
0.040913 3
0.040888 3
0.041168 3
0.040881 3
0.040453 3
0.039877 3
0.040527 3
0.041297 3
0.040463 3
0.039894 3
0.040268 3
0.040138 3
0.039240 3
0.253986 3
0.546322 289
0.133028 284
0.149188 282
0.151277 280
0.149276 278
0.133038 276
0.420280 14
0.050795 47
0.097094 146
0.310296 50
0.000035 214
0.000024 162
0.000018 109
0.000016 54
0.000017 85
0.039762 37
0.056907 2
0.000032 311
0.000020 6
1.339142 2
0.000384 33
0.000196 23
0.000033 170
1.219913 344
0.267940 344
0.262651 172
0.000052 172
0.255368 344
0.261495 172
0.000059 172
0.204365 344
0.197609 172
0.000049 172
0.199684 172
0.000053 172
0.199674 172
0.000053 172
0.199942 172
0.000052 172
0.200056 344
0.199420 172
0.000101 172
0.200257 172
0.000042 172
0.200180 172
0.000169 172
0.200381 344
0.202947 172
0.000041 172
0.200119 172
0.000044 172
0.199818 172
0.000052 172
0.203776 344
0.205942 172
0.000128 172
0.202882 172
0.000027 172
0.203320 172
0.000165 172
0.199988 172
0.000025 172
0.206597 344
0.203210 344
0.200885 172
0.000059 172
0.200807 172
0.000060 172
0.202784 172
0.000055 172
0.199264 344
0.206035 172
0.000060 172
0.197341 172
0.003494 172
0.196101 172
0.003436 172
0.196673 172
0.003109 172
0.199183 172
0.003504 172
0.194543 172
0.003976 172
0.203226 344
0.199112 344
0.199911 344
0.272631 344
0.200354 344
0.201652 344
0.202553 344
0.200615 344
0.200164 344
0.200031 172
0.000037 172
0.200157 344
0.199923 172
0.000052 172
0.202482 172
0.000041 172
0.203263 172
0.000052 172
0.200880 172
0.000037 172
0.201603 172
0.000015 172
0.201428 344
0.198545 344
0.200460 172
0.000054 172
0.204333 172
0.000057 172
0.218854 172
0.000132 172
0.203522 344
0.204481 172
0.000050 172
0.198001 172
0.000056 172
0.200946 344
0.199607 344
0.199701 172
0.000043 172
0.200176 344
0.199651 172
0.000025 172
0.775921 172
0.000054 172
0.887082 172
0.000052 172
0.207307 172
0.000052 172
0.202497 344
0.488825 172
0.000057 172
0.202338 344
0.207887 172
0.000063 172
0.199418 172
0.000056 172
0.199829 344
0.201920 344
0.203632 172
0.000043 172
0.199519 344
0.200982 172
0.000106 172
0.202777 172
0.000083 172
0.199746 344
0.199627 344
0.199422 344
0.200875 172
0.000052 172
0.201656 344
0.198114 172
0.000011 172
0.199479 172
0.000096 172
0.205193 172
0.000017 172
0.197723 344
0.206386 172
0.000051 172
0.197369 344
1.195964 344
0.375886 344
0.211173 344
0.211303 344
0.199202 172
0.000048 172
0.200922 344
0.209355 344
0.202701 172
0.000171 172
0.200273 344
0.203800 344
0.201061 172
0.000063 172
0.200374 344
0.198895 172
0.000057 172
0.199007 172
0.000145 172
0.200129 172
0.000040 172
0.208421 344
0.197919 172
0.000037 172
0.206722 172
0.000026 172
0.200088 172
0.000050 172
0.199977 172
0.000057 172
0.200563 172
0.000054 172
0.199310 172
0.000036 172
0.200295 172
0.000051 172
0.200784 344
0.200046 344
0.198632 172
0.000056 172
0.200303 344
0.204571 344
0.210457 172
0.000057 172
0.198857 344
0.201386 172
0.000060 172
0.199720 344
0.198178 344
0.210440 344
0.202877 344
0.200269 344
0.206338 344
0.203274 172
0.000046 172
0.200074 344
0.199936 172
0.000046 172
0.212101 172
0.000059 172
0.207261 172
0.000023 172
0.196289 172
0.005374 172
0.206924 344
0.198515 344
0.203582 344
0.205044 344
0.199797 172
0.000213 172
0.203077 172
0.000209 172
0.199174 172
0.000183 172
0.201040 172
0.000052 172
0.198811 172
0.000028 172
0.198656 172
0.000183 172
0.200537 344
0.199478 172
0.000045 172
0.208749 344
0.208134 344
0.199691 172
0.000037 172
0.199707 172
0.000050 172
0.206555 344
0.208441 172
0.000056 172
0.204764 344
0.198933 172
0.000040 172
0.201000 172
0.000037 172
0.208775 344
0.200443 172
0.000061 172
0.197591 344
0.200051 172
0.000060 172
0.200051 344
0.200324 172
0.000029 172
0.201166 172
0.000057 172
0.198809 172
0.000038 172
0.207701 172
0.000038 172
0.198260 172
0.000128 172
0.200818 344
0.200174 344
0.211751 172
0.000026 172
0.201660 172
0.000030 172
0.208453 172
0.000203 172
0.201514 172
0.000028 172
0.201395 172
0.000036 172
0.201699 344
0.201607 172
0.000048 172
0.207406 344
0.202011 172
0.000062 172
0.207658 172
0.000136 172
0.200464 172
0.000049 172
0.199681 344
0.206236 344
0.204534 344
0.208430 344
0.202089 172
0.000039 172
0.200808 344
0.197770 172
0.000084 172
0.200977 344
0.199012 344
0.201055 172
0.000051 172
0.203590 172
0.000128 172
0.201326 344
0.204941 172
0.000059 172
0.200168 172
0.000087 172
0.208350 172
0.000042 172
0.214445 344
0.205483 172
0.000049 172
0.201255 172
0.000058 172
0.754039 172
0.000052 172
0.740664 172
0.000051 172
0.293639 344
0.196763 344
0.204330 172
0.000131 172
0.606435 344
0.834901 344
0.197918 172
0.000089 172
0.213687 172
0.000043 172
0.200207 172
0.000051 172
0.205216 172
0.000053 172
0.205491 344
0.198116 172
0.000037 172
0.212539 344
0.201231 344
0.200264 172
0.000084 172
0.207619 344
0.205400 172
0.000021 172
0.201520 344
0.203874 172
0.000052 172
0.197558 344
0.210879 172
0.000058 172
0.205607 344
0.197950 172
0.002823 172
0.196226 172
0.003723 172
0.217182 172
0.000056 172
0.278770 172
0.000050 172
0.201730 172
0.000057 172
0.198360 344
0.205146 172
0.000168 172
0.198192 172
0.000052 172
0.200150 344
0.199768 172
0.000047 172
0.209017 344
0.201569 344
0.199526 172
0.000053 172
0.204397 172
0.000086 172
0.200202 344
0.198097 172
0.000036 172
0.201956 172
0.000037 172
0.213778 344
0.204557 172
0.000041 172
0.201386 344
0.200167 172
0.000057 172
0.218709 172
0.000056 172
0.201334 172
0.000039 172
0.198939 344
0.205708 172
0.000051 172
0.200487 344
0.199285 344
0.201699 344
0.199299 172
0.000045 172
0.203223 344
0.200837 344
0.198370 344
0.200817 344
0.199643 344
0.032486 172
0.260227 26
0.000055 170
0.277474 172
0.000040 172
0.200956 172
0.000058 172
0.420364 344
0.198914 344
0.202563 344
0.200557 172
0.000050 172
0.200502 344
0.199842 344
0.219090 344
0.207420 344
0.199267 172
0.000058 172
0.203105 172
0.000129 172
0.207766 172
0.000036 172
0.207826 344
0.201859 344
0.205487 344
0.202513 344
0.205631 344
0.201762 344
0.201996 344
0.213582 344
0.209575 172
0.000029 172
0.199886 344
0.201880 172
0.000037 172
0.199231 172
0.000080 172
0.209328 344
0.204158 344
0.200576 344
0.202343 172
0.000076 172
0.202201 172
0.000105 172
0.209503 344
0.200222 344
0.200668 172
0.000052 172
0.200529 344
0.199135 172
0.000056 172
0.200801 344
0.202970 344
0.217493 172
0.000153 172
0.204091 172
0.000054 172
0.211819 344
0.208034 172
0.000050 172
0.203345 344
0.219468 344
0.206693 344
0.200027 344
0.215331 344
0.198283 344
0.201213 344
0.200178 344
0.206554 344
0.208597 172
0.000042 172
0.200223 172
0.000028 172
0.201149 344
0.198371 172
0.000220 172
0.201828 172
0.000052 172
0.198088 344
0.199738 344
0.200841 172
0.000027 172
0.200101 172
0.000042 172
0.199501 172
0.000037 172
0.218178 172
0.000066 172
0.208735 344
0.206640 172
0.000016 172
0.205273 344
0.200151 344
0.198050 172
0.000127 172
0.199233 344
0.200068 344
0.216472 344
0.203450 172
0.000059 172
0.201090 344
0.198980 172
0.000046 172
0.200018 344
0.200057 344
0.212774 344
0.200200 172
0.000039 172
0.200001 344
0.201452 172
0.000013 172
0.198772 172
0.000029 172
0.200588 172
0.000058 172
0.198975 344
0.205533 344
0.201199 172
0.000025 172
0.200969 172
0.000053 172
0.199198 172
0.000057 172
0.200232 344
0.199723 344
0.200169 344
0.199839 344
0.200465 344
0.207693 344
0.198474 172
0.000052 172
0.202195 344
0.197589 172
0.000036 172
0.199801 172
0.000029 172
0.202063 172
0.000050 172
0.199420 344
0.210422 344
0.204414 344
0.198500 344
0.198891 172
0.000036 172
0.199856 172
0.000089 172
0.226875 344
0.199922 344
0.200044 172
0.000037 172
0.210349 344
0.209406 172
0.000039 172
0.202837 344
0.197091 172
0.000028 172
0.202941 344
0.199551 172
0.000063 172
0.200680 344
0.208559 172
0.000120 172
0.201750 344
0.531187 172
0.000054 172
0.849801 172
0.000053 172
0.230731 344
0.216958 172
0.000054 172
0.200917 172
0.000055 172
0.199822 172
0.000051 172
0.269819 172
0.000059 172
0.204307 344
0.212513 172
0.000051 172
0.201715 344
0.214168 344
0.200880 344
0.200610 344
0.207988 344
0.210180 344
0.201051 172
0.000025 172
0.199901 344
0.201774 344
0.200339 344
0.201626 344
0.201796 172
0.000044 172
0.197685 344
0.203267 344
0.200045 344
0.200847 344
0.211083 344
0.202211 344
0.200578 344
0.199436 344
0.229116 172
0.000041 172
0.210858 344
0.204073 344
0.198481 172
0.000056 172
0.201264 344
0.201355 344
0.203890 344
0.200324 172
0.000027 172
0.199645 172
0.000051 172
0.200983 172
0.000041 172
0.202488 172
0.000027 172
0.209894 344
0.215414 344
0.209798 344
0.053531 172
1.142664 31
0.000059 170
0.279721 344
0.274416 344
0.286960 172
0.000100 172
0.269180 172
0.000055 172
0.279246 344
0.278911 172
0.000012 172
0.259963 344
0.259138 172
0.000030 172
0.274600 172
0.000019 172
0.266170 172
0.000054 172
0.260248 172
0.000058 172
0.258138 344
0.196853 172
0.000158 172
0.226231 344
0.198427 172
0.000142 172
0.259255 172
0.000058 172
0.261133 172
0.000067 172
0.288715 344
0.281418 172
0.000056 172
0.269745 172
0.000053 172
0.269252 172
0.000054 172
0.270636 172
0.000053 172
0.233971 344
0.210922 344
0.208936 344
0.224349 344
0.221231 344
0.279005 344
0.202076 344
0.198611 344
0.210894 172
0.000054 172
0.230352 172
0.000052 172
0.201694 172
0.000046 172
0.216444 172
0.000054 172
0.200814 344
0.202301 172
0.000053 172
0.211863 344
0.202032 172
0.000047 172
0.203509 172
0.000053 172
0.200120 172
0.000016 172
0.199882 344
0.200308 344
0.200467 344
0.203689 344
0.199468 172
0.000037 172
0.368647 172
0.000054 172
0.201772 344
0.202972 344
0.204157 344
0.199100 172
0.000026 172
0.200130 172
0.000026 172
0.202348 172
0.000039 172
0.197014 172
0.005405 172
0.200330 172
0.000186 172
0.201325 344
0.199488 344
0.200358 344
0.236982 172
0.000171 172
0.199220 344
0.198485 344
0.202107 344
0.204778 344
0.199595 344
0.205781 344
0.199075 344
0.225123 172
0.000056 172
0.210301 344
0.211634 344
0.197919 172
0.000013 172
0.203185 344
0.199789 344
0.198465 344
0.202280 172
0.000146 172
0.199962 172
0.000043 172
0.199925 344
0.211135 172
0.000017 172
0.199832 344
0.198643 344
0.200790 172
0.000078 172
0.208792 344
0.213099 172
0.000027 172
0.199384 344
0.201220 172
0.000031 172
0.208085 172
0.000052 172
0.211874 344
0.202428 172
0.000028 172
0.203424 344
0.199684 344
0.200074 344
0.200416 344
0.200009 344
0.198640 172
0.000044 172
0.200128 172
0.000049 172
0.205825 344
0.217067 344
0.202320 344
0.204032 344
0.201271 344
0.200979 344
0.199651 344
0.210935 172
0.000036 172
0.207104 344
0.202032 344
0.200957 172
0.000055 172
0.201646 172
0.000031 172
0.200145 172
0.000025 172
0.201477 344
0.198310 344
0.200060 344
0.210028 344
0.199418 172
0.000061 172
0.200654 344
0.199144 172
0.000255 172
0.200466 172
0.000147 172
0.199903 344
0.200282 344
0.200723 172
0.000053 172
0.208568 344
0.199807 172
0.000058 172
0.200445 172
0.000039 172
0.199594 172
0.000047 172
0.200417 172
0.000091 172
0.200401 344
0.199575 172
0.000029 172
0.201700 344
0.202622 172
0.000083 172
0.198558 172
0.000061 172
0.204986 344
0.198692 172
0.000051 172
0.208925 172
0.000049 172
0.206400 172
0.000103 172
0.204691 344
0.200406 344
0.199119 172
0.000082 172
0.200466 344
0.202884 344
0.205598 172
0.000053 172
0.175200 172
0.266680 37
0.000066 170
0.279193 172
0.000053 172
0.201509 344
0.201704 172
0.000038 172
0.319072 344
0.295060 344
0.198420 172
0.000206 172
0.200972 344
0.202684 172
0.000109 172
0.205028 172
0.000085 172
0.198447 172
0.000026 172
0.202143 172
0.000028 172
0.197221 172
0.000039 172
0.204150 344
0.199163 172
0.000093 172
0.223241 344
0.200426 344
0.201061 344
0.199736 344
0.202073 172
0.000054 172
0.198005 172
0.000171 172
0.217676 172
0.000056 172
0.196872 344
0.201014 172
0.000055 172
0.201862 344
0.204607 344
0.208348 344
0.200769 172
0.000016 172
0.197008 344
0.200229 172
0.000052 172
0.200993 172
0.000070 172
0.204492 172
0.000059 172
0.201995 344
0.199506 172
0.000059 172
0.200285 172
0.000053 172
0.199237 172
0.000057 172
0.199970 344
0.199668 172
0.000048 172
0.208557 344
0.196534 344
0.213081 172
0.000120 172
0.202753 172
0.000053 172
0.204132 172
0.000063 172
0.201988 344
0.202709 344
0.201411 172
0.000120 172
0.213015 172
0.000055 172
0.218877 172
0.000056 172
0.200734 344
0.202711 344
0.769945 344
0.558362 344
0.199390 172
0.000071 172
0.200745 344
0.204604 344
0.199957 344
0.204075 344
0.201333 172
0.000075 172
0.198162 344
0.208134 172
0.000080 172
0.202053 344
0.200930 172
0.000067 172
0.201884 172
0.000032 172
0.204851 172
0.000064 172
0.200660 172
0.000029 172
0.207558 172
0.000198 172
0.201962 172
0.000056 172
0.218346 172
0.000098 172
0.200253 172
0.000079 172
0.207297 172
0.000097 172
0.202414 172
0.000083 172
0.198942 172
0.000152 172
0.200210 172
0.000059 172
0.207670 172
0.000052 172
0.208219 172
0.000028 172
0.198458 344
0.205757 172
0.000040 172
0.420506 172
0.001416 172
0.197214 172
0.000129 172
0.204211 172
0.000146 172
0.198900 344
0.205121 172
0.000094 172
1.196378 172
0.000058 172
0.319343 344
0.209958 344
0.203572 344
0.200871 172
0.000045 172
0.199892 344
0.197353 172
0.000115 172
0.208011 172
0.000044 172
0.201086 172
0.000054 172
0.203841 172
0.000165 172
0.200238 172
0.000044 172
0.204684 344
0.201830 172
0.000101 172
0.206911 172
0.000168 172
0.198176 344
0.203694 344
0.203102 344
0.202689 172
0.000043 172
0.214094 344
0.206677 344
0.205470 344
0.205191 172
0.000103 172
0.200415 172
0.000038 172
0.201190 172
0.000028 172
0.201813 172
0.000051 172
0.197405 344
0.206510 172
0.000076 172
0.200801 172
0.000032 172
0.202377 172
0.000055 172
0.205235 172
0.000037 172
0.199476 344
0.200622 344
0.202985 172
0.000080 172
0.204485 172
0.000155 172
0.204560 344
0.204619 172
0.000041 172
0.202473 172
0.000128 172
0.202676 172
0.000038 172
0.203914 172
0.000086 172
0.200132 172
0.000038 172
0.200755 172
0.000051 172
0.201861 344
0.203966 172
0.000010 172
0.205645 172
0.000037 172
0.203547 172
0.000027 172
0.199024 172
0.000101 172
0.753394 344
0.507501 172
0.000020 172
0.198124 344
0.203368 172
0.000043 172
0.197135 172
0.000103 172
0.214993 172
0.000078 172
0.207948 172
0.000034 172
0.198505 344
0.212631 344
0.210644 172
0.000082 172
0.199778 344
0.212785 172
0.000092 172
0.201927 344
0.195879 172
0.000014 172
0.207409 172
0.000029 172
0.212451 172
0.000051 172
0.204407 344
0.200893 172
0.000058 172
0.203655 172
0.000152 172
0.208825 172
0.000055 172
0.232021 172
0.000060 172
0.203003 344
0.201604 172
0.000028 172
0.199745 344
0.203582 344
0.229968 344
0.201573 344
0.200032 172
0.000269 172
0.200757 344
0.202416 172
0.000213 172
0.207529 172
0.000223 172
0.200141 344
0.148324 172
1.105593 27
0.000056 170
0.282350 344
0.268187 344
0.259119 344
0.260410 344
0.268253 172
0.000057 172
0.268096 172
0.000162 172
0.261418 172
0.000053 172
0.260250 172
0.000054 172
0.215296 172
0.000067 172
0.199654 344
0.244472 172
0.000058 172
0.213562 344
0.209164 172
0.000036 172
0.208038 172
0.000056 172
0.201890 344
0.200534 172
0.000050 172
0.202647 172
0.000161 172
0.204329 172
0.000039 172
0.201565 344
0.201609 172
0.000056 172
0.215888 172
0.000062 172
0.200670 172
0.000028 172
0.199361 344
0.200606 344
0.254258 172
0.000040 172
0.201121 172
0.000055 172
0.196903 344
0.208031 172
0.000050 172
0.201814 172
0.000060 172
0.200106 172
0.000070 172
0.199393 344
0.198496 344
0.205525 344
0.197099 344
0.200537 344
0.199526 172
0.000049 172
0.212892 344
0.203924 344
0.211291 344
0.204798 172
0.000051 172
0.197774 172
0.000055 172
0.198907 172
0.000036 172
0.207687 172
0.000063 172
0.201208 172
0.000054 172
0.201014 344
0.214829 344
0.198286 172
0.000076 172
0.201081 172
0.000055 172
0.198964 344
0.200527 344
0.202054 172
0.000058 172
0.197340 344
0.203066 172
0.000041 172
0.200832 344
0.208350 172
0.000074 172
0.197365 172
0.000066 172
0.209911 344
0.197986 172
0.002875 172
0.196708 172
0.003258 172
0.199196 344
0.200278 172
0.000026 172
0.200000 172
0.000052 172
0.151287 172
0.274302 30
0.000080 170
0.274087 172
0.000093 172
0.200761 344
0.199810 172
0.000041 172
0.324999 344
0.226113 344
0.199272 172
0.000051 172
0.208131 172
0.000481 172
0.197486 344
0.199809 172
0.000163 172
0.200231 344
0.208488 172
0.000155 172
0.197251 344
0.200485 172
0.000029 172
0.199627 172
0.000054 172
0.200845 344
0.199404 172
0.000028 172
0.200793 344
0.199273 344
0.202018 344
0.200062 172
0.000054 172
0.164051 172
0.268429 28
0.000067 170
0.271472 172
0.000043 172
0.199698 172
0.002020 172
0.437918 172
0.000273 172
0.197182 344
0.199906 172
0.000154 172
0.211342 344
0.198621 172
0.000188 172
0.199453 172
0.000189 172
0.199960 172
0.000130 172
0.208913 172
0.000052 172
0.197451 172
0.000067 172
0.202843 172
0.000065 172
0.197494 172
0.000045 172
0.202824 172
0.000052 172
0.198265 344
0.199460 344
0.199266 344
0.201636 344
0.198511 344
0.216426 172
0.000077 172
0.162605 172
0.265296 26
0.000061 170
0.304736 172
0.000057 172
0.198623 344
0.205049 172
0.000012 172
0.201090 172
0.000032 172
0.199430 344
0.201595 172
0.000127 172
0.209545 172
0.000039 172
0.198081 344
0.200486 344
0.211577 172
0.000042 172
0.197947 172
0.000027 172
0.204559 172
0.000051 172
0.199567 172
0.000059 172
0.199155 344
0.202081 344
0.201112 172
0.000025 172
0.202244 172
0.000060 172
0.200989 344
0.221476 344
0.210798 172
0.000040 172
0.011220 172
1.344635 199
0.275058 172
0.000097 172
0.252981 172
0.000192 172
0.268617 344
0.202251 344
0.199599 344
0.200924 172
0.000055 172
0.208846 172
0.000146 172
0.239464 172
0.000050 172
0.197950 344
0.200484 344
0.199019 172
0.000086 172
0.224603 344
0.058073 172
0.273269 174
0.000053 168
0.350641 168
0.043402 504
0.028736 168
0.028550 168
0.021601 168
0.023288 168
0.024869 170
0.000235 168
0.291570 168
0.109467 168
0.366154 168
0.254853 168
0.048915 168
0.132299 168
0.491723 168
0.131071 168
0.087609 168
0.000139 2
0.000063 168
0.015416 168
0.065165 168
0.024315 168
0.001119 168
0.002466 168
0.001168 168
0.026442 168
0.002695 168
0.005682 338
0.000557 168
0.014382 168
0.011127 168
0.006826 168
0.000275 168
0.000251 168
0.257562 168
0.000239 168
0.030285 170
0.000503 168
0.107744 168
0.777646 168
0.799810 168
0.058508 168
0.135083 168
0.108515 168
0.393606 168
0.157496 168
0.315364 170
0.531894 34
0.187753 168
0.000045 336
0.000308 168
0.000047 168
0.000038 168
0.000039 168
0.000172 168
0.000163 168
0.411072 168
0.254457 168
0.197341 170
0.639225 168
0.199082 168
0.200526 168
0.199789 168
0.071136 168
0.000146 2
10.057098 168
0.000044 336
0.001068 336
0.000138 336
0.260012 168
0.197595 168
0.235071 168
1.471322 168
1.167737 168
0.217396 168
2.527165 168
0.200940 168
1.391955 168
0.369408 168
0.234190 168
0.132400 170
1.003612 336
0.000057 1176
0.328884 168
1.791128 168
0.755716 168
1.003988 168
0.234864 170
0.852653 168
0.272766 168
0.006658 170
1.524097 168
0.000044 336
0.000264 168
0.000076 504
0.000030 168
0.000105 168
0.000132 168
0.000030 168
0.000028 168
0.000330 168
0.000227 168
0.000034 168
0.000132 168
0.000128 168
0.020854 168
0.000235 168
0.000127 168
0.000116 168
0.000125 168
0.000035 168
0.000028 168
0.272564 168
0.591294 168
1.023587 168
0.124852 170
4.105722 168
0.000372 168
0.000275 168
0.001262 336
0.000233 168
0.000034 168
0.038774 168
0.776301 168
0.254389 168
0.198873 168
0.271159 168
0.227321 168
0.203621 168
0.220509 168
0.550818 168
0.239090 168
0.199672 168
0.199064 168
0.208753 168
0.235936 168
0.315734 168
0.206794 168
0.327356 168
0.239484 168
0.435339 168
0.245738 168
0.297976 168
0.312410 168
0.249189 168
0.484626 168
0.376930 168
0.353803 168
0.455619 168
0.345026 168
0.286264 168
0.212076 168
0.001135 168
0.000046 2
0.537110 168
0.000184 168
0.000131 168
0.000382 168
0.000101 168
0.000099 168
0.000093 168
1.315182 168
0.199000 168
0.194975 170
1.833473 168
0.000035 336
0.000193 168
0.000121 168
0.000021 168
0.000015 168
0.000016 168
0.703493 168
0.246398 168
0.360505 168
0.248477 168
0.207854 168
0.197926 168
0.200185 168
0.276661 168
0.116829 170
4.898979 38
0.000036 38
0.000114 2
0.827436 49
3.730324 38
0.054165 40
0.000044 2
0.064924 121
0.000182 44
0.000053 37
0.891369 41
0.000127 2
0.432877 52
0.213593 6
0.010609 64
0.000139 8
0.000047 59
17.254942 215
0.839941 360
0.361566 438
0.228692 312
0.173562 360
0.170970 196
0.156289 1
1.375707 215
0.152456 360
0.173840 161
0.000051 277
0.174949 254
0.149264 158
0.000064 361
0.116081 99
0.231275 9
0.148200 3
0.153528 7
0.143347 8
0.149103 16
0.367455 18
0.147535 13
0.270844 16
0.160797 11
0.161573 14
0.174167 7
0.137966 35
0.149338 57
0.154913 91
0.194887 111
0.277560 68
0.418604 134
0.510773 142
0.668496 11
0.000239 19
0.000098 8
0.000044 47
1.981314 1
0.227796 1
0.199956 1
0.279476 1
0.398386 3
1.272412 1
0.524769 1
0.308936 1
0.342666 1
0.135519 1
0.211195 1
0.148042 1
0.280319 1
0.165561 1
0.088718 1
0.713249 11
3.084007 12
0.091573 41
0.051823 12
0.473254 35
3.594520 31
3.164611 622
0.000386 153
4.528718 2
1.221956 243
0.004903 31
0.116790 396
0.000403 150
0.000027 3
7.664416 2
0.018461 41
0.333651 129
0.000630 95
3.633138 1
2.754047 2
0.001979 102
1.781919 1
1.750159 4
3.685492 44
3.637343 108
0.002632 63
0.050666 65
0.044702 52
0.026098 47
0.046612 65
1.343898 69
1.075659 64
0.942326 64
1.088373 65
1.105731 71
1.019335 61
0.000313 2
0.977784 66
1.376676 68
1.364214 64
1.000126 66
0.986632 68
0.940143 70
0.978942 69
1.007348 73
0.958845 70
0.000040 2
1.099095 68
0.978345 71
0.984839 75
0.917949 68
0.409032 12
0.562020 67
0.001296 2
0.932796 65
1.017468 65
0.941039 68
1.091430 77
0.971854 62
0.000162 2
1.445570 69
0.928697 68
1.059348 67
0.935686 66
0.933771 70
0.987703 63
0.000175 2
0.946907 64
0.000142 2
0.982314 71
1.077679 65
0.958237 68
0.929688 67
0.979848 67
0.963875 65
0.957608 66
0.956043 68
0.972271 64
1.057467 70
0.954516 67
0.972363 71
0.971022 70
0.957648 79
0.969200 76
0.959011 73
0.000140 2
1.274466 65
1.038859 71
0.992698 68
1.002375 71
0.936689 67
1.192287 70
0.966923 72
0.931660 67
0.935772 68
0.000235 2
1.038596 66
0.000163 2
0.913975 72
0.940915 71
0.923430 70
0.940243 69
0.957312 68
1.261283 67
0.951641 68
1.105335 70
1.022148 64
0.967588 70
0.936559 65
1.011072 73
0.995166 67
0.972775 66
1.046414 67
0.937025 74
0.963535 68
0.918366 68
0.928726 81
1.116078 68
0.610488 12
0.342756 72
0.928985 71
0.933379 63
0.000157 2
0.977651 65
1.138756 75
1.294283 67
1.424974 72
1.440533 66
1.377119 63
0.000560 2
1.085532 67
0.962494 69
1.205990 75
0.992088 71
0.972380 78
0.927798 65
0.000031 2
0.990184 66
0.956175 67
0.943648 72
1.026511 65
1.054260 70
1.448713 69
1.618003 64
1.434131 73
1.432729 64
0.945056 68
0.928000 64
0.941773 64
1.334888 65
1.045759 64
0.974016 60
1.014564 57
0.966218 58
1.052948 60
0.934026 70
0.004207 18
0.028919 8
0.004069 21
0.002794 9
0.004110 25
0.002791 9
0.003944 20
0.002781 9
0.003967 20
0.002779 9
0.003959 21
0.002798 9
0.003867 27
0.003976 9
0.004888 19
0.003952 9
0.003105 22
0.002107 9
0.003249 24
0.002534 9
0.003786 20
0.002635 9
0.003764 22
0.002662 9
0.003697 24
0.002660 9
0.003402 26
0.002163 9
0.004647 25
0.003212 9
0.003887 29
0.002243 9
0.003202 28
0.002188 9
0.003083 24
0.002254 9
0.003106 27
0.002228 9
0.003115 31
0.002217 9
0.003096 24
0.002239 9
0.003094 25
0.002196 9
0.004955 21
0.003154 9
0.004052 21
0.002377 9
0.003080 24
0.002293 9
0.003120 33
0.002298 9
0.003121 20
0.002219 9
0.003226 25
0.002176 9
0.003102 24
0.002206 9
0.003129 23
0.002190 9
0.005055 22
0.003217 9
0.003538 26
0.003309 9
0.003124 21
0.002208 9
0.003179 22
0.002199 9
0.003114 27
0.002234 9
0.003145 21
0.002189 9
0.003190 24
0.002275 9
0.003117 23
0.003667 9
0.004455 23
0.003503 9
0.003127 21
0.002246 9
0.003107 22
0.002299 9
0.003111 24
0.002342 9
0.003079 20
0.002283 9
0.003082 26
0.002203 9
0.003093 23
0.002209 9
0.003125 27
0.002576 9
0.006223 26
0.002165 9
0.003794 35
0.002241 9
0.003064 32
0.002226 9
0.003070 31
0.002170 9
0.003066 21
0.002188 9
0.003145 27
0.002173 9
0.003019 24
0.002206 9
0.003118 27
0.002206 9
0.004810 23
0.003308 7
0.000026 2
0.004209 26
0.002265 9
0.003270 28
0.002205 9
0.003073 23
0.002183 9
0.003087 26
0.002222 9
0.003066 24
0.002160 9
0.003115 28
0.002218 9
0.003057 27
0.002198 9
0.003044 26
0.002581 9
0.004761 25
0.003301 9
0.003852 24
0.002268 9
0.003008 23
0.002212 9
0.003047 24
0.002262 9
0.003087 26
0.002156 9
0.003093 20
0.002207 9
0.003107 26
0.002172 9
0.003036 21
0.002248 9
0.005122 29
0.003767 7
0.000028 2
0.004158 23
0.002746 9
0.004206 22
0.002851 9
0.003929 23
0.002808 9
0.003921 30
0.002778 9
0.003644 24
0.008338 9
0.004777 24
0.003831 9
0.005654 37
0.004440 9
0.003614 24
0.002700 7
0.001642 2
0.009859 28
0.001329 9
0.005123 27
0.001427 9
0.007542 30
0.003533 21
0.003643 9
0.004370 31
0.002610 9
0.003641 23
0.002543 9
0.003697 28
0.002598 9
0.003755 22
0.002257 9
0.005050 21
0.002324 9
0.003127 23
0.002230 9
0.003051 25
0.003436 9
0.004524 31
0.003207 9
0.003229 27
0.002322 9
0.003380 34
0.002188 9
0.004015 23
0.002552 9
0.003242 22
0.002326 9
0.003225 23
0.002320 9
0.003175 28
0.002290 9
0.003593 21
0.003375 9
0.006014 26
0.002792 9
0.003665 25
0.002307 9
0.003425 20
0.002231 9
0.004007 29
0.002580 9
0.003171 20
0.002403 9
0.003149 24
0.002256 9
0.003141 20
0.002212 9
0.005081 20
0.003361 9
0.003576 21
0.003254 9
0.003534 20
0.002409 9
0.003426 16
0.002387 9
0.003341 13
0.002365 9
0.003303 14
0.002527 9
0.003548 16
0.002508 9
0.529900 52
0.230929 81
0.142690 24
0.022232 85
0.054714 24
0.015721 80
0.093757 24
0.015547 80
0.030068 24
0.015591 81
0.075676 24
0.017067 87
0.053740 24
0.022609 79
0.057657 24
0.015806 82
0.385460 24
0.022252 84
0.124198 22
0.000045 2
0.019598 80
0.049014 24
0.016797 82
0.047241 24
0.015894 84
0.049968 24
0.017004 86
0.050972 24
0.018122 85
0.130288 24
0.016981 89
0.057535 24
0.017864 88
0.109880 22
0.000233 2
0.023361 84
0.097152 24
0.015617 87
0.077791 24
0.015984 91
0.062832 24
0.016555 84
0.078485 22
0.000027 2
0.021916 85
0.075523 24
0.018658 81
0.084877 24
0.018560 81
0.088600 24
0.017429 84
0.061239 24
0.017131 93
0.095707 22
0.000209 2
0.027292 80
0.059966 24
0.017759 85
0.036816 24
0.016197 84
0.047278 24
0.015740 83
0.043964 24
0.016073 82
0.108713 24
0.020485 86
0.128347 24
0.017461 81
0.037951 24
0.018690 82
0.076930 24
0.017181 87
0.072027 24
0.016051 81
0.062138 24
0.016972 84
0.047774 24
0.015705 83
0.071287 24
0.016364 83
0.070826 24
0.017647 81
0.040286 24
0.016745 82
0.155122 24
0.023356 84
0.261694 24
0.025591 78
0.000137 2
0.213159 24
0.019865 86
0.036847 24
0.016203 83
0.042394 24
0.015604 87
0.028249 24
0.016887 86
0.059336 24
0.017358 95
0.044024 24
0.015935 92
0.051092 24
0.015864 91
0.139368 24
0.021275 81
0.116879 24
0.027844 87
0.107920 24
0.016162 84
0.064594 24
0.022705 87
0.069268 24
0.015787 83
0.317460 24
0.022647 86
0.119785 24
0.020805 88
0.061165 24
0.021957 81
0.000039 2
0.067777 24
0.016513 84
0.000101 2
0.042202 24
0.016016 84
0.045037 24
0.015988 88
0.096240 24
0.015453 87
0.032266 24
0.016604 86
0.082810 24
0.019209 85
0.078592 24
0.015892 84
0.191493 24
0.022087 83
0.091618 24
0.020976 84
0.089565 24
0.015838 86
0.037559 24
0.016790 80
0.059617 24
0.018504 86
0.035573 24
0.016784 81
0.033029 24
0.016457 89
0.047403 24
0.016638 83
0.245803 24
0.018950 82
0.128080 24
0.016982 83
0.067896 24
0.016024 90
0.065225 24
0.015523 84
0.070269 24
0.015852 84
0.033164 24
0.015912 97
0.037826 24
0.016395 84
0.082839 24
0.019285 88
0.098405 24
0.023340 87
0.049434 24
0.021143 79
0.000137 2
0.053477 24
0.016969 81
0.665997 24
0.023412 89
0.000146 2
0.333343 24
0.018984 83
0.217442 24
0.023717 88
0.078906 24
0.019722 82
0.262104 24
0.024261 81
2.217187 24
0.021674 83
0.057561 24
0.017711 85
0.154415 24
0.022344 91
0.152375 24
0.016028 87
0.061709 24
0.018829 94
0.066502 24
0.017028 83
0.051556 24
0.016403 82
0.062377 24
0.016407 83
0.028107 24
0.026666 88
0.089832 24
0.018157 81
0.054743 24
0.019296 86
0.049951 24
0.017236 85
0.138766 24
0.022803 80
0.060444 24
0.022230 89
0.076269 24
0.018696 80
0.266975 24
0.020512 84
0.245152 24
0.020980 80
0.151714 24
0.016038 80
0.069980 24
0.019266 81
0.070583 24
0.025694 80
0.118239 24
0.019747 76
0.757184 24
0.024530 73
0.095982 24
0.017458 74
0.066779 24
0.016285 76
0.106731 24
0.009758 52
0.000673 28
0.124483 31
0.596755 25
0.225604 31
0.183164 27
0.006817 51
0.092959 70
0.013824 66
0.076672 97
0.010240 68
0.004129 27
0.001106 2
0.000174 64
0.001110 311
0.000143 2
3.274837 12
59.054651 12
45.001181 1
0.117815 2
0.123033 19
0.000178 8
0.000111 47
0.929454 1
0.465730 1
1.250601 1
0.260403 1
0.192898 1
0.142999 1
0.138676 1
0.174064 1
0.390823 1
0.182621 1
0.183123 1
0.226418 1
0.416420 1
0.065825 1
0.262278 1
0.125057 1
0.150169 1
0.273494 85
1.256199 17
