0.320001 64
0.013562 8
0.000199 59
3.845480 13
0.195119 64
0.347048 1
0.495481 4
0.333949 85
1.228666 51
0.201204 71
0.467869 11
0.216355 183
0.002720 8
0.000045 77
1.094392 1
0.115771 1
0.136332 2
0.000577 13
10.291416 95
3.497505 2
1.183480 87
0.247447 49
0.000149 21
0.000098 31
0.000095 34
0.000097 43
0.000095 39
0.000090 21
0.179610 71
0.001434 1
0.000747 2
0.000184 81
2.517596 88
0.451043 67
0.019626 116
0.391883 112
0.102103 79
0.019468 69
0.870120 146
0.000131 2
0.000684 50
3.027845 1
0.283267 2
5.092619 75
12.437804 2
0.220201 2
0.343792 2
0.244519 2
0.263482 2
0.159879 2
0.167591 2
0.164646 2
0.160731 2
115.296947 104
0.000213 155
0.000146 44
0.000046 111
0.000419 38
0.000044 112
0.000424 19
0.000045 118
0.000409 143
0.001234 54
0.000065 115
0.001523 72
0.000065 115
0.001378 173
0.001514 27
0.000066 118
0.001372 156
0.001233 20
0.000065 111
0.001201 134
0.001072 163
0.000849 22
0.000078 19
0.062550 62
0.003511 13
8.830211 95
0.442825 17
0.178681 1
1.438750 95
0.285923 19
0.362216 118
0.695952 64
0.424321 68
0.199270 19
0.473156 3
0.195615 70
0.183059 22
0.343094 6
0.272788 51
0.451667 86
0.308946 132
0.351417 127
0.217278 68
0.197184 70
0.423405 12
0.368711 177
0.198123 78
0.372767 34
1.020614 22
0.447016 48
1.121791 19
0.417801 38
0.507729 2
0.481458 13
3.380423 1
0.128892 1
0.129276 1
0.102053 1
0.258445 1
0.380836 1
0.210156 1
0.191976 1
0.360645 1
0.203430 1
1.570897 1
0.126940 1
0.954225 1
1.536841 1
0.079358 1
0.671464 3
0.593496 1
0.167092 1
0.176242 1
4.210297 3
0.198430 3
0.155560 3
0.141604 3
1.158586 1
0.168340 1
0.169788 1
0.733659 3
0.154913 3
0.715210 1
0.252929 1
0.185388 1
0.098291 5
1.141655 1
0.256656 1
0.200921 9
2.790287 1
0.093251 1
0.170818 2
0.662887 1
0.065800 1
0.141764 2
0.787434 1
0.143108 1
0.097815 1
0.289712 1
0.748376 3
0.233385 1
0.479523 2
0.019952 131
0.000815 127
0.000813 127
0.014026 127
0.001793 127
0.001902 127
0.000035 55
3.316693 1
0.393743 1
1.253354 1
0.487019 1
0.335354 3
0.757761 1
0.059257 1
0.164046 2
1.334688 1
0.141215 1
0.177473 1
0.000069 1
1.355637 1
0.366779 2
0.000669 122
0.000133 69
1.262773 2
0.092697 13
3.215264 1
0.293933 1
0.101956 1
0.285869 1
0.151790 1
0.895223 1
0.199120 1
0.243385 1
0.121701 1
0.319059 1
0.086684 1
0.608067 2
3.699218 18
0.000191 43
0.003746 13
4.181069 1
0.119307 1
0.112001 1
0.213988 2
0.022919 402
0.000096 1096
0.000231 113
0.000008 148
0.000083 66
0.000066 81
0.000016 65
0.000071 235
0.001292 13
4.206732 1
0.102115 1
0.144600 1
8.719005 1
0.125941 1
0.508553 1
0.298559 3
1.839329 1
0.053670 1
0.123541 7
0.439070 2
0.001160 22
0.971515 1
0.126034 1
0.143023 2
0.105310 153
0.000166 108
0.001948 22
2.449100 2
0.179443 14
0.396378 18
0.405491 14
0.832387 2
3.599489 18
0.000223 43
0.003973 22
6.588767 1
0.160210 1
0.077638 1
0.084192 1
0.162271 1
0.233405 1
0.596505 1
0.144624 1
0.114537 1
0.211503 2
0.065687 14
0.002703 22
22.408051 9
0.234672 2
0.058457 14
0.002037 22
0.961511 9
0.734735 20
0.463382 2
3.731489 18
0.000122 43
0.003274 22
2.100771 8
0.013760 74
0.652705 17
