0.386012 19
0.013851 8
0.000065 47
2.505579 1
0.129824 1
0.130072 1
0.667931 1
0.369000 1
0.142571 3
1.126059 1
0.166526 8
0.606927 1
0.334045 1
0.129112 11
1.051110 1
0.132376 1
0.181620 4
0.235615 1
0.156302 1
0.621506 4
0.428306 1
0.123732 12
0.743411 2
0.000052 9
0.000247 64
0.000101 8
0.000040 59
0.955621 1
0.127900 1
0.226542 1
0.441647 1
2.684351 1
0.330785 1
0.183335 1
0.119982 1
0.422740 1
0.095080 1
0.099925 6
0.292019 11
0.020523 514
1.200068 1
0.103100 1
0.176595 1
0.163989 1
0.264245 1
0.124126 1
0.098066 1
0.125191 1
0.417604 1
0.421520 4
0.209226 1
0.123893 1
0.148379 1
0.208315 1
0.146292 1
0.316910 2
0.000042 9
1.839699 183
0.022439 77
1.668550 1
0.067506 1
0.191346 2
0.000298 13
0.920675 1
0.110739 1
0.170712 1
2.741512 1
0.654711 1
0.085897 1
0.183457 1
0.630752 1
0.353603 1
0.366291 1
0.147236 1
0.141696 10
2.050056 1
0.298035 1
0.546739 3
0.444380 1
0.221283 9
0.894916 2
0.159853 89
0.005061 13
3.837490 1
0.341758 1
0.779276 1
0.343854 1
0.161842 1
0.181491 1
0.146275 1
0.183748 1
0.129204 1
0.186402 1
0.034448 1
0.158952 1
0.809055 1
0.283050 1
0.138764 1
0.112375 1
0.120205 1
0.144345 1
0.725798 3
1.319078 1
0.040352 1
0.883501 1
0.573386 1
0.150555 1
0.742689 1
0.164210 1
0.251059 1
0.179036 1
0.509471 1
1.086228 1
0.866108 1
0.190801 1
0.050636 1
0.957817 2
0.000182 13
2.606934 1
0.484146 3
0.127228 1
0.348331 1
0.115179 1
0.504171 1
0.650921 1
0.238249 1
0.246163 1
0.192871 1
0.203792 1
0.153130 9
1.470395 1
0.117911 1
0.166439 7
0.737535 2
0.802693 8
0.000996 42
0.068113 26
0.000074 28
0.007041 31
0.000072 7
0.000263 3
0.000055 189
0.000388 123
0.000101 90
0.000090 121
0.000068 89
0.000111 173
0.000273 5
0.000057 56
0.000089 82
0.000071 58
0.000058 60
0.000077 56
0.000074 70
0.000058 38
0.000037 22
0.000048 70
0.816140 26
0.253932 26
0.454686 26
0.593508 26
0.978256 23
0.648422 11
0.000062 11
0.000049 1
0.042496 11
0.000057 11
0.000055 1
0.039535 23
0.040481 23
0.040869 23
0.038421 23
0.039851 23
0.040692 23
0.039858 23
0.040023 23
0.039275 23
0.040134 22
0.000087 1
0.040463 23
0.040094 23
0.040171 38
0.040032 23
0.039201 11
0.000073 11
0.000053 1
3.916374 129
0.667555 99
0.040161 99
0.040228 99
0.039470 99
0.040500 99
0.039527 11
0.000562 18
0.000107 70
0.040142 99
0.039060 99
0.040183 99
0.040205 99
0.040357 99
0.333806 99
0.753065 26
0.199636 26
0.166401 26
0.162760 26
0.142716 40
0.189916 26
0.142297 26
0.167830 40
0.154497 26
0.144030 26
0.192549 40
0.162738 11
0.000143 15
0.166150 26
0.265729 26
0.210321 11
0.000148 15
0.328045 26
0.225384 26
0.260827 26
0.291270 40
1.058129 66
0.152788 66
0.193155 66
0.096653 66
1.546129 66
0.967601 29
1.122270 23
4.053986 23
0.671987 23
0.040616 23
0.039492 23
0.040494 23
0.040014 23
0.039686 23
0.040244 11
0.000161 12
0.040098 23
0.039563 23
0.040302 23
0.040075 23
0.040070 23
0.039826 23
0.040450 23
0.039221 23
0.039667 23
0.040714 23
0.039758 23
0.040121 23
0.040022 23
0.039498 23
0.040791 23
0.039011 23
0.040294 23
0.040395 23
0.039698 23
0.040539 23
0.039490 23
0.040193 23
0.040041 23
0.039926 23
0.040231 23
0.039847 11
0.000091 11
0.000067 1
0.039684 23
0.040030 23
0.039416 22
0.000091 1
0.870445 67
0.160315 67
0.154142 67
0.201894 67
0.112157 67
0.146000 67
1.774874 67
0.268847 67
0.716941 67
0.085646 67
0.341192 67
1.279429 67
0.097412 67
1.150476 29
4.337103 29
0.254613 23
0.376171 23
0.573777 67
0.079617 67
0.157278 67
0.175511 67
0.145406 67
0.203301 11
0.000159 11
0.000044 45
0.137283 11
0.000103 11
0.000117 47
0.140933 11
0.000214 11
0.000155 45
0.104933 67
0.101281 67
1.136569 29
0.185743 29
0.187572 26
0.175516 27
0.357236 25
0.147176 25
0.286869 29
0.620193 23
0.270641 23
0.215088 23
0.188838 23
0.213437 23
0.193986 23
0.182108 11
0.000040 11
0.000089 1
0.194532 23
0.194475 23
0.164477 23
0.170364 23
0.173820 23
0.194042 23
0.180177 23
0.189413 11
0.000045 11
0.000107 1
0.907146 23
0.193244 23
0.176308 23
0.161176 23
0.186074 11
0.000062 11
0.000133 1
0.173488 11
0.000061 11
0.000141 1
0.194365 23
0.191453 11
0.000059 11
0.000138 1
0.211093 23
0.196764 23
0.171158 23
0.216913 23
0.170317 11
0.000058 11
0.000066 1
0.185424 11
0.000134 12
0.555673 23
0.182914 23
0.162508 11
0.000059 11
0.000062 1
0.187145 23
0.171587 23
0.179379 23
0.182436 23
0.182211 23
0.183227 23
0.185091 23
0.181486 11
0.000060 11
0.000057 1
0.193946 23
0.173842 23
0.196589 23
0.400189 11
0.000062 11
0.000062 1
0.179277 23
0.203263 23
0.152947 23
0.208775 23
0.211539 23
0.185811 23
0.225107 23
0.161283 23
0.226470 23
0.184452 23
0.182951 23
0.213956 23
0.233117 23
0.518660 11
0.000060 11
0.000160 1
0.172285 23
0.175035 11
0.000056 11
0.000058 1
0.166150 23
0.179668 23
0.172779 23
0.185542 23
0.165441 23
0.177312 11
0.000044 11
0.000046 1
0.189509 23
0.180942 23
0.193948 23
0.195984 23
0.188821 23
0.390395 23
0.196840 23
0.173687 23
0.173548 23
0.163284 23
0.176519 23
0.165647 11
0.000086 11
0.000189 1
0.195708 23
0.173846 23
0.141942 23
0.231516 11
0.000060 11
0.000141 1
0.172889 23
0.191924 11
0.000061 11
0.000142 1
0.159485 23
0.142925 23
1.321639 293
0.784827 359
0.110007 11
0.016107 44
0.044516 26
0.000091 4
0.000033 39
0.000063 1
0.000063 8
0.000078 11
0.000054 8
0.000032 8
0.007333 13
5.451794 1
0.402370 1
0.637264 1
0.440534 1
0.135219 1
0.148089 1
0.646531 1
0.123316 1
0.238750 1
0.155652 1
0.459578 1
0.061723 1
0.426150 1
0.055855 1
0.223045 1
0.285343 1
0.184401 1
0.113650 1
0.270185 1
0.393602 1
0.131703 1
0.152137 1
0.841438 1
0.584037 1
0.000052 7
0.000029 3
0.000029 3
0.000042 4
0.000032 3
0.000031 3
0.000045 5
0.000038 4
0.000031 3
0.000048 5
0.000077 2
0.752109 1
0.516579 2
0.000458 13
6.431026 1
0.267921 1
0.161760 1
0.068377 1
0.049475 1
1.196083 1
0.618750 1
0.198759 1
0.161768 1
0.230514 1
0.336468 1
0.983232 1
0.314050 1
0.173082 1
0.133004 1
0.116719 1
0.177368 15
0.000236 13
9.567317 1
0.233061 1
0.195971 1
0.099759 1
0.142306 1
0.190597 2
0.087324 8
0.002494 13
1.234219 1
0.396350 1
0.257052 1
0.195353 1
0.089965 5
1.472345 1
0.342256 1
0.127057 9
2.092276 1
0.082632 1
0.132473 2
0.572807 1
0.074428 1
0.141137 2
0.483875 1
0.212390 1
0.356163 1
0.252225 1
0.622038 1
0.129482 1
0.163987 1
0.696031 2
0.027442 7
0.001716 13
6.473542 1
0.198331 1
0.996170 1
0.679392 1
0.111957 1
0.194946 3
0.382946 2
0.194672 74
0.004352 13
7.989830 1
0.142699 1
0.108168 1
0.341422 1
0.218110 1
0.289754 1
0.358395 1
0.301620 2
0.104740 11
0.003606 79
0.000236 363
0.000145 97
0.000120 159
0.000061 71
0.000139 71
0.000060 155
0.000056 70
0.005686 13
5.438657 1
0.137478 1
0.108066 1
0.531546 1
0.395714 1
0.374031 1
0.115786 1
0.181597 4
1.181154 1
0.310316 1
0.139216 6
0.385321 2
0.190927 242
0.000299 202
0.003731 13
8.253645 19
0.965092 1
0.518132 1
0.412426 6
0.735449 2
0.084661 96
0.003227 13
9.430839 1
0.138956 1
0.135586 1
0.537889 1
0.388957 1
0.090630 1
0.188403 2
0.431659 1
0.275027 1
0.239418 1
0.095395 1
0.399023 2
0.083629 154
0.000220 342
0.000137 171
0.000047 173
0.000112 173
0.000051 170
0.000112 187
0.000100 170
0.000096 170
0.000097 167
0.000104 189
0.000099 170
0.000094 170
0.000110 186
0.000109 187
0.000106 187
0.000110 187
0.000169 186
0.000055 185
0.000109 188
0.000097 168
0.000098 186
0.000111 184
0.000108 189
0.000108 187
0.000108 185
0.000111 187
0.000166 185
0.000099 144
0.000092 188
0.000103 189
0.000111 188
0.000110 188
0.000104 184
0.000106 182
0.000102 178
0.000104 175
0.000100 176
0.000101 177
0.000125 177
0.000098 178
0.000099 184
0.000103 183
0.000101 175
0.000093 142
0.002845 13
3.161062 1
0.119228 1
0.108222 1
0.338235 1
0.440684 1
0.164082 1
0.437703 1
0.639147 1
0.272584 1
0.198844 1
0.133194 5
0.605609 2
0.173346 10
0.004252 91
0.000056 76
0.000038 86
0.005641 13
13.944776 1
0.373904 1
1.141728 3
0.376107 1
0.346480 1
0.357961 1
0.139254 4
1.054433 1
0.158311 1
0.270853 1
0.212936 1
0.494982 1
0.124894 1
0.263691 1
1.048674 1
0.441645 1
0.331211 1
0.224385 1
0.130953 5
1.509361 1
0.197627 1
0.454449 19
1.164270 3
0.489759 2
0.386382 13
0.709101 44
0.143063 34
0.378009 2
0.076140 10
0.002161 91
0.000145 76
0.003045 13
9.669633 1
0.088597 1
0.454761 1
0.585140 1
0.416167 1
0.159596 1
0.160111 2
0.894745 1
0.297612 1
0.231404 1
0.151025 1
1.227797 1
0.365814 1
0.248004 1
0.261291 1
0.257552 1
1.577235 1
2.336916 1
0.399218 1
0.300131 2
1.463839 1
0.194526 1
0.735503 1
0.205254 1
1.317781 7
1.018085 2
0.872001 257
0.000461 506
0.852145 29
0.002637 13
7.134100 28
0.516960 2
0.081756 191
0.000017 572
0.669166 29
0.007485 13
1.441173 28
0.415101 2
0.078223 123
0.000014 640
0.309323 29
0.001897 13
0.023072 1
0.200459 1
3.332630 1
1.198868 1
0.175691 1
0.144275 1
0.206927 2
1.216255 1
0.858500 1
0.181673 1
1.598908 3
0.651776 3
0.039342 3
0.040012 3
0.041301 3
0.040208 3
0.040162 3
0.040216 3
0.039895 3
0.039541 1
0.040633 1
1.152763 8
0.008806 74
1.217413 1
0.133210 1
0.182177 1
0.207056 1
0.169383 4
0.768819 1
0.540944 1
0.131594 1
0.505670 1
0.252317 1
1.071629 4
0.145484 4
0.792957 1
0.167796 1
0.352260 1
0.130396 1
0.258151 1
0.120892 1
0.394677 85
0.905498 16
0.242473 2
0.000033 9
0.024713 34
0.000349 19
0.000069 8
0.000022 47
1.128310 16
0.472497 13
1.152498 11
0.224240 45
2.405464 183
0.004785 8
0.000173 77
1.815980 1
0.072746 1
0.147150 2
0.000427 13
1.724778 2
0.141849 30
1.484170 2
0.087676 763
0.634550 29
0.003500 13
2.523233 1
0.408878 1
0.460636 1
0.137789 1
0.247289 2
1.127864 1
0.924248 1
0.166641 1
0.495577 1
0.536007 1
0.104563 1
0.223280 1
1.171471 1
0.484106 1
0.085080 1
0.132761 1
0.137622 1
0.347502 2
0.108235 127
0.000033 32
0.000134 195
0.000024 15
0.000084 221
0.000023 45
0.000091 128
0.537089 29
0.001249 13
20.802971 1
0.248392 1
0.106435 1
0.228071 1
0.093929 1
0.281094 1
0.617047 1
0.128739 1
0.175283 1
0.595672 1
0.191633 1
1.071938 3
0.184738 3
0.132617 3
0.149254 3
0.181358 3
0.152347 3
0.144767 3
0.550342 1
0.129979 1
0.127521 1
0.228630 2
0.787809 1
0.472213 3
0.463010 1
0.252029 2
0.000294 48
1.358399 1
0.103716 1
0.138385 6
0.801575 1
0.353926 1
0.300612 2
0.031340 2
0.066669 45
0.002801 15
0.000828 13
3.421712 15
2.007259 3
0.709309 1
0.116513 2
0.068414 186
0.000145 29
0.000059 450
0.003155 13
0.928851 15
1.616805 3
0.516119 1
0.173534 1
1.448125 1
0.739526 1
0.280018 1
0.149557 6
1.454625 1
0.293043 1
0.426623 3
0.183845 1
0.274353 1
0.504187 3
0.223326 1
0.238211 2
0.000442 137
0.000124 38
1.252473 1
0.204030 1
0.200802 8
1.161370 1
0.184412 2
0.000184 86
1.737639 1
0.631597 3
0.453437 1
0.296990 16
1.267301 1
0.211352 2
0.028902 29
0.000065 65
3.078993 3
0.540059 2
0.128824 13
1.048676 51
0.162409 32
0.153281 2
0.379774 32
0.288270 42
0.705331 2
0.349384 121
0.000180 200
0.000540 676
0.000370 547
0.000276 491
0.000284 405
0.000259 359
0.000241 303
0.000212 294
0.000223 329
0.000235 328
0.000264 360
0.000222 369
0.000228 362
0.000233 293
0.000207 280
0.000205 279
0.000192 240
0.000212 240
0.000187 279
0.000184 239
0.000191 235
0.000200 232
0.000183 232
0.000179 232
0.000185 231
0.000195 232
0.000239 233
0.000206 288
0.000173 41
0.000127 99
0.000168 178
0.000140 92
0.000153 79
0.000155 143
0.000168 204
0.000149 184
0.000147 34
0.000104 31
0.000111 43
0.000111 25
0.000122 40
0.000127 53
0.000113 22
0.000114 37
0.000114 37
0.000103 21
0.000157 110
0.000119 38
0.000123 37
0.000105 20
0.000112 35
0.000113 30
0.000116 18
0.000115 42
0.000130 50
0.000123 34
0.000148 57
0.000136 46
0.000122 33
0.000112 27
0.000129 43
0.000123 33
0.000113 31
0.000104 21
0.000111 36
0.000111 35
0.000110 35
0.000116 15
0.000124 34
0.000138 81
0.000158 96
0.000121 38
0.000149 68
0.000137 69
0.000118 44
0.000109 44
0.000127 27
0.000136 84
0.000132 55
0.000122 64
0.000127 52
0.000111 30
0.000118 44
0.000133 63
0.000136 92
0.000135 59
0.000061 2
0.000115 67
0.000054 2
0.000114 52
0.000106 47
0.000059 34
0.000123 98
0.000146 55
0.000149 33
0.000120 39
0.000141 54
0.000062 16
0.000132 54
0.000135 54
0.000062 2
0.000119 60
0.000123 33
0.000113 37
0.000128 49
0.000053 2
0.000104 37
0.000063 2
0.000114 48
0.000054 17
0.000129 36
0.000135 69
0.000158 58
0.000166 94
0.000065 13
0.000129 56
0.000131 39
0.000138 70
0.000151 154
0.000062 15
0.000130 96
0.000063 2
0.000128 79
0.000171 85
0.000175 163
0.000140 72
0.000053 2
0.000142 97
0.000054 2
0.000113 34
0.000115 36
0.000149 80
0.000127 50
0.000139 71
0.000159 168
0.000138 57
0.000184 119
0.000053 2
0.000123 51
0.000158 175
0.000136 54
0.000130 63
0.000125 45
0.000059 2
0.000117 86
0.000124 68
0.000128 74
0.000168 132
0.000055 17
0.000164 65
0.000056 53
0.000133 47
0.000062 17
0.000117 73
0.000055 17
0.000129 70
0.000132 57
0.000063 2
0.000116 76
0.000063 17
0.000127 87
0.000145 69
0.000166 139
0.000141 69
0.000063 2
0.000115 101
0.000063 2
0.000086 52
0.000052 34
0.000147 69
0.000088 54
0.000070 85
0.000067 69
0.000138 53
0.000065 40
0.000075 77
0.000066 23
0.000063 73
0.000157 45
0.000074 81
0.000058 43
0.000054 18
0.000054 1
0.000131 62
0.000056 46
0.000085 61
0.000068 64
0.000147 141
0.000086 78
0.000062 62
0.000050 47
0.000170 82
0.000063 1
0.000069 107
0.000166 2
0.000050 86
0.000065 45
0.000062 67
0.000054 18
0.000055 1
0.000145 112
0.000054 16
0.000050 2
0.000056 46
0.000053 16
0.000118 67
0.000065 2
0.000064 49
0.000053 47
0.000120 86
0.000126 66
0.000055 49
0.000061 16
0.000054 3
0.000051 46
0.000148 82
0.000076 1
0.000059 1
0.000054 53
0.000073 3
0.000091 50
0.000121 68
0.000051 101
0.000124 64
0.000059 18
0.000058 2
0.000055 36
0.000062 16
0.000054 3
0.000056 35
0.000073 19
0.000144 136
0.000079 38
0.000063 98
0.000163 84
0.000048 51
0.000049 2
0.000045 16
0.000043 2
0.000124 54
0.000057 61
0.000055 2
0.000120 68
0.000045 17
0.000053 2
0.000116 71
0.000050 53
0.000055 2
0.000044 17
0.000100 1
0.000048 60
0.000045 37
0.000113 71
0.000058 2
0.000128 69
0.000053 18
0.000058 1
0.000045 64
0.000055 2
0.000145 76
0.000056 18
0.000077 53
0.000045 18
0.000116 1
0.000048 88
0.000049 41
0.000141 74
0.000053 16
0.000053 2
0.000058 65
0.000117 21
0.000047 41
0.000060 16
0.000043 1
0.000102 77
0.000056 2
0.000052 69
0.000134 94
0.000138 92
0.000069 16
0.000044 3
0.000067 73
0.000044 2
0.000104 16
0.000036 30
0.000056 17
0.000044 33
0.000121 21
0.000052 18
0.000112 19
0.000053 37
0.000103 81
0.000058 2
0.000054 17
0.000053 2
0.000054 31
0.000120 38
0.000128 35
0.000059 2
0.000053 17
0.000045 1
0.000045 17
0.000047 2
0.000114 50
0.000056 17
0.000058 2
0.000050 18
0.000128 38
0.000125 38
0.000123 19
0.000051 36
0.000105 19
0.000054 36
0.000100 52
0.000062 2
0.000104 49
0.000060 2
0.000051 17
0.000053 2
0.000056 19
0.000126 39
0.000059 2
0.000046 18
0.000044 1
0.000049 45
0.000117 52
0.000058 2
0.000058 17
0.000045 2
0.000127 18
0.000047 39
0.000129 39
0.000050 18
0.000046 2
0.000120 58
0.000054 2
0.000108 52
0.000057 1
0.000048 39
0.000102 21
0.000056 23
0.000104 37
0.000061 2
0.000115 39
0.000055 2
0.000102 51
0.000059 2
0.000055 17
0.000044 2
0.000067 18
0.000102 21
0.000058 18
0.000045 2
0.000106 39
0.000057 17
0.000059 2
0.000050 41
0.000112 40
0.000120 19
0.000044 19
0.000039 2
0.000044 17
0.000047 2
0.000101 42
0.000056 39
0.000057 2
0.000113 53
0.000050 16
0.000057 1
0.000044 2
0.000100 19
0.000051 46
0.000057 2
0.000113 46
0.000045 16
0.000044 2
0.000109 40
0.000057 1
0.000053 21
0.000124 38
0.000049 2
0.000043 17
0.000111 61
0.000048 2
0.000120 60
0.000051 24
0.000116 21
0.000050 39
0.000507 221
0.000034 16
0.000039 2
0.000032 23
0.000033 2
0.000031 16
0.000030 2
0.000034 54
0.002320 1510
0.000047 110
0.000042 17
0.000040 2
0.000034 31
0.000047 16
0.000039 2
0.000041 72
0.000038 2
0.000039 17
0.000038 2
0.000034 40
0.000044 16
0.000031 3
0.000047 35
0.000040 2
0.000030 17
0.000030 2
0.000030 24
0.000026 2
0.000030 17
0.000031 27
0.000041 2
0.002940 2678
0.000029 71
0.000031 33
0.000026 2
0.000033 18
0.000036 33
0.000025 2
0.000024 17
0.000023 2
0.000033 52
0.000036 17
0.000026 2
0.000024 62
0.000032 17
0.000023 2
0.000025 85
0.000024 2
0.000032 18
0.000032 52
0.000025 2
0.000035 17
0.000032 2
0.000038 35
0.000033 19
0.000025 2
0.000025 82
0.000035 17
0.000028 2
0.000024 65
0.000031 17
0.000024 2
0.000024 66
0.000029 17
0.000023 2
0.000024 53
0.000031 17
0.000026 2
0.000024 63
0.000033 17
0.000026 2
0.000026 71
0.000036 17
0.000027 2
0.000024 54
0.000032 17
0.000023 2
0.000025 63
0.000037 17
0.000031 2
0.000028 71
0.000040 17
0.000031 58
0.000025 2
0.000028 16
0.000026 3
0.000026 78
0.000036 17
0.000031 2
0.000037 58
0.000046 18
0.000032 9
0.000024 2
0.000036 17
0.000031 2
0.000034 13
0.002029 1502
0.000186 1
0.000043 57
0.000026 2
0.000047 16
0.000030 2
0.000024 31
0.000052 2
0.000037 16
0.000024 2
0.000027 34
0.000023 2
0.000030 17
0.000023 2
0.000071 95
0.000036 17
0.000026 2
0.000023 37
0.000032 17
0.000025 2
0.000025 38
0.000032 17
0.000026 2
0.000023 39
0.000033 17
0.000026 2
0.000023 39
0.000033 17
0.000026 2
0.000024 39
0.000036 17
0.000025 2
0.000024 40
0.000027 17
0.000023 2
0.000025 40
0.000032 17
0.000026 2
0.000023 40
0.000031 17
0.000026 2
0.000023 42
0.000031 17
0.000025 2
0.000025 42
0.000031 17
0.000024 2
0.000037 44
0.000025 18
0.000024 43
0.000024 2
0.000023 17
0.000024 2
0.000024 45
0.000031 17
0.000027 2
0.000024 47
0.000033 17
0.000025 2
0.000024 50
0.000031 17
0.000023 2
0.000025 50
0.000034 17
0.000025 2
0.000024 50
0.000035 17
0.000032 2
0.000036 50
0.000033 17
0.000026 2
0.000041 51
0.000048 17
0.000026 2
0.000024 53
0.000033 17
0.000025 2
0.000024 59
0.000030 17
0.000026 2
0.000024 43
0.000033 17
0.000025 2
0.000024 36
0.000032 17
0.000025 2
0.000025 73
0.000036 17
0.000034 2
0.000036 62
0.000034 17
0.000026 2
0.000025 68
0.000039 17
0.000028 2
0.000024 57
0.000028 17
0.000026 2
0.000024 60
0.000029 17
0.000023 2
0.000028 79
0.000035 17
0.000027 2
0.000024 62
0.000032 17
0.000023 2
0.000026 51
0.000092 72
0.000034 27
0.000025 2
0.000026 17
0.000026 2
0.000025 41
0.000033 17
0.000026 2
0.000024 43
0.000036 17
0.000025 2
0.000024 62
0.000031 17
0.000024 2
0.000027 57
0.000035 17
0.000027 2
0.000024 61
0.000032 17
0.000023 2
0.000024 62
0.000032 17
0.000023 2
0.000027 66
0.000036 17
0.000032 2
0.000033 34
0.000034 17
0.000032 2
0.000033 34
0.000034 17
0.000023 2
0.000024 35
0.000032 17
0.000026 2
0.000023 37
0.000032 17
0.000024 2
0.000027 63
0.000035 17
0.000032 2
0.000036 63
0.000035 17
0.000024 2
0.000023 38
0.000034 17
0.000026 2
0.000023 33
0.000029 17
0.000023 2
0.000025 31
0.000032 17
0.000026 2
0.000024 46
0.000031 17
0.000024 2
0.000025 79
0.000037 17
0.000027 2
0.000023 60
0.000035 17
0.000024 2
0.000026 57
0.000032 17
0.000025 2
0.000024 30
0.000032 17
0.000026 2
0.000023 32
0.000033 17
0.000025 2
0.000024 33
0.000032 17
0.000023 2
0.000024 30
0.000032 17
0.000032 2
0.000033 40
0.000032 17
0.000022 2
0.000032 262
0.000036 17
0.000033 2
0.000030 278
0.000035 17
0.000035 2
0.000031 284
0.000056 17
0.000026 217
0.000031 17
0.000032 2
0.000029 226
0.000030 17
0.000022 2
0.000027 189
0.000036 17
0.000034 2
0.000026 201
0.000036 17
0.000027 2
0.000026 217
0.000035 17
0.000027 2
0.000026 185
0.000035 17
0.000033 2
0.000031 262
0.000036 17
0.000032 2
0.000029 204
0.000452 1985
0.000037 182
0.000024 2
0.000028 18
0.000041 197
0.000028 20
0.000032 192
0.000024 2
0.000035 17
0.000033 2
0.000036 209
0.000035 17
0.000025 2
0.000024 47
0.000034 17
0.000025 2
0.000024 57
0.000032 17
0.000026 2
0.000024 46
0.000032 17
0.000025 2
0.000024 36
0.000030 17
0.000023 2
0.000028 83
0.000036 17
0.000028 2
0.000024 66
0.000031 17
0.000025 2
0.000026 83
0.000036 17
0.000032 2
0.000036 44
0.000035 17
0.000026 2
0.000024 42
0.000268 663
0.000026 146
0.000036 17
0.000032 2
0.000037 137
0.000032 17
0.000022 2
0.000027 138
0.000036 17
0.000032 2
0.000037 148
0.000033 17
0.000026 2
0.000025 141
0.000036 17
0.000028 2
0.000025 132
0.000030 16
0.000025 3
0.000026 133
0.000169 328
0.000025 1
0.000025 218
0.000025 2
0.000031 18
0.000028 1
0.000025 206
0.000032 17
0.000034 2
0.000037 158
0.000032 17
0.000022 2
0.000045 145
0.000025 19
0.000088 156
0.000048 162
0.000102 17
0.000022 2
0.000027 159
0.000029 17
0.000022 2
0.000026 146
0.000103 298
0.000025 2
0.000036 17
0.000032 2
0.000047 126
0.000078 186
0.000025 1
0.000027 138
0.000032 17
0.000026 2
0.000024 31
0.000071 70
0.000025 1
0.000026 2
0.000023 52
0.000025 16
0.000025 3
0.000024 56
0.000071 47
0.000028 18
0.000024 29
0.000024 2
0.000023 17
0.000024 2
0.000024 34
0.000059 54
0.000060 52
0.000027 18
0.000023 2
0.000024 44
0.000024 2
0.000024 17
0.000024 2
0.000025 38
0.000060 40
0.000031 16
0.000026 3
0.000026 24
0.000057 42
0.000025 18
0.000024 2
0.000024 24
0.000024 2
0.000023 17
0.000022 2
0.000028 66
0.000025 18
0.000024 2
0.000023 35
0.000024 2
0.000023 17
0.000024 2
0.000027 45
0.000090 69
0.000024 36
0.000023 2
0.000028 17
0.000027 2
0.000023 42
0.000057 53
0.000055 48
0.000023 2
0.000026 16
0.000056 57
0.000025 3
0.000027 46
0.000073 83
0.000027 3
0.000025 48
0.000056 45
0.000025 18
0.000024 2
0.000023 55
0.000024 2
0.000023 17
0.000024 2
0.000024 34
0.000057 51
0.000025 18
0.000026 2
0.000026 60
0.000025 2
0.000027 18
0.000024 41
0.000024 2
0.000023 17
0.000024 2
0.000025 49
0.000066 288
0.000024 16
0.000023 2
0.000027 265
0.000025 2
0.000027 18
0.000049 213
0.000025 20
0.000025 207
0.000023 2
0.000117 446
0.000026 18
0.000024 208
0.000024 2
0.000084 243
0.000027 191
0.000023 2
0.000024 17
0.000033 2
0.000026 189
0.000092 234
0.000027 193
0.000073 224
0.000025 1
0.000027 2
0.000023 186
0.000025 16
0.000024 3
0.000026 200
0.000105 298
0.000069 64
0.000023 16
0.000024 2
0.000027 125
0.000023 2
0.000027 17
0.000022 2
0.000027 107
0.000024 18
0.000023 2
0.000024 125
0.000024 2
0.000091 147
0.000025 128
0.000025 2
0.000028 18
0.000025 1
0.000025 113
0.000026 18
0.000026 1
0.000023 65
0.000026 17
0.000023 2
0.000043 120
0.000027 19
0.000025 108
0.000102 240
0.000025 18
0.000023 2
0.000025 106
0.000023 2
0.000068 155
0.000026 2
0.000025 107
0.000023 2
0.000027 17
0.000026 2
0.000024 102
0.000070 121
0.000025 18
0.000026 106
0.000023 2
0.000027 17
0.000022 2
0.000027 122
0.000026 18
0.000026 2
0.000027 111
0.000024 2
0.000028 18
0.000025 1
0.000023 106
0.000026 16
0.000023 3
0.000024 106
0.000104 505
0.000024 18
0.000024 2
0.000024 204
0.000025 2
0.000094 245
0.000027 358
0.000083 242
0.000022 1
0.000026 258
0.000078 243
0.000025 2
0.000041 359
0.000026 18
0.000025 1
0.000025 206
0.000024 17
0.000024 2
0.000026 208
0.000023 17
0.000024 2
0.000027 28
0.000128 336
0.000026 113
0.000024 2
0.000026 17
0.000026 2
0.000026 191
0.000093 225
0.000031 39
0.000024 2
0.000026 17
0.000023 2
0.000028 99
0.000073 112
0.000025 2
0.000028 85
0.000059 54
0.000025 16
0.000026 2
0.000025 28
0.000024 17
0.000023 2
0.000024 18
0.000063 120
0.000032 16
0.000025 3
0.000026 101
0.000061 124
0.000059 49
0.000025 18
0.000023 2
0.000024 38
0.000052 20
0.000023 40
0.000024 2
0.000023 17
0.000025 2
0.000024 45
0.000056 62
0.000024 2
0.000023 17
0.000023 2
0.000025 49
0.000057 49
0.000032 16
0.000024 3
0.000024 34
0.000055 53
0.000024 2
0.000024 17
0.000025 2
0.000026 34
0.000055 55
0.000024 2
0.000026 17
0.000026 2
0.000024 52
0.000056 74
0.000025 2
0.000024 17
0.000023 2
0.000024 40
0.000054 63
0.000026 2
0.000023 17
0.000024 2
0.000024 35
0.000057 87
0.000025 18
0.000024 2
0.000025 65
0.000023 2
0.000025 17
0.000023 2
0.000027 80
0.000065 92
0.000025 16
0.000027 3
0.000026 73
0.000058 92
0.000032 16
0.000024 3
0.000025 77
0.000058 43
0.000055 19
0.000024 54
0.000051 19
0.000024 33
0.000069 68
0.000029 19
0.000025 27
0.000024 2
0.000026 17
0.000026 2
0.000023 47
0.000059 70
0.000031 16
0.000025 3
0.000025 80
0.000056 87
0.000027 2
0.000025 18
0.000025 73
0.000023 2
0.000026 16
0.000025 3
0.000024 58
0.000071 97
0.000024 1
0.000024 2
0.000027 73
0.000071 171
0.000025 16
0.000026 2
0.000026 155
0.000070 184
0.000027 3
0.000024 15
0.000060 103
0.000056 101
0.000026 2
0.000029 18
0.000025 1
0.000024 88
0.000027 17
0.000026 2
0.000024 91
0.000060 114
0.000031 16
0.000025 3
0.000024 107
0.000060 209
0.000032 16
0.000025 3
0.000027 193
0.000075 230
0.000026 2
0.000028 94
0.000026 18
0.000023 2
0.000024 109
0.000068 147
0.000032 16
0.000025 3
0.000023 107
0.000025 16
0.000026 3
0.000026 8
0.000026 18
0.000023 2
0.000025 24
0.000024 2
0.000026 17
0.000022 2
0.000025 175
0.000095 216
0.000026 178
0.000024 2
0.000028 18
0.000023 63
0.000024 2
0.000023 17
0.000026 2
0.000026 67
0.000085 106
0.000025 1
0.000040 69
0.000026 19
0.000024 80
0.000079 116
0.000021 2
0.000028 90
0.000025 18
0.000024 2
0.000026 91
0.000022 2
0.000026 16
0.000023 3
0.000026 95
0.000085 140
0.000026 27
0.000063 34
0.000026 17
0.000025 20
0.000026 2
0.000023 18
0.000024 30
0.000024 18
0.000024 2
0.000023 17
0.000065 37
0.000026 17
0.000023 2
0.000027 14
0.000060 50
0.000031 16
0.000023 3
0.000023 31
0.000026 17
0.000024 2
0.000024 10
0.000053 55
0.000025 2
0.000056 58
0.000027 19
0.000027 2
0.000023 23
0.000053 32
0.000023 2
0.000027 17
0.000026 2
0.000023 24
0.000032 17
0.000024 2
0.000043 30
0.000025 2
0.000022 19
0.000027 17
0.000023 2
0.000025 20
0.000025 17
0.000026 2
0.000026 12
0.000062 35
0.000027 17
0.000026 2
0.000024 21
0.000052 42
0.000023 2
0.000026 16
0.000025 3
0.000024 26
0.000048 19
0.000025 20
0.000051 50
0.000023 2
0.000026 16
0.000025 3
0.000023 25
0.000050 19
0.000025 33
0.000049 38
0.000023 2
0.000026 16
0.000025 3
0.000024 23
0.000048 19
0.000024 15
0.000048 19
0.000024 25
0.000050 49
0.000025 2
0.000050 37
0.000024 2
0.000023 17
0.000024 2
0.000023 28
0.000025 16
0.000025 3
0.000024 31
0.000024 17
0.000023 2
0.000023 26
0.000026 16
0.000025 3
0.000023 31
0.000025 16
0.000025 3
0.000022 28
0.000025 16
0.000025 3
0.000024 29
0.000068 39
0.000027 18
0.000025 1
0.000023 19
0.000027 16
0.000025 3
0.000023 18
0.000052 54
0.000023 2
0.000026 16
0.000025 3
0.000023 36
0.000049 19
0.000025 12
0.000049 52
0.000023 2
0.000025 16
0.000025 3
0.000023 26
0.000054 38
0.000025 2
0.000051 39
0.000023 2
0.000025 16
0.000025 3
0.000024 23
0.000048 19
0.000024 27
0.000051 46
0.000023 2
0.000025 16
0.000025 3
0.000077 75
0.000024 17
0.000027 34
0.000025 2
0.000025 18
0.000026 1
0.000023 28
0.000026 17
0.000067 2
0.000025 80
0.000024 2
0.000023 17
0.000024 2
0.000048 35
0.000024 19
0.000045 28
0.000024 19
0.000057 51
0.000024 2
0.000048 20
0.000025 19
0.000044 21
0.000025 19
0.000047 42
0.000025 2
0.000024 25
0.000051 42
0.000023 2
0.000044 16
0.000024 28
0.000047 19
0.000024 27
0.000050 41
0.000025 2
0.000048 19
0.000025 23
0.000048 19
0.000024 27
0.000050 38
0.000023 2
0.000026 16
0.000025 3
0.000041 24
0.000023 18
0.000024 29
0.000050 20
0.000023 22
0.000044 2
0.000044 19
0.000023 45
0.000047 2
0.000025 32
0.000043 2
0.000050 43
0.000028 50
0.000026 2
0.000050 23
0.000044 20
0.000043 30
0.000044 22
0.000025 19
0.000027 19
0.000044 2
0.000044 19
0.000042 45
0.000024 27
0.000052 50
0.000024 2
0.000026 17
0.000027 2
0.000046 27
0.000044 19
0.000024 31
0.000044 2
0.000027 23
0.000025 18
0.000041 20
0.000042 19
0.000024 23
0.000050 48
0.000025 2
0.000047 19
0.000025 25
0.000048 19
0.000024 17
0.000047 19
0.000025 30
0.000052 52
0.000023 2
0.000026 17
0.000045 2
0.000025 34
0.000043 2
0.000025 43
0.000026 2
0.000026 23
0.000045 2
0.000041 37
0.000042 19
0.000024 23
0.000051 34
0.000025 2
0.000049 19
0.000024 17
0.000052 44
0.000022 2
0.000026 16
0.000025 3
0.000041 20
0.000028 19
0.000026 27
0.000065 38
0.000051 19
0.000025 24
0.000048 19
0.000025 20
0.000043 2
0.000024 34
0.000044 2
0.000024 44
0.000046 2
0.000025 50
0.000046 2
0.000025 41
0.000045 2
0.000026 53
0.000045 2
0.000023 19
0.000042 29
0.000027 19
0.000044 36
0.000024 19
0.000052 51
0.000025 1
0.000026 14
0.000026 19
0.000044 2
0.000025 35
0.000046 2
0.000043 49
0.000024 17
0.000027 19
0.000048 2
0.000043 26
0.000046 21
0.000024 49
0.000044 2
0.000025 19
0.000024 29
0.000050 32
0.000025 18
0.000047 2
0.000024 34
0.000043 2
0.000024 28
0.000042 2
0.000024 28
0.000043 2
0.000024 29
0.000042 2
0.000023 37
0.000046 2
0.000024 24
0.000027 18
0.000044 17
0.000024 20
0.000027 15
0.000046 2
0.000043 32
0.000042 19
0.000024 23
0.000052 30
0.000024 2
0.000051 19
0.000024 15
0.000050 19
0.000026 13
0.000025 17
0.000042 2
0.000024 37
0.000043 2
0.000025 25
0.000045 2
0.000023 33
0.000043 2
0.000028 17
0.000024 18
0.000041 17
0.000041 19
0.000024 25
0.000048 19
0.000025 20
0.000051 37
0.000024 2
0.000049 19
0.000024 27
0.000049 38
0.000023 2
0.000027 17
0.000044 2
0.000025 38
0.000050 25
0.000024 17
0.000051 27
0.000024 16
0.000027 3
0.000044 25
0.000031 19
0.000027 23
0.000050 48
0.000044 2
0.000044 18
0.000023 41
0.000047 1
0.000026 41
0.000045 2
0.000025 26
0.000025 18
0.000044 20
0.000024 20
0.000046 1
0.000025 44
0.000048 1
0.000026 42
0.000047 27
0.000044 20
0.000028 23
0.000025 18
0.000044 31
0.000028 20
0.000025 37
0.000048 2
0.000043 33
0.000023 20
0.000026 19
0.000046 2
0.000041 39
0.000023 19
0.000047 2
0.000026 36
0.000025 2
0.000046 26
0.000047 19
0.000025 36
0.000045 2
0.000025 36
0.000026 3
0.000046 21
0.000044 19
0.000027 39
0.000045 2
0.000024 43
0.000027 3
0.000046 24
0.000048 19
0.000042 42
0.000048 29
0.000045 19
0.000027 50
0.000048 21
0.003624 41
0.001495 2890
0.000669 1779
0.000178 833
0.000061 90
0.000028 105
0.000027 66
0.000027 94
0.000027 95
0.000028 82
0.000028 83
0.000041 115
0.000038 61
0.000027 72
0.000040 144
0.000027 87
0.000034 91
0.000031 137
0.000028 130
0.000025 65
0.000034 130
0.000031 221
0.000028 111
0.000024 56
0.000032 94
0.000030 182
0.000032 37
0.000042 243
0.000055 290
0.000028 117
0.000028 95
0.000037 121
0.000028 81
0.000025 36
0.000025 90
0.000037 168
0.000026 57
0.000032 25
0.000029 158
0.000031 42
0.000030 141
0.000023 33
0.000318 157
0.000031 1074
0.000026 104
0.000024 97
0.000036 163
0.000028 80
0.000024 46
0.000037 163
0.000026 63
0.000024 17
0.000032 84
0.000031 179
0.000024 43
0.000031 86
0.000028 145
0.000037 77
0.000051 212
0.000038 114
0.000062 49
0.000048 151
0.000029 65
0.000027 90
0.000026 89
0.000027 79
0.000024 48
0.000024 107
0.000288 98
0.000030 1022
0.000025 117
0.000025 94
0.000031 85
0.000025 99
0.000025 81
0.000036 329
0.000023 53
0.000025 43
0.000035 167
0.000025 49
0.000031 175
0.000030 42
0.000029 169
0.000032 31
0.000024 98
0.000031 181
0.000031 60
0.000038 125
0.000058 426
0.000036 109
0.000030 96
0.000027 65
0.000024 30
0.000287 67
0.000034 80
0.000018 1146
0.003719 13
10.119311 1
0.350963 1
0.700955 1
0.382658 1
0.254002 1
0.522180 1
0.120433 1
0.317226 1
0.094113 1
1.611867 1
0.588104 1
0.126784 1
0.746374 1
0.272461 1
0.252107 1
0.229745 1
0.106692 1
0.176168 1
0.573570 3
0.168919 3
0.170065 3
0.149394 3
0.114445 3
0.436183 1
0.058452 1
0.153500 1
0.090274 1
0.109799 1
0.426968 1
0.114382 1
0.180026 1
0.174771 1
0.475508 1
0.153191 1
0.156000 1
0.148237 1
0.113115 1
0.335843 1
0.319977 1
0.169162 1
0.118135 1
0.128587 1
1.299175 3
0.140600 3
0.181510 3
0.715734 1
0.227092 1
0.418027 1
0.289850 1
0.275405 2
0.000445 13
3.107097 1
0.059055 1
0.155446 1
0.828944 1
0.222143 1
0.758773 1
0.206319 1
0.259348 1
0.122349 9
1.803315 1
0.106039 1
0.143317 7
0.413181 2
0.145420 8
0.000843 54
0.006422 1447
0.733163 6
0.000140 12
0.000159 4
0.190832 6
0.000082 12
0.000068 4
0.187956 22
0.145584 22
0.521087 21
1.322384 6
0.000061 12
0.000109 4
0.263930 22
0.671452 21
1.058899 6
0.000060 12
0.000083 7
0.361920 19
0.465777 56
0.000053 3
1.011757 21
0.060392 21
0.171198 19
1.227141 6
0.000131 12
0.000100 5
0.066977 23
0.108175 23
0.152002 23
0.579007 6
0.000161 12
0.000133 5
0.087241 40
0.162666 23
0.097559 23
0.125328 23
0.407753 6
0.000143 12
0.000163 5
0.325077 6
0.000120 12
0.000110 5
0.167719 6
0.000117 12
0.000071 1
0.000047 6
0.107809 23
0.112711 23
0.316429 6
0.000146 12
0.000163 5
0.919240 23
0.741375 23
0.529496 6
0.000163 12
0.000141 5
1.523968 23
1.414013 292
0.865808 364
0.152889 14
0.000078 37
0.055164 31
0.000034 40
0.000240 9
0.000028 52
0.014572 13
6.428881 26
0.156792 47
0.232802 46
0.331871 65
0.420288 32
0.343481 2
0.258591 32
0.373410 42
0.503541 37
0.399522 2
0.433219 12
0.000619 170
0.008487 13
30.490249 1
0.168035 1
0.327477 1
0.722503 1
0.000058 6
0.000056 3
0.000046 5
0.000058 3
0.000047 3
0.000063 4
0.000043 4
0.444329 2
0.000296 13
3.798148 1
0.137381 1
0.244608 1
0.144198 1
0.886972 1
0.376372 1
0.129607 1
0.232467 1
1.304912 1
0.091921 1
0.245634 1
1.003541 1
0.201391 1
0.205961 1
0.107208 1
1.056582 1
0.356097 1
0.292866 1
0.426126 3
0.168063 1
0.216691 1
0.121355 1
0.545398 2
0.099057 1598
0.000443 2535
0.000472 2048
0.000411 2047
0.000339 2048
0.000330 2047
0.000386 2048
0.000334 2047
0.000119 4095
0.000052 2592
0.002107 13
7.659564 1
0.464305 1
0.276755 1
0.206164 1
0.147179 5
1.809527 1
0.566024 1
0.139316 9
1.490039 1
0.092896 1
0.161343 2
0.652998 1
0.061072 1
0.106883 2
0.526848 1
0.835880 1
0.184961 1
1.396497 1
0.382920 1
0.432565 3
0.331000 1
0.130560 1
0.161430 1
0.958998 1
0.121756 1
0.395835 1
0.104627 1
0.202960 1
0.237439 1
0.237039 1
0.208396 1
0.178754 1
0.542501 1
0.612125 1
0.548518 2
0.103497 447
0.000223 2048
0.000229 85
0.000133 1717
0.002169 13
6.103039 45
0.479837 1
0.669478 1
0.038746 1
0.039608 1
0.042750 1
0.039742 1
0.040404 1
0.039540 1
0.291940 1
0.682106 5
0.252903 5
0.100233 5
0.119786 5
0.237526 5
0.537300 5
0.085355 5
0.237739 5
0.192801 5
0.280303 5
0.162876 5
0.161907 5
0.431466 5
0.351002 5
0.135157 5
0.272547 2
0.136918 317
0.000049 105
0.002460 13
21.028672 1
0.208489 1
0.120662 1
0.070130 1
0.492678 3
1.032626 1
0.419773 1
0.319987 1
0.437726 1
0.274319 1
0.089205 1
0.142441 1
0.290270 2
0.085468 11
0.003577 13
1.186400 10
0.864277 3
0.330464 3
0.163965 3
0.410188 3
3.954253 1
0.159175 1
0.217820 1
0.223629 1
0.153003 1
2.490764 2
0.057806 13
0.815587 11
0.213536 1
0.244671 2
0.052284 13
1.455316 12
0.159098 4
0.261616 13
0.262800 70
0.888037 27
0.131034 9
0.122621 1
0.198358 15
0.165931 1
0.147991 1
0.181094 1
7.367046 1
0.171350 1
0.058959 1
0.119436 1
0.136733 1
0.259022 1
0.545697 1
0.085132 1
0.191515 1
0.256789 1
0.314968 1
0.181354 1
0.317072 2
0.058618 17
0.002670 13
1.699321 1
0.780471 3
0.153223 1
0.542744 1
0.082296 1
0.193129 1
0.140593 1
0.123884 1
0.481951 1
0.495033 1
0.105945 1
0.237747 1
0.576565 1
0.366726 1
0.302720 1
0.069999 1
0.196716 1
0.248391 2
0.171557 44
0.005424 13
0.927328 14
0.715927 3
0.154447 3
0.173056 3
0.418761 3
0.158121 3
0.155272 3
0.158892 3
0.169215 3
0.528766 1
0.098495 1
0.168168 2
0.586362 1
0.074115 1
0.164504 2
1.462833 1
0.074471 1
0.189750 1
0.173977 1
1.689662 1
0.300024 1
0.156241 1
0.267835 2
0.064917 50
0.002217 13
8.657070 1
0.186369 1
0.176945 1
0.295324 1
0.175068 3
0.978612 1
0.537187 1
0.202812 1
1.024369 1
0.396973 1
0.126249 1
0.129290 1
0.185290 2
2.110704 1
0.228927 1
0.300746 1
0.139510 1
1.052938 1
0.407414 1
0.213288 1
0.202804 1
0.150322 3
1.158290 1
0.356598 2
0.055552 646
0.000053 1292
0.000217 323
0.000085 646
0.000037 646
0.000115 323
0.000034 646
0.000109 323
0.000034 646
0.000105 323
0.000045 646
0.000147 323
0.000034 646
0.000111 323
0.000033 646
0.000107 323
0.000028 323
0.002045 13
16.051190 1
0.156973 1
0.392869 1
1.835739 1
0.083870 1
0.184177 1
0.749569 3
0.241036 3
0.110580 3
0.302349 3
0.196120 3
0.066710 3
0.699472 7
0.342534 1
0.254348 1
0.934905 1
0.356067 1
0.135649 1
0.176601 1
0.446385 1
0.379729 1
0.455978 1
0.239008 1
0.129805 1
0.184755 1
0.199095 1
0.106143 1
0.102788 1
0.161798 1
0.573077 1
0.209980 1
0.220717 1
0.211792 1
0.175517 1
0.170094 1
0.136305 2
0.000144 13
0.841470 1
0.111159 1
0.363008 1
6.757049 1
0.266496 1
0.111748 1
0.193565 1
0.261573 1
0.977268 1
0.488610 1
0.335684 1
0.145457 1
0.211317 1
0.178692 1
0.110832 1
0.112391 1
0.741044 1
0.111548 1
0.135715 1
0.192968 1
0.136191 1
0.284594 1
0.134896 1
0.343902 1
0.199356 1
0.135014 2
0.000543 13
1.915100 1
0.149099 1
0.415329 1
0.221029 1
0.159151 1
0.415072 1
0.451237 2
0.237119 77
0.005957 77
0.003352 98
0.004253 94
0.003587 93
0.003290 91
0.003235 87
0.003213 88
0.003233 94
0.003393 88
0.003256 75
0.006048 75
0.004222 84
0.002892 13
21.510578 1
0.095404 1
0.192269 1
0.194949 1
1.025224 1
0.142800 1
0.999001 1
0.094889 1
0.187788 2
0.609432 16
0.362351 152
0.000159 2
0.000064 16
0.000064 2
0.000106 32
0.000065 2
0.000059 2
0.000059 20
0.000058 2
0.000060 26
0.000058 2
0.000060 35
0.000060 2
0.000061 36
0.000059 2
0.000060 24
0.000059 2
0.000058 33
0.000058 2
0.000058 34
0.000059 2
0.000079 25
0.000058 2
0.000058 25
0.000059 2
0.000059 28
0.000057 2
0.000057 32
0.000059 2
0.000058 4
0.577703 17
0.000113 46
0.664034 17
0.000049 44
0.040959 17
0.000052 43
0.039829 66
0.039840 65
0.040293 17
0.000075 46
0.040064 61
0.039928 33
0.000034 32
0.039844 69
0.040014 66
0.039950 65
0.040061 33
0.000046 34
0.040104 61
0.039630 63
0.039458 17
0.000047 50
0.040259 77
0.040121 39
0.245836 79
0.628112 87
0.041993 83
0.039983 80
0.039908 80
0.040477 89
0.039891 88
0.040116 79
0.039318 91
0.040263 90
0.040071 81
0.040729 75
0.039640 55
0.040450 87
0.038897 71
0.039990 55
0.040613 205
0.039538 42
0.040732 42
0.040198 42
0.039659 42
0.039963 42
0.171822 19
0.020064 13
13.541345 1
0.131789 1
0.347091 1
0.724644 1
0.086549 1
0.177860 1
0.651520 3
0.359481 3
0.134696 3
0.697952 3
0.167381 3
0.283526 1
0.834198 1
0.757987 1
0.203694 1
0.131610 1
0.692367 1
0.481570 3
0.097948 1
0.234253 1
0.177347 1
0.174145 1
0.294064 1
0.647088 3
0.364741 1
0.177873 1
0.464883 1
0.121094 1
0.160440 1
0.273050 1
0.231574 1
0.119827 1
0.288660 2
0.000465 13
0.705777 1
0.151001 1
0.353481 1
6.247358 1
0.317239 1
0.228331 1
0.220456 1
0.131752 1
0.103348 1
0.556040 1
0.280046 1
0.270028 1
0.158002 1
0.263255 1
0.802473 3
0.387431 1
0.114567 1
0.243489 2
0.000432 13
3.969855 1
0.295077 1
0.161230 1
0.072933 1
0.088256 1
0.238104 1
0.397902 2
0.869320 42
0.000179 2
0.000096 74
0.000081 2
0.000074 54
0.000080 2
0.000117 87
0.000078 2
0.000080 2
0.000124 49
0.000093 28
0.000119 2
0.000159 72
0.047536 4
1.483024 1
0.175662 1
0.654621 1
0.206474 1
0.064707 1
0.099381 1
0.113795 1
0.676482 1
0.129124 1
0.108956 1
0.401637 2
0.003025 4
0.576107 1
0.115788 1
0.111729 1
0.600816 1
0.360525 1
0.115234 1
0.068481 1
0.248931 5
0.882262 5
1.189094 1
0.244031 1
0.141923 1
0.151927 1
0.121237 1
0.292206 12
0.003145 4
1.175003 2
0.000133 2
0.009824 13
0.419285 6
0.801564 1
0.105306 2
0.724814 177
0.322117 4
0.756304 1
0.192738 1
0.149458 1
0.160935 1
0.060003 1
0.191746 1
0.457972 1
0.127579 4
0.924319 1
0.060831 1
0.147820 1
1.576656 1
0.104678 1
0.918386 2
0.001091 4
0.649399 1
0.125339 1
0.195365 1
0.528329 1
0.140873 1
0.466438 1
0.361986 1
0.822279 1
0.086838 1
0.171131 1
0.652148 1
0.115831 1
0.165272 1
0.596184 3
0.263941 3
0.381180 1
0.593675 5
0.248195 5
0.111328 5
0.150245 5
0.119759 5
0.213789 2
0.088531 8
0.001247 3
0.001027 4
0.531329 18
0.273719 1
0.442914 1
0.523876 5
0.141280 5
0.219079 5
0.194064 2
0.076478 58
0.001237 3
0.000620 4
1.343751 4
0.024829 13
5.234934 1
0.155144 1
0.335196 1
0.707061 1
0.206846 1
0.264546 1
0.474835 1
0.111204 1
0.122936 1
0.186282 1
0.138062 1
0.577000 1
0.149876 1
0.099371 1
0.699109 1
0.177511 1
0.293684 1
0.144651 1
2.029905 2
0.000849 13
2.220441 1
0.267587 1
0.573649 1
0.135576 1
0.331611 2
0.103920 6
0.003036 13
4.180790 1
0.322484 1
0.187477 1
0.152204 1
0.328061 1
0.148180 1
0.452861 1
1.227350 1
0.283920 1
0.353137 1
0.166191 1
1.030086 2
0.198450 168
0.166228 41
0.000589 14
0.000170 227
0.000363 125
0.000144 17
0.003630 223
0.000347 69
0.000483 315
0.002346 605
0.003120 837
0.002386 626
0.002209 628
0.002641 727
0.004851 1185
0.000376 30
0.000434 314
0.000488 294
0.000309 77
0.000323 122
0.001485 111
0.001951 13
6.937960 1
0.169974 1
0.366863 1
0.600908 1
0.344849 1
0.137848 1
0.924275 1
0.237509 1
0.440733 1
0.199772 1
0.276016 1
0.340536 1
0.139974 1
0.274789 1
0.131910 1
0.233734 1
0.182756 1
0.150882 1
0.099730 1
0.366991 1
0.281860 1
0.128117 1
0.462295 1
0.114143 1
0.322272 1
0.190437 1
0.197755 1
0.226250 2
0.000750 13
1.637779 1
0.176401 1
0.188672 1
0.247379 1
0.809236 1
0.094093 1
0.265922 1
0.413296 1
0.167479 1
0.311949 1
0.347414 1
0.267532 1
0.117021 1
0.266582 1
1.282436 2
0.115238 18
0.000043 280
0.000168 122
0.000033 152
0.003378 13
8.428097 1
0.148356 1
0.105768 1
0.090977 1
0.269800 1
0.500149 1
0.152399 1
0.200247 1
0.274475 1
0.767766 1
0.435403 3
0.245228 1
0.106783 1
0.715726 1
0.346380 1
0.144406 1
0.596569 1
0.700446 1
0.106427 1
0.349628 1
0.216308 1
0.262408 1
0.150458 1
0.413871 2
0.126348 9
0.004011 105
0.000146 316
0.008243 13
24.517203 1
0.563775 1
0.375950 1
1.249579 1
0.194149 1
0.289569 1
0.587919 1
0.096571 1
0.228553 1
0.192859 1
0.141965 1
0.535694 1
0.109774 1
0.225548 1
0.607126 1
0.141194 1
0.743547 1
0.098804 1
0.194986 2
0.000315 13
1.447898 1
0.464296 1
0.127909 1
0.248931 1
0.627269 3
0.178346 3
0.137350 3
0.559250 1
0.155661 1
0.145326 1
0.264575 1
1.231023 1
0.203991 1
0.182884 1
0.156337 1
0.177450 1
1.536649 3
0.651461 1
0.423767 1
0.099848 1
0.999546 1
0.353810 1
0.259146 1
0.212400 1
0.231838 1
0.256090 1
0.213455 1
0.378433 1
0.502212 1
0.177711 1
0.305252 1
0.141170 2
1.798329 1302
0.008155 13
7.107818 1
0.180928 1
0.374738 1
1.009709 1
0.441588 1
0.125162 1
0.377720 1
0.686311 1
0.186775 1
0.097560 1
0.486560 1
0.501716 3
0.558667 1
0.155521 1
0.532942 1
0.517860 3
0.683105 1
0.187138 1
0.486858 1
0.229531 1
0.300852 1
0.135522 1
1.898557 1
0.170844 1
0.182750 1
0.190068 1
0.181238 1
0.188728 1
0.138992 1
0.184453 1
0.341608 1
0.179683 1
0.385975 1
0.375024 5
0.419608 2
0.000593 13
2.006310 1
0.153538 1
0.048580 1
0.310217 1
0.112670 1
0.298648 1
0.349893 2
0.097665 7
0.002679 13
0.918615 1
0.155717 1
0.107206 1
0.139568 1
0.272248 1
0.593626 1
0.149585 1
0.081017 1
0.339061 1
0.165326 1
0.300466 1
0.327042 2
0.089987 6
0.001925 13
16.475631 1
0.724117 1
0.187871 1
0.541330 1
0.586705 1
0.399839 1
0.135265 1
0.068349 1
0.242917 1
1.373791 1
0.282195 1
0.133699 1
0.396768 1
0.112099 1
0.138683 1
0.150834 1
4.360501 1
0.516073 3
0.110836 1
0.124405 1
0.512965 1
1.177939 1
0.394171 1
0.399241 1
0.228632 1
0.124521 1
0.137672 1
0.925266 2
0.000316 13
2.223586 1
0.179288 1
0.042673 1
0.168812 1
0.303952 1
1.962483 1
0.171214 1
0.208912 1
0.109836 1
0.149571 1
0.250755 1
2.181766 3
0.661549 3
0.039602 3
0.040373 3
0.040426 3
0.039848 3
0.039708 3
0.039833 3
0.040168 3
0.040226 3
0.040208 3
0.039180 1
0.040558 1
0.040623 1
0.501331 1
0.100202 1
0.162172 1
0.213657 1
0.106867 1
0.227335 1
0.821068 1
1.716877 1
0.084524 1
0.424556 2
0.029921 2
0.126990 15
0.000797 13
2.181883 1
0.096764 1
0.192690 1
0.153517 1
0.109291 1
0.524709 1
0.411465 1
0.091794 1
0.403427 2
0.051052 12
0.002065 13
2.026906 1
0.125758 1
0.668753 3
0.152870 3
0.152230 1
0.681809 1
0.261838 1
0.604667 3
0.227973 1
0.223226 1
0.522335 1
0.409760 1
0.206349 1
0.166416 1
0.525084 1
0.502946 1
0.090081 1
0.407642 2
0.077284 48
0.002985 13
4.553298 10
0.477328 3
0.109754 3
0.474175 2
0.115829 66
0.005768 13
9.963512 1
0.115010 1
0.145634 1
0.097787 1
0.276126 1
2.509684 1
0.130403 1
0.254019 1
0.164674 1
0.107600 1
0.261674 1
0.907938 1
0.376158 1
0.147589 1
0.263050 1
0.139305 1
0.226350 1
0.532943 2
0.082221 13
0.506659 17
0.154061 26
0.460300 2
0.068223 66
0.002871 13
0.513053 8
0.148052 25
0.403482 26
0.537469 2
0.925374 3
0.591995 1
0.236180 1
0.125862 1
1.013579 1
0.403675 2
0.072963 51
0.003467 13
3.866767 1
0.114565 1
0.119331 1
0.068097 1
0.262241 1
0.584405 1
0.103949 1
0.224219 1
0.161578 1
0.114184 1
0.249681 1
0.743314 1
1.188101 1
0.290007 6
1.128532 3
0.202184 3
0.174371 3
0.139920 3
0.204757 3
0.084658 3
0.147520 3
0.582871 1
0.256247 1
0.212638 1
0.139032 5
0.676077 1
0.211701 10
2.200198 1
0.075672 1
0.519542 2
0.097084 7
0.000144 43
0.002023 13
14.780839 1
0.400645 1
0.363946 1
1.036939 3
0.170169 3
0.499521 3
0.339632 2
0.000601 13
0.138586 2
0.000463 13
0.783985 1
0.162967 1
0.336476 1
0.880238 1
0.188059 1
0.205313 1
0.137011 1
0.246273 1
0.106033 1
0.558050 1
0.113332 1
0.223867 1
0.200485 1
0.140657 1
0.353062 1
0.159013 1
0.099432 1
0.235450 1
0.137335 1
0.176758 1
0.136273 1
0.278541 1
0.197531 1
0.132982 1
0.143648 2
0.000447 13
8.631697 120
0.043334 34
0.241991 13
0.977756 118
0.350737 14
0.320277 1
0.663240 1
0.039371 1
0.040547 1
0.039948 1
0.039854 1
0.040081 1
0.039659 1
0.039598 1
0.040502 1
0.040056 1
0.040341 1
0.039472 1
0.590383 5
0.670254 5
0.039419 5
0.039943 5
0.040446 5
0.039667 5
0.040048 5
0.039940 5
0.040281 5
0.039828 5
0.040500 5
0.039560 5
0.039615 5
0.040495 1
0.039935 1
0.040146 1
0.039870 1
0.039851 1
0.467457 2
5.505545 20
0.000052 2
0.021733 13
10.900438 105
0.461642 3
0.652663 3
0.042071 3
0.039274 3
0.040265 3
0.040107 3
0.040274 3
0.039889 3
0.039754 3
0.039832 3
0.039529 3
0.041664 3
0.038578 3
0.040691 3
0.040085 3
0.039385 3
0.040687 3
0.039180 3
0.040243 3
0.040114 3
0.039943 3
0.040305 3
0.039759 3
0.040399 3
0.039739 3
0.040116 3
0.039536 3
0.317709 3
0.184541 3
0.906624 1
0.515176 1
0.719307 1
0.163187 1
0.173964 1
0.148883 1
0.587424 1
0.220106 1
0.314722 1
0.291994 1
0.154019 2
1.259599 13
2.917560 1
0.304129 1
0.177286 1
0.094790 1
0.095673 1
0.315502 1
0.253881 1
1.209357 1
0.133551 1
0.188924 1
0.143694 1
0.484888 1
0.764426 1
0.476418 1
0.161562 1
0.175590 1
0.574190 1
0.175455 1
0.075388 1
0.211522 1
0.176164 1
0.183469 1
0.139323 1
0.202353 1
1.140939 1
0.268408 1
0.306273 1
0.223090 1
0.206903 1
0.242945 2
0.598531 58
0.018712 13
1.591480 29
0.681219 14
0.601662 5
0.150715 5
0.124798 5
0.165229 5
0.114995 5
0.325429 2
2.879900 22
0.023665 13
0.981655 34
1.654758 3
0.160601 3
0.172885 3
0.160145 3
0.168889 3
0.726743 1
0.133866 1
0.259322 2
2.625604 17
0.000214 2
0.029065 13
7.905667 1
0.201338 1
0.176914 1
0.424393 1
0.556175 1
0.257941 1
0.295429 1
0.085514 1
0.151452 1
0.177160 1
0.234814 1
0.335394 1
0.416590 1
0.121754 1
0.096873 1
0.612686 1
0.335750 1
0.295267 1
0.152180 1
0.368982 1
0.119113 1
0.144866 1
0.582968 1
0.330574 1
0.120118 1
0.233673 1
0.881977 3
0.154080 3
0.160397 3
0.413509 3
1.084656 1
0.313858 1
0.196654 1
0.142311 1
0.770211 1
0.336373 1
0.338563 1
0.170928 1
0.261243 2
0.000454 13
8.201637 2
0.001098 13
0.861517 2
0.000453 13
0.508448 1
0.177544 1
0.339953 1
0.808195 1
0.307549 1
0.453751 1
0.268698 1
0.520199 1
0.131589 1
0.288484 1
0.166545 1
0.215494 1
0.158130 1
0.161752 1
0.120827 1
1.430181 1
0.396426 1
0.228619 1
0.500586 1
0.189204 1
0.192844 1
0.180417 1
0.145119 1
0.231900 1
0.691174 1
0.369612 1
0.310847 1
0.164079 1
0.208233 1
0.165014 1
0.278469 1
0.215005 1
0.138213 1
0.136269 2
0.000562 13
0.961830 1
0.159980 1
0.145619 2
0.024383 29
0.002008 13
3.298235 1
0.322903 1
0.160901 1
0.418966 1
2.042670 1
0.321657 1
0.234227 1
0.984296 3
0.152781 3
0.149661 3
1.613865 1
0.287544 1
0.126059 1
0.228327 1
0.175749 1
0.387771 3
0.151244 3
0.165591 1
0.209688 3
0.152073 3
0.129331 1
0.308228 1
1.371438 1
0.258021 1
0.240405 1
0.228037 1
0.201388 1
0.182936 1
0.518424 1
0.138112 1
0.197305 1
0.248508 1
0.173719 1
0.087714 1
0.106962 1
0.407873 1
0.057295 1
0.243603 1
0.295447 1
0.134693 1
0.014444 1
0.178800 1
0.178698 1
0.013552 1
0.162733 1
0.248879 1
0.583080 1
0.091928 1
0.203279 2
0.000285 13
119.267663 1
0.316910 1
0.162350 1
0.086667 1
0.149798 1
0.810595 1
0.541078 82
0.755748 1
2.158729 2
0.439474 109
0.203071 69
0.518156 22
0.000304 2
0.000359 13
0.000302 2
0.000408 101
19.400315 2
0.017276 2
0.019310 13
1.902394 1
0.178632 1
0.145959 1
0.721857 1
0.662339 1
0.160899 1
0.238700 1
0.109350 1
0.511858 1
0.128783 1
0.329093 1
0.078756 1
0.314668 1
0.279798 1
0.164065 1
0.252859 1
0.392632 1
0.140565 1
0.124703 1
0.136533 1
0.150979 1
0.024862 1
0.212713 1
0.225442 1
0.179120 1
0.118370 1
0.312793 2
0.000611 13
2.398994 1
0.072382 1
0.249540 1
2.662012 1
0.778153 1
0.279541 1
0.231531 1
0.116657 5
1.044078 1
0.472343 1
0.123247 1
0.248425 8
1.803347 1
0.098164 1
0.230238 3
0.255939 1
0.185752 1
0.141689 4
0.642616 1
0.257662 1
0.117314 1
0.095239 7
1.296869 1
0.133159 1
0.262600 13
0.846214 1
0.262270 2
0.088636 13
1.608458 1
0.117346 1
0.064564 1
0.198787 1
0.166518 1
0.160918 1
0.145461 1
0.117354 1
0.092329 1
0.088934 1
0.718917 1
0.298116 1
1.021107 1
0.206237 1
0.178811 1
1.125108 1
0.115301 1
0.371364 13
1.299805 1
0.292839 1
0.196625 1
0.184586 1
0.253822 1
0.133684 1
0.133306 1
0.157844 1
0.475773 1
0.303781 2
0.134465 53
0.000148 88
0.002463 74
0.002623 29
1.238395 34
0.004365 13
1.606034 1
0.629209 3
0.132764 1
0.459227 1
0.135587 1
0.231018 2
0.346769 62
0.006631 7
0.151271 56
0.000160 26
0.000328 26
0.004421 2553
0.001385 26
0.001029 26
0.002969 2699
0.927217 289
0.187828 292
0.159431 293
0.108422 363
0.238595 299
0.165496 276
0.115137 305
0.578498 532
0.174952 272
0.160298 269
0.163967 273
0.153204 495
0.169057 303
0.703526 359
0.161785 271
0.151368 270
0.395510 268
0.372740 268
0.209328 270
0.168602 271
0.624932 303
0.521073 312
0.282856 316
0.180865 644
0.173070 296
0.809209 304
0.163432 307
0.155001 904
0.157890 312
0.448471 321
0.170772 324
0.167048 1046
0.859773 300
0.850077 300
1.344346 300
0.989233 300
0.149484 306
1.850533 306
0.171997 300
0.156181 294
0.150502 310
0.212020 1086
0.160938 329
0.233444 326
1.272633 326
0.171444 329
0.160636 330
0.128621 298
0.658707 283
0.039920 300
0.039614 306
0.043755 1056
0.036557 320
0.040546 302
0.038926 305
0.041094 1041
0.040482 293
0.039350 296
0.040841 311
0.039815 858
0.038193 311
0.039804 359
0.041446 271
0.041995 567
0.036992 268
0.040198 272
0.039832 303
0.041786 574
0.038270 275
0.039883 299
0.670235 299
0.294366 275
0.159331 303
0.078724 358
0.924158 303
0.220076 358
0.176371 275
0.177702 299
0.169753 299
0.320561 467
0.691422 292
0.729047 292
0.164146 293
1.357839 33
0.003260 848
0.000431 13
3.567924 1
0.000247 3
1.816558 3
0.173652 3
3.601516 1
1.080345 103
0.003501 3
0.030236 28
0.020359 72
0.005900 2807
0.002005 1836
4.810892 288
1.678910 288
0.419750 26
0.004294 989
0.409081 363
0.171254 299
0.176111 276
0.140110 305
0.174524 532
0.544984 272
1.179041 269
0.421929 269
0.498949 272
0.326282 36
0.004081 593
1.014117 293
0.164936 307
0.169582 313
0.157197 298
0.156175 298
0.186900 306
0.160307 313
0.135675 538
0.139516 324
0.168294 313
0.280508 307
0.176253 417
0.889227 303
0.173117 296
0.136473 312
0.136467 324
0.141780 328
0.147671 310
0.148318 305
0.141674 694
0.136901 298
0.541860 313
0.359454 26
0.002384 594
0.000346 29
2.455468 301
0.185047 294
0.365978 291
0.147703 293
0.369758 291
0.164151 307
0.139660 305
0.143835 479
0.157978 290
0.245188 287
0.159631 294
0.164228 568
0.151525 282
0.163675 317
0.186543 324
0.374072 314
0.157228 306
0.149265 282
0.161485 291
0.215325 292
0.152619 286
0.162948 290
0.165733 629
0.146336 303
0.425309 289
0.174248 291
0.151048 451
0.387973 291
0.183655 294
0.440862 294
0.149504 291
0.639794 31
0.003166 780
0.000336 11
0.361834 289
0.327228 291
0.411341 26
0.003616 970
0.000296 20
0.399980 289
0.161430 292
0.141719 293
0.135423 363
0.150847 299
0.144776 276
0.131641 305
0.242467 532
0.213886 272
0.241583 269
0.154393 273
0.269304 495
0.196765 303
0.203884 312
0.166568 316
0.155125 644
0.146536 296
0.265550 304
0.172534 307
0.185591 904
0.164171 312
0.159789 321
0.305440 324
0.882764 1046
0.174465 300
0.459080 294
0.182245 310
2.976838 300
0.529964 310
1.675649 300
0.280146 310
0.205723 1086
0.649325 330
0.662663 330
0.351300 330
0.320798 298
0.319030 308
0.290038 330
0.371361 330
3.032075 298
0.650089 283
0.039082 300
0.040317 306
0.044054 1056
0.036855 320
0.040354 302
0.040204 305
0.040860 1041
0.038941 293
0.040507 296
0.039264 311
0.312632 858
0.164029 311
0.163508 359
0.147890 271
0.143847 567
0.254159 268
0.202080 272
0.166705 303
0.146671 574
0.132692 275
0.262577 299
0.156405 299
0.151171 467
0.155670 292
0.281815 289
0.661021 31
0.002994 867
0.000668 13
0.651339 291
0.279451 289
0.419822 26
0.002714 884
0.001586 19
0.344824 291
0.161217 294
0.161094 301
1.537295 301
0.579204 301
0.963694 301
0.168453 294
0.167167 291
0.654854 293
0.040112 291
0.040105 307
0.040433 305
0.042130 479
0.037389 290
0.041246 287
0.038749 294
0.041059 568
0.039363 282
0.039225 317
0.041676 324
0.041373 665
0.037286 287
0.889027 277
0.247991 288
0.911252 312
0.192998 305
0.528327 282
0.224635 291
0.176068 292
0.158148 756
0.158017 290
0.396661 295
0.160031 303
0.166209 440
0.404732 291
0.342797 293
0.523073 293
0.165643 291
0.170734 306
0.161922 303
0.388567 296
0.107051 292
0.180024 429
0.160933 292
0.151014 292
0.124947 284
0.212369 621
0.170343 322
0.497102 298
0.179114 287
1.993892 277
0.271562 288
0.390778 312
0.342229 305
0.363929 282
0.176655 291
0.156848 292
0.155189 756
0.159895 290
0.320233 295
0.263780 303
0.243267 440
0.355888 291
0.314725 293
0.421618 82
0.003765 874
0.566787 289
0.253813 291
0.425913 26
0.002166 970
0.001295 20
0.445615 289
0.174288 292
0.171425 293
0.166077 363
0.147378 299
0.170402 276
0.290278 305
0.467436 532
1.689181 303
0.796570 358
0.461549 629
3.272324 293
0.168628 307
0.830199 26
0.001851 621
0.001257 29
3.091871 301
0.237033 294
0.474410 291
0.851743 31
0.002787 780
0.001847 11
0.318909 289
0.253508 291
0.371738 26
0.003239 970
0.000871 20
0.326385 289
0.173796 292
0.159251 293
0.153602 363
0.190755 299
0.184813 276
0.160189 305
0.491800 532
0.402047 272
0.217327 269
0.174675 273
0.164842 495
0.207205 303
0.399603 312
0.217568 316
0.178353 644
0.148598 296
0.241019 304
0.199997 307
0.160629 904
0.149772 312
0.271848 321
0.215330 324
0.187201 1046
0.167405 300
0.476597 294
0.169303 310
0.179456 1086
1.172023 330
0.162026 298
0.654208 283
0.041168 300
0.039586 306
0.044074 1056
0.035960 320
0.040420 302
0.041337 305
0.040488 1041
0.037472 293
0.040201 296
0.041052 311
0.040954 858
0.296403 311
0.335974 359
0.336027 271
0.179687 567
0.309328 268
0.351796 272
0.341678 36
0.004716 540
0.000194 16
0.406640 293
0.483731 45
0.002733 519
0.000296 15
0.351893 301
0.175173 305
0.153615 294
0.149291 291
0.526599 51
0.004705 786
0.000301 12
0.357743 289
0.165466 291
0.595878 57
0.002922 913
0.001104 12
0.369154 289
0.166246 292
0.164525 293
0.159284 363
0.150659 299
0.662265 276
0.040053 305
0.253853 532
0.174172 272
0.182446 269
0.185350 273
0.170459 495
0.167270 308
0.228182 314
0.203827 318
0.179613 646
0.166483 301
0.231867 307
0.181928 310
0.160291 905
0.199900 313
0.199486 321
0.202458 324
0.179764 1049
0.285979 303
0.348261 294
0.188066 312
1.450380 1086
1.824563 330
0.164752 300
0.341295 283
0.204512 303
0.149074 309
0.178849 1056
0.157127 320
0.152995 303
0.168593 306
0.155843 1044
0.160309 296
0.159523 301
0.271475 313
0.264650 860
0.169581 313
0.408295 359
0.310484 271
0.395395 567
0.695493 268
0.271026 272
0.677758 303
0.194339 574
1.159833 275
0.889388 275
0.202718 303
4.384747 1
0.963797 3
1.280073 1
0.299864 127
0.003914 3
0.029101 28
0.016623 15
0.003425 24
0.002391 57
0.005220 7
0.002461 2048
0.000031 752
0.001976 1921
0.966774 1
0.241764 127
0.004152 3
0.027667 28
0.024872 39
0.008917 57
0.004800 7
0.002600 2800
0.004803 1919
0.371633 1
0.263647 127
0.003949 3
0.022923 28
0.022563 96
0.007423 7
0.001722 2800
0.002065 1923
3.564974 1
0.087777 1
0.467052 6
0.000211 31
0.000071 7
0.000062 83
0.004129 4
0.024697 29
0.025545 96
0.003636 7
0.002608 2048
0.000084 752
0.003953 1913
9.919846 685
3.552520 39
0.013633 37
0.001062 7
0.000048 34
0.005993 2
0.009402 13
1.928564 1
0.317320 1
0.889577 1
0.365921 1
0.441239 1
2.099982 1
0.088823 1
0.136552 1
0.412477 1
0.140327 1
0.293159 1
0.178359 1
0.096424 1
0.160394 1
0.139967 1
0.218138 1
0.441248 1
0.096592 1
0.203885 1
0.155967 1
1.566841 1
0.154737 1
0.182750 1
0.472511 1
0.304471 1
0.292242 1
0.204406 1
0.498158 1
0.129584 1
0.237496 1
2.549209 1
0.266362 1
0.271446 1
0.142524 1
0.356737 3
0.125778 3
0.412960 3
0.218342 3
0.645857 1
0.245082 1
0.293306 1
0.184232 1
0.187874 2
0.000311 13
1.905292 34
0.335459 1
0.831132 14
0.741562 7
0.162869 7
0.395913 2
0.000466 13
4.158530 1
0.642616 1
0.594697 1
0.484928 1
1.506399 1
0.343644 1
0.194553 1
0.151157 1
0.652126 1
0.072613 1
0.183459 1
0.095180 1
0.148036 1
0.396187 1
0.035878 1
0.199025 1
0.391446 1
0.224811 1
0.528665 1
0.189563 1
0.766130 1
0.271300 1
0.181153 1
0.350989 1
0.156995 1
0.350293 2
0.000429 13
0.738875 2
0.000247 13
1.195922 1
0.218186 1
0.299392 1
0.160107 1
0.219236 1
0.197780 1
0.161823 1
0.162934 1
0.144809 1
0.120517 1
0.096378 1
0.113503 1
0.586433 1
0.096411 1
0.209242 2
0.077495 30
0.003272 13
5.834739 14
0.628811 13
0.532022 2
0.063131 30
0.003086 13
3.463611 27
0.364327 3
0.664808 3
0.041008 3
0.039336 3
0.041946 3
0.040551 3
0.039997 3
0.039958 3
0.040009 3
0.039974 3
0.039541 3
0.040273 3
0.040466 3
0.039280 3
0.373616 3
0.400700 1
0.131904 1
0.318960 1
0.285679 1
0.301060 3
0.140997 3
0.379958 1
0.136974 1
0.199121 1
0.109106 1
0.249358 2
0.080084 30
0.003070 13
1.295292 18
0.484110 3
0.652667 3
0.041439 3
0.202819 3
0.143226 3
0.144741 3
0.801427 1
0.469768 1
0.126523 1
0.203168 2
0.369653 3
0.536484 1
0.894976 1
0.127721 1
0.728936 1
0.107722 2
0.069080 30
0.003223 13
1.677387 1
0.153482 1
0.079463 1
0.173551 1
0.113339 1
0.249874 1
0.442747 1
0.177284 1
0.165115 2
0.061211 19
0.001916 13
1.300553 8
0.541774 32
0.451556 3
0.160232 3
0.152287 3
0.174334 3
0.148216 3
0.152376 3
0.661647 1
0.089069 1
0.159252 2
0.451597 1
0.193171 1
0.112936 1
0.080787 1
0.284582 2
0.665209 1
0.083518 1
0.159217 2
1.065333 1
0.086191 1
0.244948 2
0.086596 30
0.003056 13
12.199689 29
0.416213 3
0.657500 3
0.040295 3
0.039938 3
0.040209 3
0.040105 3
0.039955 3
0.040278 3
0.039106 3
0.040145 3
0.039683 3
0.040931 3
0.039697 3
0.040180 3
0.039907 3
0.039650 3
0.040023 3
0.040014 3
0.509590 2
0.075852 140
0.002968 13
1.826782 11
0.650257 1
0.702310 1
0.541777 1
0.234544 1
0.157936 1
0.212008 1
0.202699 2
0.074469 341
0.000093 103
0.004126 13
1.548318 17
1.652795 17
4.145344 17
0.897269 3
0.168613 3
0.162652 3
0.160442 3
0.180977 3
1.386505 1
0.154531 1
0.270435 1
1.103968 1
0.401716 1
0.154057 1
0.169336 1
0.520742 1
0.196699 1
1.187347 1
0.324400 1
1.171997 1
0.271461 1
1.292418 1
0.426891 1
0.140112 1
0.204290 2
0.096451 61
0.004892 13
1.807829 1
0.131235 1
0.184811 2
0.023363 52
0.002103 13
9.342684 2
0.000425 13
0.585672 2
0.000252 13
0.423074 1
0.169342 1
0.368614 1
0.541622 1
0.307427 1
0.629619 1
0.401672 1
0.321622 1
0.154661 1
0.406387 1
1.548741 1
0.525480 1
0.141037 1
0.250666 1
0.397724 1
0.361625 1
0.166829 1
0.144672 1
0.311017 1
0.089448 1
0.238460 1
0.221179 2
0.000437 13
6.403617 1
0.175087 1
0.145550 1
0.376508 1
0.414514 1
0.447439 1
0.304479 1
0.112776 1
0.136753 1
0.162897 1
0.196819 1
0.254382 1
0.350872 1
0.123649 1
0.192481 1
0.114501 1
0.138565 1
0.376492 3
0.154434 3
0.207224 3
0.460034 1
0.143137 1
0.102746 1
0.222691 1
0.116137 1
0.198998 1
0.138648 1
0.232965 1
0.411285 1
0.442530 1
0.330406 1
0.421097 2
0.000234 13
0.447839 2
0.000551 13
1.905154 1
0.168902 1
0.513583 1
0.699568 1
0.367720 1
0.108361 1
0.110136 1
1.201815 1
0.226967 1
0.282280 1
0.286784 1
0.103918 1
0.195244 1
0.349037 1
0.125227 1
0.471104 1
0.042044 1
0.143903 1
0.856530 1
0.206083 1
0.212033 1
0.175243 1
0.141147 1
0.229017 1
0.120999 1
0.123119 1
0.159199 2
0.000561 13
3.681117 1
0.137507 1
0.458211 3
0.135364 1
0.453092 1
0.188200 1
0.256895 1
0.499774 1
0.183093 1
0.217295 1
0.156786 1
0.525365 1
0.105609 1
0.118232 1
0.135580 1
0.164172 2
0.449667 79
0.000272 271
0.000018 51
0.000159 82
0.018763 131
0.002775 32
0.002674 62
0.004492 13
21.251373 2
0.000250 13
0.862798 1
0.153818 1
0.404533 1
0.937734 1
0.085165 1
0.230550 1
0.220675 1
0.926403 1
0.141194 1
0.392558 1
0.290138 1
0.162914 1
0.153302 1
0.357624 1
0.125953 1
0.292637 2
0.000217 13
1.758961 1
0.170419 1
0.149402 1
0.439151 1
0.505527 1
0.322050 1
0.270891 1
0.099288 1
0.131827 1
0.172028 1
2.913874 1
0.316216 1
0.639808 1
0.122693 1
0.187412 1
0.131669 1
0.210938 2
0.000458 13
0.157558 2
0.000447 13
2.694088 1
0.158459 1
0.260189 1
0.237556 1
0.242733 1
0.170421 1
0.745868 1
0.600597 3
0.529692 1
0.093668 1
0.312508 2
0.027930 35
0.002681 13
2.827646 1
0.073281 1
0.791480 1
0.113982 1
0.114570 13
1.256965 1
0.060001 1
0.137919 7
0.509934 2
0.705810 11
0.037798 170
0.000168 395
0.000281 15
0.067726 54
0.000943 28
0.067237 76
0.221511 51
0.219926 62
0.134233 55
0.069469 55
0.182656 45
0.282213 47
0.402489 57
0.668059 59
0.007784 2
0.000150 114
0.000107 192
0.001047 6
0.052240 11
0.003579 13
1.842243 1
0.187360 1
0.195407 1
0.557349 1
0.915308 1
0.436684 1
1.087640 3
0.484883 1
0.133937 1
0.216615 1
0.123621 1
0.503116 1
0.147168 1
0.239270 1
0.125440 1
0.101951 1
1.306690 1
0.278870 1
0.164335 1
0.232536 1
0.085480 1
0.342580 2
0.000301 13
0.236204 2
0.000442 13
1.131045 2
0.000877 13
18.175214 1
0.158972 1
0.444806 1
0.527530 1
0.327238 1
0.125322 1
0.230551 1
0.446206 1
0.201457 1
0.115500 1
0.138090 1
0.746705 1
0.122034 1
0.183406 1
0.105511 1
0.255109 1
0.116201 1
0.549562 1
0.202686 1
0.220202 1
0.187130 1
0.910399 1
0.131987 1
0.144634 1
0.180573 1
0.653166 1
0.293313 1
0.190865 1
0.077294 1
0.350604 2
0.000469 13
2.705727 2
0.000877 13
0.446202 1
0.171254 1
0.133053 1
0.103664 1
0.477136 1
0.559288 3
0.141945 3
0.111437 1
1.321756 1
0.303448 1
0.233641 1
0.086844 1
0.520126 1
0.170706 1
0.077607 1
0.046281 1
0.225408 1
2.544938 1
0.113968 1
0.210228 1
0.367070 1
0.091712 1
0.168262 1
0.260958 1
0.431786 3
0.085152 1
0.281952 1
0.776086 1
0.200692 1
0.105892 1
0.490919 1
0.120732 1
0.647545 3
0.296286 1
0.243647 1
0.269526 1
0.287663 1
1.416448 3
0.107271 1
0.474983 1
0.293478 1
0.108593 1
0.323396 1
0.123936 1
0.222382 1
0.186722 1
0.231442 1
0.101273 1
0.137322 1
0.157778 1
0.101548 1
0.098728 1
0.247280 1
0.114582 1
0.419460 1
0.095177 1
0.247996 1
0.354272 1
0.173802 1
0.404875 1
0.251278 1
0.128990 1
0.204917 1
0.109065 1
0.090747 1
0.359570 1
0.508357 3
0.472656 1
0.254673 1
0.432525 1
0.222101 1
0.109997 1
2.205744 1
0.384818 1
0.492512 3
0.136038 1
0.190098 1
0.145474 1
0.122503 1
0.174870 2
0.000343 13
0.807865 15
2.965521 1
0.315812 1
0.201277 1
0.108230 1
0.089439 1
1.118087 1
0.236916 1
0.380100 1
0.424040 3
0.181823 1
0.175056 1
0.228509 1
0.737216 1
0.327798 1
0.107294 1
1.169025 1
0.206735 1
0.157692 1
0.906646 1
0.393875 1
0.337889 1
0.131849 1
0.123270 10
1.302835 1
0.272107 9
1.469979 3
0.409661 2
0.092388 13
4.605750 1
0.142167 1
0.215929 1
0.120783 1
0.547452 1
0.058963 1
0.165550 10
1.525453 2
0.073911 1104
0.001060 2048
0.000326 2047
0.000222 2048
0.000152 1188
0.001640 13
1.259073 15
0.884852 1
0.192662 1
0.358117 2
0.087841 66
0.003335 13
7.015993 17
0.238980 2
0.053523 66
0.002045 13
1.422763 1
0.112436 1
0.193072 1
0.370065 1
0.102185 1
0.177269 1
0.000869 9
0.639189 3
0.181741 3
0.658789 3
0.041545 3
0.040378 3
0.039828 3
0.039837 3
0.040232 3
0.039828 3
0.039638 3
0.040419 3
0.040488 3
0.039758 3
0.039759 3
0.039285 1
0.040992 1
0.040348 1
0.595465 1
0.122137 1
0.119566 1
0.553874 1
0.103782 1
0.129679 1
0.000037 9
0.697222 1
0.578387 1
0.085600 1
0.117367 1
0.000017 9
1.531053 1
0.625637 1
0.239792 1
0.101946 1
0.245105 2
0.098501 13
0.911896 1
0.110626 1
0.118346 2
0.058573 205
0.000283 208
0.000110 185
0.000134 145
0.002594 13
5.460125 1
0.198813 1
0.097890 1
0.466657 1
0.181638 1
0.397946 1
0.143351 1
0.233932 1
0.139468 1
0.000017 6
1.186633 1
0.288724 2
0.068598 50
0.002016 13
6.023665 1
0.140635 1
0.072442 1
0.127079 1
0.127315 1
0.232468 1
0.355114 1
0.100237 1
0.216868 1
0.122929 1
0.240299 1
0.123336 2
0.053639 16
0.002000 13
2.134737 1
0.089627 1
0.154329 1
0.138015 1
0.263410 1
0.142377 1
0.853954 1
0.102963 1
0.251952 1
0.140796 1
0.252828 1
0.151259 1
0.000862 6
1.238065 1
0.241623 1
0.259816 1
0.699395 1
0.810335 1
0.397958 1
0.989255 1
0.092675 1
0.247143 1
0.149684 1
0.246162 1
0.521404 1
0.416285 1
0.107526 1
0.190013 1
0.287561 1
0.115757 1
0.226146 2
0.101180 159
0.000152 604
0.392870 29
0.004061 13
6.052872 1
0.180032 1
0.159955 1
0.145959 1
0.457000 1
0.571291 1
0.373251 1
0.232372 1
0.419885 1
0.291380 1
0.178018 1
0.106486 1
0.118870 1
0.168227 1
0.576284 1
0.097409 1
0.685107 1
0.575196 1
0.117890 1
0.257951 1
0.284779 1
0.210842 1
0.199293 1
0.185879 2
0.000576 13
1.412965 1
0.163555 1
0.150685 1
0.158281 1
0.362036 1
0.472342 1
0.988501 1
0.849033 1
1.370493 1
1.414291 1
0.122582 1
0.208650 1
0.129299 1
1.262462 1
0.089072 1
0.236485 1
0.418667 1
0.091801 1
0.657406 1
0.284302 1
0.235220 1
0.177846 1
0.414817 1
0.201812 1
0.082201 1
0.242278 1
0.187867 1
0.522790 1
0.200647 1
0.103317 1
0.422043 2
0.000490 13
0.415813 2
0.000478 13
0.879690 2
0.000492 13
25.648934 1
0.313621 1
1.260613 3
0.809675 1
0.288336 1
0.643285 16
0.391836 2
0.000426 13
9.647760 1
0.187794 1
0.105787 1
0.375876 1
0.588204 1
0.000048 2
0.000053 5
0.000038 3
0.000039 3
0.001504 126
0.306298 2
0.000573 13
1.520289 1
0.179572 1
0.152249 1
0.117788 1
0.410379 1
3.112008 69
0.000221 13
1.884390 1
0.171020 1
0.173572 1
0.148777 1
0.155358 1
0.515885 1
1.621405 1
0.379183 1
0.138863 1
1.206801 1
0.317833 1
0.744265 1
0.129448 1
0.057871 1
0.175819 1
0.707867 1
0.104787 1
0.118758 1
0.136802 1
0.182468 1
0.105988 1
0.142171 1
0.202398 1
0.309908 1
0.136775 1
0.713362 1
0.415585 3
0.349034 1
0.327501 1
0.449958 1
0.446578 1
0.122706 1
0.376826 1
0.106114 1
0.112430 1
0.256096 1
0.517696 3
0.659558 1
0.197518 1
0.140331 1
0.441363 1
0.131543 1
0.809726 3
0.159388 3
1.014138 3
0.394675 1
0.113228 1
0.680045 1
0.335773 1
0.273452 1
1.964254 1
0.086996 1
0.237170 1
0.161933 1
0.326116 1
0.250650 1
0.197768 1
0.088678 1
0.259950 1
0.333082 1
0.125634 1
0.289219 1
0.140958 1
0.139084 1
0.124917 1
0.125679 2
0.000730 13
0.598109 2
0.000313 13
5.259942 1
0.193412 1
0.109468 1
0.522897 3
0.141304 3
0.148225 3
0.301259 1
0.127647 1
0.222713 1
0.822582 3
0.921413 1
0.134819 1
0.403613 2
0.022298 31
0.001928 13
1.720709 8
0.013085 19
0.000085 8
0.000033 47
0.983270 17
