0.245081 19
0.000499 8
0.000053 47
0.878814 1
0.309573 1
0.456700 1
0.105226 1
0.190976 1
0.170272 1
0.141936 1
0.088523 1
0.052614 1
0.204867 1
0.555928 1
0.206811 1
0.141388 1
0.138099 1
0.485776 1
0.099319 1
0.137709 1
0.559128 1
0.273226 1
0.094028 1
0.153598 1
0.759556 1
0.196971 1
0.139754 1
0.397508 1
0.372205 1
0.781660 4
0.305196 1
0.166711 1
0.124866 1
0.405614 1
0.272092 1
0.118594 1
0.184800 1
0.581835 4
0.653239 4
0.041806 4
0.039583 4
0.040738 4
0.039413 4
0.040100 4
0.039823 4
0.039850 4
0.040470 4
0.039835 4
0.040315 4
0.039984 4
0.039526 4
0.040434 4
0.039415 4
0.040381 4
0.251985 4
0.165355 4
1.467667 1
0.391452 1
0.178457 1
0.302209 1
0.444852 1
0.141033 1
0.193445 1
0.085561 1
1.786058 1
0.102600 1
0.051830 1
0.073436 1
0.197553 1
0.292892 1
0.112413 1
0.332475 1
0.227673 1
0.607179 4
0.858139 1
0.137160 1
0.702868 1
0.772955 60
1.275700 103
0.616121 85
1.470263 1
0.067464 1
0.115818 1
0.555587 1
0.302292 1
0.083437 3
1.149735 1
0.116869 8
0.531139 1
0.293995 1
0.127231 11
1.088668 1
0.097488 1
0.142308 4
0.549248 1
0.086651 1
0.110489 12
0.634505 2
0.000041 9
0.000214 64
0.000083 8
0.000033 59
0.894825 1
0.065573 1
0.232410 1
0.126042 1
0.289843 1
0.133742 1
0.097815 1
0.799004 1
0.052450 1
0.160749 6
0.745469 344
0.000041 107
0.000174 74
1.020605 1
0.105944 1
0.168510 1
0.167182 1
0.235908 1
0.125995 1
0.102152 1
0.130431 1
0.241349 1
0.133468 1
1.027949 1
0.254185 1
0.136381 1
0.259231 11
0.181633 183
0.002737 77
1.256005 1
0.071466 1
0.157227 2
0.000436 13
1.283960 1
0.065102 1
0.226473 1
3.433349 1
0.301452 1
0.132336 1
0.712409 3
0.521607 1
1.161757 1
0.289976 6
1.150333 3
0.650615 3
0.042066 3
0.039079 3
0.040250 3
0.040219 3
0.040206 3
0.040141 3
0.335914 3
0.518599 1
0.505181 1
0.235299 1
0.210174 1
0.124333 5
0.559220 1
0.367183 1
0.183766 9
1.700986 1
0.059844 1
0.164822 3
0.269883 1
0.092943 1
0.193840 4
1.478519 1
0.123939 1
0.153101 1
0.803609 1
0.205455 6
5.110596 1
0.277940 2
0.107964 13
0.875802 1
0.127214 1
0.115202 1
0.155479 1
0.142344 1
0.096541 1
0.445965 1
0.197737 1
0.080852 1
1.131104 1
0.099099 1
0.452934 1
0.197484 1
0.154179 1
0.184681 1
0.114669 1
1.665419 1
0.758712 2
0.051279 13
1.240191 1
0.103688 1
0.132750 1
0.478490 1
0.204264 1
0.154114 1
0.147312 9
0.382794 2
0.000451 25
2.378386 1
0.064989 1
0.216217 1
0.684736 3
0.130467 3
0.154086 3
0.692977 1
0.079916 1
0.150339 1
0.615295 1
0.117166 1
0.170098 1
1.013979 1
0.145262 1
0.164879 7
0.750651 1
0.255380 2
0.075394 25
3.465499 1
0.107920 1
0.231511 1
0.111802 1
0.818043 1
0.103764 1
0.177287 7
0.312133 2
0.065714 172
0.002111 25
6.592783 1
0.154343 1
0.063595 1
0.186064 1
0.166212 1
0.425179 1
0.099550 1
0.063069 1
0.216769 1
0.129087 1
0.148437 1
0.158998 1
0.216604 1
5.834012 1
0.224032 1
0.431467 3
0.150872 1
0.179885 1
0.221961 1
0.552718 2
12.592172 40
95.162314 2
5.389843 2
0.030786 134
0.000153 5
0.021165 358
0.000048 1022
0.026168 2
0.001511 25
0.168053 2
0.000418 25
3.432027 52
1.564203 2
0.021942 2
0.001819 25
0.543917 50
0.452790 3
0.152013 3
0.651864 3
0.042397 3
0.040190 3
0.040035 3
0.039683 3
0.040473 3
0.039731 3
0.214627 3
0.149262 3
0.496072 1
0.114993 1
0.132343 1
0.130880 1
0.467330 2
25.712004 89
5.157480 79
0.102909 79
0.251828 79
0.107455 79
0.141662 79
0.135367 79
0.302194 80
0.110047 82
0.020995 153
3.445984 186
2.677828 79
0.094132 79
0.251971 79
0.161187 79
0.124816 79
0.148902 79
0.117152 80
0.094107 80
0.081516 1
0.002628 1
0.002355 1
0.002305 1
0.045641 76
0.093656 80
0.087799 80
0.075460 1
0.002257 1
0.002251 1
0.002759 1
0.002226 1
0.033854 75
0.086096 80
0.107104 80
0.134287 80
0.072439 80
0.124336 80
0.104643 80
0.042890 82
0.155116 86
5.184295 79
0.105783 79
0.252099 79
0.164018 79
0.212089 79
0.419308 162
0.014729 150
7.723847 186
3.062236 79
0.101989 79
0.255677 79
0.115669 79
0.125497 79
0.208093 79
0.129255 79
0.118760 80
0.097807 80
0.101327 80
0.101333 80
0.112932 80
0.108696 80
0.105815 80
0.098059 80
0.112392 80
0.102822 80
0.090950 80
0.163899 162
0.095217 74
0.003178 68
2.420124 64
0.000192 2
63.244385 57
0.002983 48
1.732252 63
50.838401 52
0.004621 53
0.000328 64
0.000238 63
0.597574 25
27.314019 1
0.103914 1
0.075393 1
0.220698 1
0.189407 1
0.853657 1
0.076987 1
0.187309 7
0.875690 2
0.219855 8
0.001006 42
0.001299 26
0.000049 28
0.044001 38
0.000493 3
0.000078 189
0.000634 6
0.000066 29
0.000039 88
0.000197 29
0.000037 61
0.000188 92
0.000037 29
0.000171 59
0.000038 30
0.000164 29
0.000062 61
0.000038 83
0.000360 5
0.000136 56
0.000131 35
0.000066 16
0.000174 15
0.000067 19
0.000172 16
0.000068 19
0.000163 30
0.731762 26
0.135274 26
0.154084 26
0.133133 26
0.164577 26
0.150645 26
0.685038 26
0.802519 29
0.470076 11
0.000197 8
0.000066 40
1.582571 23
0.129068 23
0.164565 23
0.144633 23
0.835613 23
0.065198 11
0.000107 11
0.000056 1
0.416318 11
0.000056 11
0.000061 1
1.606268 25
0.107957 25
0.162133 25
0.167760 41
0.136438 25
0.114009 25
0.648304 11
0.000138 11
0.000059 3
0.931812 25
0.334156 11
0.000091 11
0.000066 3
0.211939 22
0.000021 3
0.140236 25
1.815179 11
0.000084 11
0.000081 1
0.000052 5
0.532268 25
0.085659 25
0.508835 25
0.132149 25
0.115364 25
0.176993 22
0.000020 3
0.176727 25
0.147412 25
0.131672 27
0.268600 25
0.580618 28
0.175686 25
0.129177 25
0.176159 25
0.533063 25
0.111439 25
0.152918 25
0.175718 25
3.155948 11
0.000069 11
0.000106 8
0.941051 29
0.162148 29
0.523829 29
0.321356 30
1.501861 11
0.000326 6
0.000188 193
0.000052 83
1.219379 347
0.127452 19
0.000063 36
0.049931 69
0.000087 1
0.000056 8
0.000074 11
0.000032 16
0.009269 25
2.182808 1
0.141464 1
0.253228 1
0.085910 1
1.320912 1
0.114813 1
0.217670 7
0.320884 2
0.055377 205
0.002121 25
5.182846 1
0.350987 1
0.705815 1
0.573910 1
0.123409 1
0.146077 1
6.696595 1
0.083957 1
0.158555 1
0.214267 1
0.726943 1
0.141330 1
0.196434 1
0.662032 1
0.222514 1
0.101817 1
0.155304 1
0.065102 1
0.141272 1
0.515944 1
0.188036 1
0.254576 1
0.272118 1
0.249025 1
0.126193 1
0.467707 1
0.247413 1
0.137493 1
0.976511 2
0.000283 25
0.831198 1
0.332013 1
0.138368 1
0.113819 1
0.108734 1
0.211806 1
2.618925 3
0.664261 3
0.038549 3
0.040376 3
0.042581 3
0.039506 3
0.039961 1
0.039977 1
0.040518 1
0.039785 1
0.366753 1
0.141740 1
0.059544 1
0.107991 1
0.148169 1
0.192478 1
0.449657 1
0.251610 1
0.178889 1
0.049827 1
0.094775 1
0.192885 1
0.278149 2
0.078863 17
0.002467 25
0.735935 12
0.834880 1
0.093394 2
0.064978 25
0.436423 13
0.693942 3
0.081536 1
0.181716 2
0.061668 25
2.136612 1
0.281630 1
0.155839 1
0.059503 1
0.099532 1
0.185840 1
0.487549 2
0.719587 174
0.000190 244
0.062409 4
5.308054 1
0.182383 1
0.194882 1
0.104024 1
0.152465 1
0.788093 1
0.104758 1
0.161172 1
0.486956 1
0.441234 4
0.118356 4
0.123147 1
1.866986 1
0.818197 4
0.669443 1
0.326627 1
0.227403 1
0.464278 1
0.279708 1
0.125867 1
0.127208 1
0.055178 1
0.226980 1
0.561456 1
0.634462 1
0.662891 1
0.038969 1
0.040533 1
0.041333 1
0.040302 1
0.040048 1
0.040183 1
0.039971 1
0.209962 110
0.002819 4
1.966396 25
0.246018 1
0.668370 1
0.042044 1
0.040530 1
0.039416 1
0.039920 1
0.039766 1
0.040562 1
0.039355 1
0.040262 1
0.040497 1
0.039585 1
0.040354 1
0.039913 1
0.040760 1
0.039276 1
0.040260 1
0.039474 1
0.207428 1
0.782709 11
0.714847 5
0.768743 1
0.396775 2
0.000344 21
0.002886 4
1.788543 4
0.009699 25
2.839079 1
0.339278 1
0.665265 1
0.100999 1
0.219608 1
0.747725 3
0.150826 3
0.401459 3
0.145070 3
0.668910 1
0.595960 1
0.769708 1
0.102660 1
0.153817 1
1.193206 1
0.089531 1
0.133146 1
1.238735 1
0.101045 1
0.121184 1
0.176580 1
0.151403 1
0.110652 1
0.149382 1
0.190920 1
0.341393 1
0.295266 1
0.091899 1
0.149175 1
0.060011 1
0.202533 1
0.408033 1
0.089518 1
2.588954 1
0.137197 1
0.125164 1
0.171143 1
0.148857 1
0.082613 1
0.702782 3
0.341499 3
0.150829 3
0.210147 3
0.254059 3
0.119398 3
0.120357 3
0.523795 1
0.321881 1
0.112622 1
0.206014 1
0.360034 1
0.095125 1
0.158073 1
0.187773 1
0.156973 1
0.491657 1
0.241459 1
0.088278 1
0.185336 1
0.050719 1
5.916453 1
0.191074 1
0.086689 1
0.127092 1
0.283987 1
0.158966 1
0.068528 1
0.394795 1
0.119157 1
0.084800 1
0.219170 1
0.442432 1
0.100282 1
0.327751 1
0.097987 1
0.674206 2
0.000313 25
2.681899 1
0.410119 1
0.133862 1
0.132353 1
1.472090 3
0.139273 3
0.161270 3
0.110588 3
1.190125 1
0.195879 1
0.132322 1
1.479584 1
0.530174 1
0.122103 1
0.146937 1
1.029251 3
0.673396 3
0.039393 3
0.039535 3
0.040299 3
0.039861 3
0.039207 3
0.040253 1
0.040735 1
0.488518 1
0.402651 1
0.266523 1
0.359934 3
0.157933 3
0.164839 3
1.450208 1
0.756019 1
0.232986 1
0.615734 1
0.621288 1
0.107310 1
0.149097 1
0.110867 1
0.210821 1
0.931742 1
0.814164 1
0.168049 1
0.144612 1
0.672810 1
0.161266 1
0.303328 1
0.139034 1
0.190458 1
0.200463 1
0.143516 1
0.595289 1
0.308522 1
0.159009 1
0.078228 1
0.081919 1
0.240159 1
0.277960 1
0.463066 3
0.289434 3
0.375591 1
0.221554 1
0.264437 1
0.024680 1
0.257219 1
0.109587 1
0.462595 1
0.129656 1
0.486866 1
0.124329 2
0.000439 25
2.703222 34
0.942831 1
0.191696 1
1.484854 1
0.882896 1
0.079422 1
0.237492 1
1.210482 3
0.130911 3
0.136980 3
0.111921 3
0.539393 3
0.209562 3
0.207930 3
0.343370 3
0.439250 7
0.162852 7
0.915387 7
0.249509 3
0.109795 3
0.226115 3
0.080894 3
0.476664 3
0.070571 3
0.246970 3
0.134221 3
1.192380 7
0.336862 3
0.101056 3
0.757665 3
0.110379 3
0.185319 3
0.133429 3
0.169307 3
0.122554 3
0.327241 3
0.150063 3
0.110010 3
0.767525 3
0.098025 3
0.155568 3
0.204975 3
1.064964 3
0.431533 3
0.163403 3
0.106109 3
0.939593 3
0.106842 3
0.147853 3
0.507853 3
0.122646 3
0.558701 3
0.206208 3
0.237120 3
0.105882 3
0.149481 3
0.579091 2
0.000548 25
3.192646 2
0.000454 25
1.419813 1
0.304635 1
0.139681 1
0.115930 1
0.164709 1
7.982577 1
0.707530 1
0.000033 2
0.000034 5
0.000027 3
0.000025 3
0.000025 2
0.000024 3
0.000025 3
0.000026 3
0.000026 3
0.000025 3
0.000026 3
0.000025 3
0.000026 3
0.000026 3
0.000025 3
0.000025 3
0.000026 3
0.000024 2
0.000026 3
0.000024 3
0.000025 2
0.000008 3
0.000021 1
0.950854 1
0.571795 2
0.326436 93
0.158405 45
0.301549 17
0.000293 2
0.000342 14
0.000475 2
0.000500 72
0.126258 12
0.176185 40
0.248396 8
0.000758 8
0.000349 8
0.000349 6
0.000319 29
0.000877 44
0.001187 2
0.000429 1
0.000293 166
0.211706 1
0.000570 166
0.220345 1
0.000429 166
0.201060 1
0.000449 166
0.201878 1
0.000516 166
0.200944 1
0.000499 166
0.199738 1
0.000762 166
0.207519 1
0.000296 166
0.201288 1
0.000422 166
0.227797 1
0.000423 166
0.205154 1
0.000667 166
0.211140 1
0.000718 166
0.201142 1
0.000654 166
0.212593 1
0.000621 166
0.199409 1
0.000490 166
0.201124 1
0.000429 166
0.209694 1
0.000493 166
0.203540 1
0.000438 166
0.200374 1
0.000239 166
0.205614 1
0.000496 166
0.205716 1
0.000372 166
0.222485 1
0.000555 166
0.201409 1
0.000534 166
0.199542 1
0.000479 166
0.204824 1
0.000655 166
0.209534 1
0.000420 166
0.217754 1
0.000435 166
0.209446 1
0.000249 166
0.200040 1
0.000496 166
0.201270 1
0.000511 166
0.201438 1
0.000511 166
0.203957 1
0.000277 166
0.201066 1
0.000509 166
0.199415 1
0.000270 166
0.203731 1
0.000423 166
0.200594 1
0.000502 166
0.212322 1
0.000513 166
0.207416 1
0.000393 166
0.200021 1
0.000242 166
0.210710 1
0.000433 166
0.215477 1
0.000243 166
0.533661 1
0.003345 166
0.199196 1
0.000618 166
0.234450 1
0.000642 166
0.204854 1
0.000394 166
0.200891 1
0.000666 166
0.202380 1
0.000420 166
0.208274 1
0.000462 166
0.223617 1
0.000556 166
0.213732 1
0.000450 166
0.205691 1
0.000359 166
0.217799 1
0.000434 166
0.200139 1
0.000671 166
0.201245 1
0.000423 166
0.203085 1
0.000533 166
0.201392 1
0.000458 166
0.199831 1
0.000355 166
0.208645 1
0.000589 166
0.201973 1
0.000428 166
0.209212 1
0.000420 166
0.206508 1
0.000382 166
0.326702 1
0.000195 166
0.205506 1
0.000542 166
0.199498 1
0.000451 166
0.203977 1
0.000375 166
0.202641 1
0.000246 166
0.201248 1
0.000397 166
0.211201 1
0.000606 166
0.199998 1
0.000713 166
0.215131 1
0.000556 166
0.208627 1
0.000646 166
0.199710 1
0.000340 166
0.261274 1
0.000222 166
0.237972 1
0.000294 166
0.200441 1
0.000454 166
0.200084 1
0.000302 166
0.202874 1
0.000341 166
0.324795 1
0.000603 166
0.199730 1
0.000288 166
0.199643 1
0.000562 166
0.200810 1
0.000365 166
0.203341 1
0.000540 166
0.205281 1
0.000780 166
0.201271 1
0.000345 166
0.223240 1
0.000369 166
0.202890 1
0.000471 166
0.211717 1
0.000450 166
0.199831 1
0.000550 166
0.224466 1
0.000733 166
0.200326 1
0.000421 166
0.206625 1
0.000183 166
0.205052 1
0.000459 166
0.211869 1
0.000433 166
0.200126 1
0.000647 166
0.208488 1
0.000423 166
0.201340 1
0.000461 166
0.199696 1
0.000502 166
0.102439 1
0.000311 166
0.000183 2
0.000240 2
0.000454 95
0.005812 25
8.326888 1
0.111959 1
0.082819 1
0.140506 1
0.216073 1
0.401407 1
0.075921 1
0.145127 1
0.714234 1
0.214800 1
0.158324 1
0.518522 1
0.187215 1
0.101146 1
0.076475 1
0.150043 1
0.622463 1
0.394241 1
1.455876 1
0.175212 1
0.167761 1
1.644929 1
0.380812 1
0.109752 24
1.631098 1
0.434691 1
0.196088 1
0.174101 1
0.316112 1
0.124412 1
0.113640 1
0.163687 1
0.851265 1
2.083308 2
0.184113 35
0.000136 38
0.000197 47
0.000030 56
0.002065 91
0.022841 29
6.295950 55
0.011471 55
0.022460 55
4.192049 55
1.567417 55
45.540305 56
0.002106 92
0.000991 29
0.036185 63
0.002008 87
0.000966 29
0.005878 60
0.001978 95
0.015888 29
1.839547 61
0.003092 92
0.003773 29
0.057296 69
0.000156 58
0.000032 69
0.000068 28
0.441149 47
0.141513 105
0.146847 62
0.002446 88
0.002954 29
8.366896 52
0.048538 61
0.051970 54
0.268755 48
11.232802 53
0.002203 241
12.276492 55
0.024573 55
0.042421 55
0.040668 55
0.019151 55
0.017818 55
0.027497 55
0.021732 55
0.017887 55
0.022047 55
0.018129 55
0.016782 55
0.023089 55
0.016642 55
7.222782 34
0.005689 25
4.926148 1
0.283042 1
0.135152 1
0.098176 1
0.301396 1
0.788666 3
0.662747 1
0.203153 1
0.698986 1
0.830695 2
0.208961 177
0.073346 4
2.626910 1
0.212823 1
0.128168 1
0.120802 1
0.109504 1
0.777875 1
0.105446 1
0.162881 1
0.557074 3
0.222649 3
0.344271 1
0.550413 5
0.378465 5
0.117226 5
1.504785 5
0.071570 5
0.952235 5
0.087436 5
0.084706 5
0.146784 5
0.116188 5
0.933660 5
0.088618 5
0.139322 5
0.482418 5
0.120591 5
0.518206 8
0.394687 5
0.112688 5
0.132499 5
0.098819 5
0.436462 5
0.357762 5
0.140174 5
0.123014 5
0.079437 5
0.199383 5
2.565452 1
0.630813 3
0.284699 3
0.621218 3
0.068595 3
0.153669 3
0.156265 3
0.574644 6
1.320690 3
0.459135 3
4.559660 1
0.636094 1
0.041554 1
0.039859 1
0.209024 1
0.581518 13
0.191146 11
0.126852 11
0.765576 11
1.398731 11
0.320350 1
0.649285 1
0.039705 1
0.039057 1
0.042981 1
0.039612 1
0.378749 1
0.419756 3
0.242616 1
1.636932 5
0.338597 5
0.329053 1
0.811159 7
0.097765 7
0.275654 7
0.121909 7
0.685350 7
0.102957 7
0.522820 1
0.155871 1
0.164582 1
0.133839 1
1.698686 32
0.000688 4
2.006655 1
0.126701 1
0.243572 1
0.580662 2
0.000276 10
0.000781 4
2.848731 4
0.027977 25
3.630436 1
0.049849 1
0.109408 1
0.184729 1
0.210254 1
1.126696 1
0.439477 3
0.162376 1
0.163676 1
0.236573 7
0.448274 2
0.118713 8
0.000648 42
0.001088 26
0.000037 28
0.012867 38
0.000208 3
0.000048 189
0.000335 35
0.000033 88
0.000056 90
0.000064 92
0.000031 29
0.000039 89
0.000072 90
0.000036 83
0.000170 5
0.000044 56
0.000044 35
0.000038 16
0.000042 15
0.000042 19
0.000042 16
0.000048 52
0.000038 30
0.588397 26
0.164823 26
0.150087 26
0.356543 26
0.055440 26
0.127273 26
0.152934 26
0.357102 25
0.361056 25
0.153135 25
0.157456 25
0.654733 26
0.393478 26
0.213133 11
0.000061 11
0.000046 4
7.795025 23
0.185642 23
0.567067 29
0.486678 59
3.959620 23
0.194584 38
0.169930 23
0.158613 23
0.160597 23
0.256333 11
0.000138 11
0.000068 1
0.572962 11
0.000077 11
0.000077 1
0.672024 23
0.041185 11
0.000065 11
0.000052 1
0.039341 23
0.040624 23
0.039818 23
0.039843 11
0.000221 12
0.039937 11
0.000185 12
0.039929 23
0.039340 23
0.040366 11
0.000081 11
0.000079 1
0.040198 23
0.040142 23
0.039840 23
0.039610 11
0.000073 12
0.434062 26
0.324672 23
0.669988 23
0.039271 23
0.039580 22
0.000075 1
0.040406 23
0.040294 23
0.039437 23
0.040441 22
0.000093 1
0.040208 23
0.039305 23
0.040281 23
0.040331 23
0.040000 23
0.039770 23
0.040047 22
0.000040 1
0.039874 22
0.000078 1
0.039703 23
0.040302 23
0.265269 23
0.174198 64
0.670632 66
0.041389 11
0.000113 11
0.000151 46
0.040217 70
0.040223 72
0.039923 72
0.040084 72
0.040211 76
0.039207 76
0.040347 76
0.039955 76
0.040150 76
0.039814 76
0.040412 76
0.039367 76
0.300912 76
0.238593 76
0.758404 11
0.000061 11
0.000129 3
0.493135 23
0.197972 23
0.326769 27
0.560640 29
1.553740 23
0.126857 23
0.954938 23
0.115480 23
0.134355 23
0.080111 23
0.989795 11
0.000141 12
0.086962 23
0.350398 23
0.619755 25
0.125851 25
0.146831 22
0.000023 3
0.175199 25
0.110359 25
0.100889 25
4.985498 25
0.328919 11
0.000140 11
0.000056 3
0.168259 25
0.118588 25
0.662644 25
0.085933 25
0.569035 25
0.092797 25
0.086812 25
0.191283 25
0.146439 25
0.146441 25
0.148963 27
0.569094 25
0.062576 25
0.259146 11
0.000115 11
0.000090 3
1.423183 25
0.517227 25
0.186720 11
0.000101 11
0.000097 3
0.111956 25
0.103776 25
0.159667 25
0.650461 25
12.513396 11
0.000368 6
0.000128 232
0.000130 44
0.989658 347
0.099535 11
0.000964 8
0.000088 36
0.043902 26
0.000092 4
0.000033 39
0.000060 1
0.000060 8
0.000079 11
0.000054 8
0.000031 8
0.005957 25
2.074337 1
0.431795 1
0.512631 1
0.106382 1
0.177020 1
0.644972 1
0.314344 1
0.317115 1
0.292769 1
0.059340 1
0.705281 1
0.939014 1
0.042747 1
0.206577 1
0.292476 2
0.000152 25
0.995482 1
0.175267 1
0.278317 1
0.441552 1
0.137399 1
0.303999 1
0.165105 1
1.116524 1
0.357783 1
0.769331 2
0.000439 25
0.736278 1
0.174548 1
0.137614 1
0.402103 1
0.472660 1
0.198967 1
0.199936 1
0.118243 1
0.160064 1
0.189261 1
0.125725 1
0.358986 1
0.310751 1
0.236477 1
0.155404 1
0.187246 1
0.732602 1
0.096180 1
0.102332 1
0.156406 1
0.805922 3
0.403536 1
0.127581 1
0.764285 1
0.358084 3
0.180934 3
0.702902 1
0.089440 1
1.842902 1
0.126131 1
0.178225 1
0.162537 1
1.084559 1
0.165889 1
0.435056 1
0.369448 1
0.273005 1
0.384504 3
0.124549 3
0.448535 1
0.166739 1
0.287897 1
0.115954 1
0.131753 1
0.430365 1
0.188339 1
0.214657 1
0.193211 1
0.105824 1
0.320493 1
0.285469 1
0.212312 1
0.103248 1
0.121070 1
0.771501 1
0.118888 1
0.247361 1
0.208776 1
0.131626 1
0.124189 1
0.172128 1
2.296854 1
0.168557 1
0.333140 1
2.547972 1
0.576822 1
0.087530 1
0.195253 1
0.115818 1
0.167573 1
0.752324 1
0.179531 1
0.263317 1
0.087509 1
0.224778 1
0.224211 1
0.140944 1
0.100947 1
0.299325 1
0.049527 1
0.237683 1
1.067520 1
0.216822 1
0.173618 1
0.271573 1
0.361140 1
0.101851 1
0.079681 1
0.180575 1
0.137811 1
0.198552 1
0.140443 1
0.341500 1
0.090960 1
0.123555 1
0.975287 2
0.000236 25
2.549906 1
0.197796 1
0.109451 1
0.178833 1
0.529006 1
1.256446 1
0.697080 1
1.732886 3
0.836489 1
0.474314 2
0.000285 25
3.770583 2
0.000684 25
2.781621 1
0.299532 1
0.129564 1
0.117917 1
0.118959 1
1.329623 1
7.195275 67
1.273471 1
1.026182 2
0.219214 94
0.115283 55
0.640170 12
0.000427 2
0.000577 77
0.065031 12
0.128804 40
0.560548 8
0.000790 8
0.000651 9
0.000414 7
0.000283 29
0.000892 43
0.001084 2
0.000371 1
0.000305 166
0.203366 1
0.000560 166
0.201298 1
0.000332 166
0.207735 1
0.000580 166
0.201304 1
0.000504 166
0.200141 1
0.000410 166
0.201380 1
0.000605 166
0.199677 1
0.000876 166
0.200381 1
0.000569 166
0.210196 1
0.000566 166
0.202196 1
0.000564 166
0.211826 1
0.000358 166
0.202812 1
0.000425 166
0.203129 1
0.000512 166
0.204107 1
0.000973 166
0.199418 1
0.000582 166
0.206619 1
0.000738 166
0.203504 1
0.000604 166
0.199485 1
0.000546 166
0.257022 1
0.000642 166
0.202465 1
0.000727 166
0.206419 1
0.000845 166
0.199691 1
0.000403 166
0.202655 1
0.000285 166
0.220745 1
0.000665 166
0.200568 1
0.000349 166
0.209423 1
0.000319 166
0.202468 1
0.000452 166
0.201544 1
0.000666 166
0.200356 1
0.000283 166
0.201918 1
0.000601 166
0.201385 1
0.000209 166
0.210746 1
0.000492 166
0.201253 1
0.000669 166
0.201307 1
0.000250 166
0.200336 1
0.000365 166
0.202514 1
0.000504 166
0.200611 1
0.000493 166
0.205392 1
0.000461 166
0.204438 1
0.000884 166
0.202272 1
0.000487 166
0.201056 1
0.000564 166
0.199915 1
0.000586 166
0.199904 1
0.000504 166
0.200739 1
0.000700 166
0.200680 1
0.000514 166
0.200040 1
0.000384 166
0.201161 1
0.000248 166
0.201686 1
0.000673 166
0.201741 1
0.000243 166
0.205230 1
0.000485 166
0.257367 1
0.000512 166
0.199536 1
0.000333 166
0.202704 1
0.000507 166
0.202389 1
0.000425 166
0.209673 1
0.000349 166
0.205252 1
0.000499 166
0.201300 1
0.000596 166
0.202073 1
0.000603 166
0.199459 1
0.000760 166
0.199163 1
0.000503 166
0.201242 1
0.000731 166
0.202118 1
0.000651 166
0.200585 1
0.000320 166
0.202627 1
0.000434 166
0.211430 1
0.000400 166
0.203636 1
0.000787 166
0.210225 1
0.000404 166
0.202144 1
0.000430 166
0.204596 1
0.000583 166
0.202595 1
0.000539 166
0.220054 1
0.000536 166
0.211476 1
0.000440 166
0.201006 1
0.000179 166
0.215424 1
0.000585 166
0.199693 1
0.000572 166
0.201111 1
0.000544 166
0.245418 1
0.000478 166
0.200518 1
0.000418 166
0.208614 1
0.000478 166
0.207808 1
0.000569 166
0.200094 1
0.000479 166
0.201499 1
0.000323 166
0.203228 1
0.000479 166
0.202997 1
0.000250 166
0.200624 1
0.000495 166
0.203871 1
0.000771 166
0.202303 1
0.000630 166
0.204648 1
0.000518 166
0.199149 1
0.000365 166
0.202463 1
0.000581 166
0.201873 1
0.000678 166
0.199694 1
0.000428 166
0.200524 1
0.000425 166
0.199652 1
0.000600 166
0.204148 1
0.000272 166
0.208594 1
0.000516 166
0.215124 1
0.000372 166
0.199621 1
0.000642 166
0.199668 1
0.000663 166
0.199745 1
0.000528 166
0.399495 1
0.000295 166
0.216608 1
0.000250 166
0.200078 1
0.000609 166
0.206472 1
0.000594 166
0.204296 1
0.000581 166
0.199786 1
0.000159 166
0.203308 1
0.000351 166
0.200464 1
0.000431 166
0.199497 1
0.000372 166
0.199700 1
0.000494 166
0.203810 1
0.000417 166
0.201403 1
0.000321 166
0.203342 1
0.000435 166
0.200891 1
0.000423 166
0.203972 1
0.000383 166
0.212102 1
0.000427 166
0.204969 1
0.001089 166
0.202689 1
0.000702 166
0.204821 1
0.000444 166
0.201103 1
0.000443 166
0.199879 1
0.000416 166
0.204515 1
0.000519 166
0.199550 1
0.000512 166
0.200069 1
0.000316 166
0.199986 1
0.000311 166
0.200142 1
0.000414 166
0.199729 1
0.000321 166
0.202854 1
0.000255 166
0.201926 1
0.000433 166
0.202862 1
0.000256 166
0.200610 1
0.000442 166
0.201290 1
0.000484 166
0.200268 1
0.000457 166
0.202688 1
0.000812 166
0.199709 1
0.000523 166
0.199823 1
0.000557 166
0.200027 1
0.000328 166
0.209684 1
0.000569 166
0.204185 1
0.000379 166
0.203640 1
0.000696 166
0.205544 1
0.000195 166
0.201224 1
0.000208 166
0.200330 1
0.000484 166
0.205813 1
0.000340 166
0.204141 1
0.000290 166
0.200081 1
0.000567 166
0.200749 1
0.000253 166
0.203498 1
0.000429 166
0.275580 1
0.000804 166
0.199496 1
0.000894 166
0.199212 1
0.000517 166
0.200742 1
0.000227 166
0.202535 1
0.000347 166
0.202143 1
0.000711 166
0.203119 1
0.000338 166
0.202532 1
0.000453 166
0.209624 1
0.000767 166
0.202543 1
0.000471 166
0.203703 1
0.000614 166
0.202387 1
0.000408 166
0.201340 1
0.000383 166
0.201287 1
0.000229 166
0.201363 1
0.000600 166
0.203000 1
0.000586 166
0.204442 1
0.000673 166
0.203050 1
0.000168 166
0.201174 1
0.000510 166
0.208034 1
0.000437 166
0.200808 1
0.000454 166
0.201201 1
0.001037 166
0.205346 1
0.000439 166
0.201167 1
0.000444 166
0.205650 1
0.000362 166
0.199783 1
0.000568 166
0.200026 1
0.000567 166
0.199933 1
0.000459 166
0.207822 1
0.000900 166
0.205362 1
0.000351 166
0.203429 1
0.000664 166
0.201551 1
0.000191 166
0.209855 1
0.000311 166
0.202807 1
0.000511 166
0.202322 1
0.000337 166
0.268317 1
0.000502 166
0.205506 1
0.000607 166
0.204400 1
0.000464 166
0.206691 1
0.000611 166
0.202428 1
0.000441 166
0.206839 1
0.000463 166
0.217815 1
0.000300 166
0.210669 1
0.000321 166
0.203388 1
0.001249 166
0.203121 1
0.000603 166
0.204619 1
0.000465 166
0.199775 1
0.000430 166
0.202750 1
0.000473 166
0.215249 1
0.000750 166
0.199318 1
0.000659 166
0.199887 1
0.000483 166
0.200738 1
0.000315 166
0.219228 1
0.000693 166
0.201089 1
0.000440 166
0.201431 1
0.000607 166
0.203332 1
0.000514 166
0.206661 1
0.000615 166
0.204743 1
0.000431 166
0.205709 1
0.000436 166
0.199521 1
0.000412 166
0.215917 1
0.000412 166
0.205027 1
0.000442 166
0.199319 1
0.000637 166
0.206433 1
0.000472 166
0.206890 1
0.000512 166
0.200380 1
0.000510 166
0.202582 1
0.000442 166
0.199908 1
0.000260 166
0.205982 1
0.000441 166
0.202723 1
0.000666 166
0.203437 1
0.000344 166
0.203057 1
0.000540 166
0.199818 1
0.000477 166
0.203430 1
0.000488 166
0.240707 1
0.000437 166
0.233209 1
0.000599 166
0.216665 1
0.000473 166
0.299968 1
0.000562 166
0.204043 1
0.000249 166
0.212165 1
0.000394 166
0.233122 1
0.000406 166
0.200157 1
0.000402 166
0.202415 1
0.000241 166
0.206485 1
0.000347 166
0.234214 1
0.000527 166
0.208566 1
0.000354 166
0.306477 1
0.000427 166
0.206457 1
0.000436 166
0.438745 1
0.000463 166
0.206243 1
0.000442 166
0.202142 1
0.000396 166
0.260293 1
0.000350 166
0.208252 1
0.000738 166
0.199304 1
0.000434 166
0.203657 1
0.000673 166
0.205030 1
0.000454 166
0.201471 1
0.000434 166
0.202232 1
0.000771 166
0.212486 1
0.000451 166
0.202028 1
0.000428 166
0.213321 1
0.000317 166
0.203890 1
0.000706 166
0.212241 1
0.000877 166
0.200782 1
0.000435 166
0.201089 1
0.000486 166
0.205447 1
0.000431 166
0.206361 1
0.001260 166
0.200787 1
0.000431 166
0.199709 1
0.000441 166
0.202219 1
0.000433 166
0.199633 1
0.000441 166
0.201396 1
0.000727 166
0.201938 1
0.000263 166
0.202230 1
0.000451 166
0.200575 1
0.000488 166
0.209714 1
0.000429 166
0.487120 1
0.001383 166
0.207225 1
0.000453 166
0.206419 1
0.000317 166
0.201716 1
0.000839 166
0.201504 1
0.000379 166
0.202592 1
0.000431 166
0.204775 1
0.000582 166
0.217735 1
0.000520 166
0.210701 1
0.000439 166
0.204487 1
0.000686 166
0.203462 1
0.000626 166
0.203458 1
0.000427 166
0.211546 1
0.000329 166
0.201643 1
0.000163 166
0.201223 1
0.000667 166
0.204282 1
0.000450 166
0.202854 1
0.000520 166
0.215874 1
0.000513 166
0.199686 1
0.000444 166
0.210938 1
0.000598 166
0.200992 1
0.000570 166
0.208043 1
0.000345 166
0.232590 1
0.000441 166
0.204259 1
0.000852 166
0.225591 1
0.000760 166
0.430511 1
0.000319 166
0.400393 1
0.000371 166
0.204670 1
0.000417 166
0.393274 1
0.000300 166
0.200565 1
0.000544 166
0.213077 1
0.000434 166
0.202978 1
0.000343 166
0.199243 1
0.000268 166
0.201144 1
0.000470 166
0.201987 1
0.000598 166
0.203889 1
0.000697 166
0.203907 1
0.001238 166
0.561913 1
0.000485 166
0.199287 1
0.000435 166
0.202924 1
0.000433 166
0.793836 1
0.000471 166
0.208975 1
0.000570 166
0.231090 1
0.000601 166
0.202800 1
0.000602 166
0.204883 1
0.000430 166
0.220636 1
0.000439 166
0.203272 1
0.000615 166
0.203848 1
0.000354 166
0.882875 1
0.000578 166
0.019103 1
0.000445 166
0.000485 2
0.000400 2
0.000930 96
0.025381 25
4.179494 1
0.346822 1
0.519559 1
0.260286 1
0.297403 1
0.156283 1
0.475880 3
0.408938 1
0.151992 1
0.234697 1
0.133022 1
0.447919 1
0.116992 1
0.555241 1
0.199370 1
0.296713 1
0.125205 1
0.312787 1
0.881131 1
0.310192 1
0.347604 1
0.051045 1
0.715443 1
0.139382 1
0.261350 1
0.896114 1
0.134334 1
0.064889 1
0.264648 1
0.086533 1
0.106399 1
0.268004 1
0.320665 1
0.210282 1
0.355514 1
0.285540 1
0.132135 1
0.078557 1
0.114173 1
0.196428 1
0.291073 2
0.000924 25
0.885832 1
0.167167 1
0.095887 1
0.098989 1
0.110426 1
0.213922 1
0.402208 1
0.145354 1
0.138030 1
0.460969 1
0.292491 1
0.126781 1
0.099113 1
0.092942 1
0.226518 1
0.301534 1
0.135420 2
0.057534 24
0.003245 25
0.748923 16
0.372738 3
0.365185 2
0.060963 17
0.002250 25
2.537701 15
0.727937 1
0.161819 2
0.060503 25
1.208703 1
0.159870 1
0.058025 1
0.073586 1
0.178762 1
0.256640 1
0.583354 1
0.142384 1
0.155627 1
0.579271 1
0.161269 1
0.125693 1
0.341690 2
0.054542 25
0.561620 12
0.707597 1
0.105187 2
0.049358 21
0.002582 25
2.915083 1
0.620134 1
0.457283 1
0.369509 1
0.132183 1
0.408562 1
0.090971 1
0.266460 1
0.341612 1
0.103786 1
0.201528 1
0.299365 1
0.103935 1
0.280892 1
0.139268 1
0.472813 1
4.117755 2
0.000498 25
1.321310 2
0.000444 25
2.107227 1
0.142147 1
0.091167 1
0.146973 1
0.237954 1
1.258169 1
0.113719 1
3.412783 1
0.134195 1
0.823678 1
0.161829 1
1.824455 1
0.118544 1
0.209238 1
1.312864 1
0.234858 1
0.193545 1
0.551723 1
0.160069 1
0.407267 1
0.525558 1
0.088190 1
0.249446 1
0.922972 1
0.097638 1
0.264533 1
0.925598 3
0.148622 3
0.660036 1
0.108932 1
0.689820 1
0.084408 1
0.228418 1
1.252748 1
0.222394 1
0.304634 1
0.578401 1
0.649738 1
0.040354 1
0.039985 1
0.040113 1
0.039044 1
0.040080 1
0.040486 1
0.040172 1
0.040232 1
0.039903 1
0.039701 1
0.039813 1
0.039996 1
0.040217 1
0.040118 1
0.039712 1
0.039927 1
0.039819 1
0.039763 1
0.372838 1
0.310204 5
0.672680 5
0.038626 5
0.040500 5
0.041683 5
0.040288 1
0.039977 1
0.040048 1
0.467675 21
0.579678 1
0.426908 3
0.161289 3
0.156777 3
0.144959 3
0.193440 3
0.364151 3
1.093399 3
0.670113 3
0.039486 3
0.040164 3
0.041888 3
0.039520 3
0.040071 3
0.040468 3
0.039702 3
0.040541 3
0.039114 3
0.230209 3
0.667571 1
0.091361 4
1.585380 1
0.399935 1
0.139910 1
0.326451 1
0.317690 1
0.154562 1
0.250886 1
1.178316 1
0.125437 1
0.251552 1
0.493390 1
0.198568 1
0.179932 1
0.204114 1
0.178876 1
2.852160 3
0.722512 1
0.189124 23
0.837884 1
1.585380 26
0.659073 5
0.170924 5
0.058173 5
0.183240 5
0.141032 5
0.504634 2
0.425963 31
0.058849 25
2.985539 1
0.127170 1
0.098927 1
0.103829 1
0.214150 1
1.419549 1
0.076058 1
0.244848 1
0.518955 1
0.120792 1
0.544098 1
0.333000 1
0.453656 1
0.249761 1
0.208840 1
0.145618 5
0.884188 1
0.224146 1
0.224061 19
3.072513 1
0.308904 2
0.001381 38
0.000044 66
4.800733 1
0.475549 1
0.103781 10
0.351044 19
1.210904 3
0.649028 3
0.042425 3
0.039406 3
0.039561 3
0.040044 3
0.040256 3
0.040105 3
0.040029 3
0.040276 3
0.038906 3
0.040564 3
0.040408 3
0.039882 3
0.040148 3
0.040240 3
0.039805 3
0.039406 3
0.040123 3
0.040652 3
0.039589 3
0.040171 3
0.039337 3
0.039932 3
0.040323 3
0.040073 3
0.040020 3
0.040408 3
0.039902 3
0.219338 3
0.162613 3
3.353625 1
0.433612 1
0.336020 1
1.185280 1
0.147205 1
0.240287 1
0.154173 1
0.130522 1
0.764800 1
0.342343 1
0.566677 1
0.128487 1
0.107713 10
4.213646 2
0.000507 25
4.046920 1
0.432568 1
0.671312 1
0.327706 1
0.303644 1
0.966641 3
0.459339 1
0.121825 1
0.142618 1
0.408625 1
1.212856 1
0.101916 1
0.247848 1
0.454923 1
0.048327 1
0.154210 1
0.134584 1
0.743679 3
0.140885 3
0.106587 3
0.203662 3
0.517130 1
0.183621 1
0.133247 1
0.141701 1
1.143189 1
0.272561 1
0.066681 1
0.541067 1
0.115658 1
0.706409 1
0.306342 1
0.192152 1
0.152494 1
0.148888 1
0.097773 1
0.079269 1
0.164124 1
1.449438 1
0.606518 1
0.214676 1
0.180681 1
1.178915 1
0.097498 1
0.182356 1
0.077390 1
0.187950 1
3.454488 2
0.000706 25
1.692757 1
0.172271 1
0.376949 1
0.173669 1
0.115966 1
0.449719 1
1.923829 1
0.133010 1
0.244758 1
0.176011 1
1.281311 3
0.145599 3
0.326910 3
0.640568 1
0.128065 1
0.341129 1
1.795664 3
0.502269 1
0.106938 1
1.178770 1
0.419456 1
0.400677 3
0.173697 1
0.166728 1
0.424630 1
0.275717 1
1.117452 1
0.841787 3
0.137795 3
0.915473 1
0.084963 1
0.530374 1
0.285029 1
0.097912 1
0.136463 1
0.435739 1
0.278448 1
0.279508 1
0.127521 1
0.555435 3
0.115627 3
0.379283 1
0.153342 1
0.240732 1
0.429524 1
0.114682 1
0.167763 1
0.483401 3
0.086296 1
0.520900 1
0.097081 1
0.155765 1
0.265770 1
1.164130 1
0.317113 1
0.231750 1
0.140172 1
1.338032 1
0.107328 1
0.176175 1
0.123020 1
0.154706 1
0.602606 1
0.524163 3
0.280699 1
0.222795 1
0.168173 1
0.229942 1
0.120996 1
8.955738 63
1.633326 2
0.000933 25
0.909818 1
0.144168 1
1.014586 1
0.323093 1
19.434246 49
1.431806 2
0.000435 25
1.127277 2
0.000351 25
6.988379 53
0.168285 141
0.125095 66
0.159305 71
0.173890 47
0.139345 33
0.124671 4
0.138785 8
0.111753 4
0.108464 1
0.150430 54
0.147346 100
0.393577 36
0.196871 86
0.243334 38
0.201525 21
0.300183 28
0.208150 25
0.178271 62
0.153096 99
0.588190 106
0.239225 49
0.569268 46
0.173224 103
0.169377 86
0.398094 36
0.518837 62
0.396230 1
0.664164 1
0.042101 1
0.039777 1
0.039978 1
0.040783 1
0.039714 1
0.039772 1
0.040292 1
0.040292 1
0.040051 1
0.039501 1
0.040708 1
0.039201 1
0.040116 1
0.040399 1
0.040187 1
0.039686 1
0.040130 1
0.039378 1
0.040336 1
0.040305 1
0.039968 1
0.039515 1
0.039645 1
0.040230 1
0.040380 1
0.040082 1
0.040169 1
0.039029 1
0.040861 1
0.039316 1
0.040482 1
0.039890 1
0.039679 1
1.087432 5
0.161319 5
1.050843 1
0.497039 5
0.426798 1
0.428909 5
0.198936 1
0.708535 5
0.288122 5
0.208357 5
0.141384 9
1.567078 5
0.154983 25
1.027696 5
0.164380 1
1.331786 5
0.120242 5
0.224540 1
0.571709 5
0.153149 5
0.097271 5
0.810430 5
0.245530 5
0.196587 5
0.492783 19
1.910928 4
0.661496 4
0.039690 4
0.040602 4
0.039837 4
0.039785 4
0.039630 4
0.040769 4
0.039441 4
0.040544 4
0.039941 4
0.039241 4
0.040786 4
0.039770 4
0.039515 4
0.040657 4
0.040074 4
0.039860 4
0.039938 4
0.039891 4
0.040099 6
0.040013 4
0.222188 4
0.159141 4
0.153248 4
0.286656 4
1.829621 2
0.165914 15
0.001517 25
3.498031 1
0.121603 1
0.269784 1
1.028793 1
0.933517 3
0.154605 3
0.152114 3
0.152269 3
0.785232 1
0.388913 1
0.567915 3
0.535155 1
0.575776 1
0.114198 1
0.383901 1
0.373939 3
0.553044 1
0.283005 1
0.126902 1
0.708876 1
0.294251 1
0.323965 1
0.204728 1
0.466729 3
0.144491 3
0.665906 1
0.104214 1
0.162289 1
0.671450 1
0.116469 1
0.090471 1
1.506698 1
0.325847 1
0.153464 1
0.766080 1
0.493422 1
0.056136 1
0.129088 1
1.012484 1
0.079641 1
0.411485 1
0.181270 1
0.290126 3
0.126888 3
0.086967 1
0.713888 3
0.609064 1
0.083695 1
0.599540 1
0.104581 1
0.193731 1
0.478237 1
0.097173 1
0.166767 1
1.113693 1
0.136405 1
0.161268 1
0.118947 1
2.757331 1
0.544371 1
0.193217 1
0.174734 1
1.345102 1
0.112874 1
0.188272 1
0.092785 1
0.325514 1
0.911336 2
0.000544 25
9.311346 1
0.094074 1
0.851381 1
0.238731 1
0.125703 4
0.845821 1
0.088572 1
0.337871 1
0.119147 1
0.662631 1
0.092786 1
0.275443 2
0.063350 27
0.000048 183
0.002350 25
2.111569 14
0.147867 59
0.611587 103
0.178893 84
0.168574 141
0.388940 66
0.326819 71
0.310531 47
0.474382 61
0.308956 1
0.673661 1
0.039060 1
0.040023 1
0.040386 1
0.039588 1
0.039715 1
0.039878 1
0.040871 1
0.039181 1
0.040821 1
0.039648 1
0.039873 1
0.039646 1
0.040289 1
0.039893 1
0.040302 1
0.039442 1
0.040193 1
0.040085 1
0.040338 1
0.039668 1
0.039829 1
0.040077 1
0.040155 1
0.574100 1
0.437869 1
0.669164 1
0.038471 1
0.040145 1
0.040495 1
0.040019 1
0.039885 1
0.040168 1
0.040177 1
0.039954 1
0.039406 1
0.040668 1
0.039305 1
0.040168 1
0.039828 1
0.040666 1
0.039479 1
0.040122 1
0.040296 1
0.040064 1
0.039974 1
0.039309 1
0.040554 1
0.039343 1
0.040547 1
0.040145 1
0.040168 1
0.039958 1
0.039962 1
0.278749 3
0.667085 3
0.041748 3
0.039825 3
0.040615 3
0.040121 3
0.039766 3
0.039549 3
0.040316 3
0.039894 3
0.040058 3
0.040347 3
0.039173 3
0.040629 3
0.039550 3
0.040324 3
0.040117 3
0.040193 3
0.039488 3
0.040073 3
0.039882 3
0.040304 3
0.040284 3
0.039867 3
0.039322 3
0.040183 3
0.040427 3
0.039283 3
0.040340 3
0.040440 3
0.196463 3
0.145381 3
0.553399 1
0.083090 1
0.408900 1
0.199092 1
1.731082 1
0.081380 1
0.233258 1
3.999146 1
0.672830 1
0.316957 1
0.123973 6
0.605800 1
0.158171 20
0.836119 2
0.091609 27
0.000047 183
0.002180 25
1.193612 50
0.624198 3
0.408277 2
0.108696 27
0.000049 183
0.002342 25
11.369234 1
0.105236 1
0.144321 1
0.597456 1
0.403296 1
0.317072 1
0.249230 1
0.135769 5
0.733697 1
0.129985 20
0.397001 2
0.086389 18
0.003531 25
13.293034 33
0.226486 75
10.590717 3
0.768831 2
1.863246 2
0.372322 27
0.000185 183
0.002836 25
6.592821 50
4.480811 3
0.912754 1
0.451541 1
0.673355 1
0.042399 1
0.040058 1
0.039419 1
0.040249 1
0.039529 1
0.040114 1
0.040454 1
0.040415 1
0.039562 1
0.039666 1
0.040250 1
0.040480 1
0.039461 1
0.040263 1
0.039951 1
0.039197 1
0.291329 1
0.177491 1
0.174815 1
0.155329 1
0.166227 1
0.668739 1
0.040904 1
0.039682 1
0.042487 1
0.040140 1
0.039223 1
0.295428 1
0.680099 5
0.400824 2
0.088380 27
0.000075 19
0.000035 1
0.000036 23
0.000035 2
0.000035 1
0.000034 1
0.000036 54
0.000034 2
0.000034 1
0.000034 29
0.000034 2
0.000034 1
0.000034 1
0.000034 44
0.000034 2
0.002455 25
4.118001 1
0.211375 1
0.166219 1
0.157484 1
0.163515 1
0.147275 1
0.332714 3
0.658151 3
0.041997 3
0.040242 3
0.040238 3
0.039495 3
0.040393 1
0.657242 1
0.324497 1
0.483887 1
0.198979 1
0.063895 1
0.203953 1
0.159147 1
0.103778 1
0.370601 3
0.144441 3
0.147039 3
0.141871 3
0.404666 3
0.309153 1
0.161657 1
0.145862 1
0.162125 1
0.108603 1
0.129302 1
0.936293 1
0.245353 1
0.152196 1
0.147434 1
0.722776 3
0.339107 3
0.168498 3
0.066606 3
0.603906 1
0.300489 1
0.496328 1
0.254727 1
0.066693 1
0.709567 1
0.201695 1
0.079447 1
0.214767 1
0.034903 1
0.204824 1
0.071457 1
0.124285 1
0.371369 1
0.090691 1
0.090910 1
0.147222 1
0.009949 1
0.550921 3
0.138038 3
0.124378 1
0.445274 1
0.154231 1
0.154474 1
0.289789 1
0.406996 3
0.468846 1
0.320268 1
0.256059 1
0.138760 1
0.385974 27
1.103954 2
0.000361 25
0.760659 1
0.146461 1
0.336380 1
0.598580 3
0.145521 3
0.167180 3
0.101875 1
0.409084 1
0.119535 1
0.109396 1
0.137595 1
0.190878 1
1.829676 1
0.080542 1
0.187878 7
0.308073 2
0.138666 8
0.000630 42
0.000869 26
0.000033 28
0.000274 31
0.000033 7
0.000114 3
0.000060 189
0.000233 123
0.000063 90
0.000059 121
0.000045 89
0.000071 121
0.000028 52
0.000112 5
0.000068 91
0.000031 16
0.000030 15
0.000062 37
0.000060 60
0.000048 68
0.566891 26
0.153464 26
0.149277 26
1.837542 29
0.946991 59
0.661809 11
0.000080 11
0.000074 1
0.041516 11
0.000129 11
0.000065 1
0.040355 11
0.000081 11
0.000075 1
0.039792 23
0.040069 11
0.000188 12
0.040193 23
0.040327 23
0.039648 23
0.040082 23
0.039191 23
0.040213 11
0.000074 11
0.000054 1
0.039873 23
0.040408 23
0.039664 23
0.040318 38
0.039672 23
0.040200 23
0.040171 23
0.219556 23
1.270523 23
0.098023 23
0.138211 23
0.141943 23
1.137335 11
0.000138 11
0.000094 3
0.148650 25
0.786890 23
0.082083 23
2.496541 23
0.137313 23
0.410425 11
0.000129 12
0.309298 25
0.096149 23
0.892982 11
0.000083 11
0.000051 1
0.092586 23
0.166528 11
0.000126 12
0.650898 23
0.145118 23
0.209694 23
1.139023 23
0.042161 23
0.676878 23
0.872782 11
0.000140 11
0.000084 3
1.209142 11
0.000138 11
0.000056 3
0.180838 25
0.162240 11
0.000127 11
0.000070 3
0.142575 25
0.263252 25
1.519498 25
0.354993 25
0.664379 28
0.160790 11
0.000126 11
0.000103 6
0.467205 11
0.000096 11
0.000092 3
0.369266 11
0.000137 11
0.000058 3
0.425916 11
0.000126 11
0.000092 3
0.185476 25
1.287355 11
0.000126 11
0.000099 3
0.125887 25
0.641212 11
0.000069 11
0.000030 7
0.180302 29
0.155349 29
0.204538 26
0.456174 25
0.172984 29
0.562606 29
0.326040 11
0.000060 11
0.000074 1
0.173658 23
0.136548 23
6.588190 11
0.000329 11
0.000014 1
0.661725 23
0.038673 23
0.040262 11
0.000031 12
0.041577 23
0.040238 23
0.040479 23
0.039888 23
1.911080 50
0.967734 50
0.138932 11
0.000093 11
0.000057 28
0.080813 50
0.261674 50
0.211337 50
0.240067 50
0.136444 52
0.182472 50
0.102848 50
0.871423 29
0.199246 29
0.203830 29
0.763962 23
1.437769 25
0.204842 25
0.235426 25
0.377701 25
0.098994 25
0.190494 11
0.000169 11
0.000159 3
2.168502 11
0.000141 11
0.000054 1
0.000103 5
0.154763 28
0.146805 28
0.328058 11
0.000129 11
0.000107 1
0.000010 5
0.516261 25
0.155671 25
0.086612 25
0.103437 25
0.916213 25
0.413168 25
0.228323 25
1.034051 11
0.000087 18
0.144235 29
0.879816 29
0.327295 11
0.000067 11
0.000041 7
0.396167 29
0.810279 11
0.000062 11
0.000067 7
0.156371 29
0.185786 29
0.442791 30
1.156415 29
0.336617 28
0.157702 29
0.155721 29
0.540479 11
0.000060 11
0.000127 7
0.195454 29
0.581028 29
0.392324 30
1.980813 23
0.649289 23
0.039005 23
0.039716 23
0.041429 11
0.000097 11
0.000103 1
0.040059 11
0.000077 11
0.000076 1
0.040147 23
0.039954 22
0.000065 1
0.039915 11
0.000069 11
0.000068 1
0.040036 11
0.000090 11
0.000105 1
0.039521 23
0.040260 23
0.040107 23
0.039444 23
0.040499 23
0.254145 23
0.168199 23
1.303395 11
0.000134 12
0.427273 23
0.168819 23
0.157589 23
1.115938 11
0.000138 12
0.089097 23
0.579338 11
0.000061 11
0.000149 1
0.728771 23
0.415998 25
0.128271 25
0.336238 23
0.399944 11
0.000135 12
0.135743 23
0.306102 11
0.000128 12
0.077688 23
0.196973 23
0.218191 23
0.326091 23
2.248337 11
0.000128 11
0.000080 1
1.451790 23
0.089305 23
0.387429 23
0.570479 11
0.000127 11
0.000100 3
0.158007 25
0.187618 25
0.178330 11
0.000127 11
0.000097 3
0.099226 25
0.146787 25
0.652769 25
0.320406 11
0.000138 11
0.000059 3
0.069978 25
0.293034 11
0.000140 11
0.000139 3
0.118799 25
0.606434 25
0.172107 25
0.256012 25
0.238324 11
0.000143 11
0.000067 3
0.114935 25
0.384564 11
0.000139 11
0.000067 3
0.330930 11
0.000169 11
0.000137 3
0.099410 25
1.326350 11
0.000137 11
0.000067 3
0.122189 27
0.307370 25
0.174529 11
0.000075 11
0.000069 3
0.197960 11
0.000125 11
0.000093 3
0.139787 27
0.385712 11
0.000138 11
0.000073 3
0.218495 11
0.000136 11
0.000069 3
0.127279 25
0.147435 11
0.000126 11
0.000086 1
0.000057 4
0.312479 25
0.666171 28
0.665902 28
0.039939 28
0.039868 28
0.039408 11
0.000090 11
0.000087 1
0.000057 5
0.040364 28
0.039325 11
0.000140 11
0.000058 1
0.000068 5
0.040465 28
0.039104 28
0.040407 28
0.040046 11
0.000117 11
0.000208 1
0.000039 5
0.336684 28
0.518865 25
0.091235 11
0.000205 14
1.078463 25
0.106443 25
0.103200 11
0.000095 11
0.000105 3
0.246221 25
0.194691 25
0.331200 11
0.000141 11
0.000053 3
0.135413 11
0.000125 11
0.000088 1
0.000077 4
0.238501 25
0.098157 25
0.107251 25
0.695845 25
0.225593 25
0.107474 25
0.171420 11
0.000081 11
0.000073 3
0.100985 25
0.541197 25
0.200175 25
0.198141 25
0.723402 11
0.000140 11
0.000099 1
0.000053 5
0.283053 11
0.000101 11
0.000100 1
0.000068 5
0.435713 28
0.194820 11
0.000098 11
0.000102 3
0.763305 25
0.090595 25
0.208432 25
1.870026 29
0.167809 29
0.369903 29
4.146394 23
0.657422 23
0.039524 23
0.040384 23
1.393537 23
0.190250 23
0.196821 23
0.336375 23
0.453115 23
0.156007 23
0.117794 23
0.634072 23
0.094366 23
0.192063 23
0.547744 23
0.166590 23
0.317029 11
0.000129 12
0.167882 11
0.000142 12
0.108641 23
0.902822 29
0.931419 27
0.187454 29
1.245273 11
0.000135 18
0.663286 27
0.607119 23
0.188366 23
0.522135 23
0.157134 23
0.149308 22
0.000015 1
0.335301 23
0.166492 23
0.211543 23
0.630720 23
0.374063 11
0.000113 12
0.375023 23
0.101286 23
0.503987 11
0.000184 11
0.000101 1
1.473429 23
0.117386 23
0.236083 11
0.000151 11
0.000043 1
1.215355 11
0.000188 11
0.000101 1
0.132990 11
0.000068 11
0.000059 1
0.000038 2
0.171725 25
0.111910 23
0.196726 11
0.000070 11
0.000062 1
0.000035 2
0.161823 11
0.000105 11
0.000117 1
0.000065 2
0.146963 25
0.486318 22
0.000017 1
0.254776 23
0.161477 23
0.255706 23
0.567371 11
0.000107 11
0.000061 1
0.138708 23
0.208519 23
0.723624 23
0.361823 23
0.210745 23
0.995077 23
1.326353 25
0.290843 23
0.346335 25
0.186479 25
0.591550 23
0.097436 11
0.000105 12
0.242233 23
0.507365 11
0.000134 12
0.136120 23
0.075301 23
0.183218 23
0.196230 23
0.148143 11
0.000163 12
0.150649 23
0.186004 23
1.594708 23
0.586299 23
0.145388 23
0.094236 23
0.110705 23
1.022761 11
0.000087 11
0.000084 1
0.078798 23
0.650326 23
2.430834 23
0.568872 11
0.000139 11
0.000073 1
2.773493 23
0.149843 23
0.092571 23
0.113680 23
0.102165 23
0.195636 23
0.208645 23
0.255076 23
0.446125 23
0.135992 23
0.180340 23
0.261099 23
0.095434 23
2.526654 23
0.139058 23
0.467690 11
0.000086 12
0.305972 23
0.703253 23
0.436168 11
0.000098 11
0.000058 1
0.000038 2
0.307542 23
0.115165 23
0.199672 11
0.000096 11
0.000041 1
0.122021 23
0.146881 23
0.469291 23
0.086668 23
0.130579 23
0.177145 23
0.181482 23
0.280932 23
2.141397 11
0.000062 11
0.000130 7
0.145282 29
1.185818 11
0.000140 11
0.000055 1
1.219063 23
3.012843 293
1.319455 347
0.124513 55
0.057147 26
0.000075 4
0.000053 39
0.000060 1
0.000058 8
0.000065 11
0.000071 8
0.000031 8
0.013841 25
1.076493 1
0.214233 1
0.196017 1
0.133718 1
0.614757 1
0.083368 1
0.211424 7
0.309084 2
0.096294 496
0.003597 25
14.062231 1
0.321939 1
1.383107 1
0.311562 1
0.296642 1
1.631953 1
0.141062 1
0.857125 1
0.221511 1
0.127820 1
0.849799 1
0.124606 1
0.146983 1
0.096793 1
1.187984 3
0.153070 3
0.191491 1
0.507375 1
0.099814 1
0.238452 1
0.702499 1
0.102595 1
0.107357 1
0.047275 1
0.196454 1
0.933905 1
0.104758 1
0.157709 1
0.234701 1
0.154939 1
0.138973 1
0.822988 1
0.189639 1
0.451833 1
0.373885 3
0.415625 1
0.388882 1
0.582392 3
0.667670 3
0.039141 3
0.039669 3
0.041894 3
0.039908 3
0.040176 3
0.193790 3
0.156320 3
0.114240 3
0.522764 1
0.087779 1
0.268875 1
0.126872 1
0.185779 1
0.191712 1
0.011943 1
0.196602 1
0.446670 1
0.367400 3
0.252822 1
0.411264 1
0.463997 1
0.352477 1
0.354490 1
0.158087 1
0.089111 1
0.125443 1
0.141247 1
0.264261 1
0.749149 1
0.091763 1
0.169666 1
0.745128 1
0.122216 1
0.246551 1
2.493070 1
0.319253 1
0.381305 1
0.159364 1
0.497388 1
0.096828 1
0.101982 1
0.118955 1
0.217185 1
0.521995 1
0.120813 1
0.160163 1
0.106376 1
0.432040 1
0.150466 1
0.235203 1
0.106354 1
0.105162 1
0.425097 2
0.000453 25
1.694053 1
0.126472 1
0.327456 1
1.315667 1
0.232819 1
0.198929 1
0.187807 1
0.147701 1
0.558488 1
0.174229 1
0.169589 1
0.290415 1
2.058913 1
0.762479 1
0.481635 1
0.207058 1
0.113291 1
0.483625 1
0.261468 1
0.193663 1
0.099810 1
0.035720 1
0.145138 1
0.266329 1
0.625096 1
0.218802 1
0.323876 1
0.235562 1
0.200216 1
0.217730 1
0.164228 1
0.099071 1
1.525322 1
0.111824 1
0.134934 1
0.224386 1
0.142709 1
0.116858 1
1.973192 1
0.160568 1
0.193511 1
0.616923 1
0.781880 1
0.412906 1
0.169899 1
0.310270 1
0.228017 1
0.144298 1
0.167622 1
0.098020 1
0.080590 1
3.511218 2
0.000839 25
0.371181 1
0.150477 1
0.404693 1
0.376523 1
0.645039 1
0.234826 1
0.113273 1
0.205869 1
0.782245 1
0.350054 1
0.119824 1
0.984624 1
0.614383 1
0.153017 1
0.141456 1
0.228106 1
1.650703 3
0.149606 3
0.155322 3
0.156642 3
0.129449 3
0.086072 3
0.182093 3
0.235453 3
0.600108 1
0.231709 1
0.237888 1
0.087062 1
0.582351 1
0.154586 1
0.090490 1
0.530992 1
0.244091 1
0.107242 1
0.548092 1
0.109603 1
0.448467 1
0.146184 1
0.236380 1
2.092963 1
0.287057 1
0.110490 1
0.650314 1
0.115112 1
0.190685 1
0.453245 1
0.173115 1
0.187540 1
0.801843 1
0.114903 1
0.089126 1
0.142360 1
0.848849 1
0.359056 1
0.119359 1
0.181557 1
2.194245 3
0.399307 3
0.470696 1
0.517723 1
2.717049 1
0.735293 1
0.090017 1
0.141333 1
1.008517 3
0.297814 3
0.173268 3
0.121939 3
0.520226 3
0.199174 3
0.251873 3
0.481724 7
0.502725 3
0.427480 7
0.438044 3
0.125890 3
0.228850 3
0.102829 3
0.137227 3
2.245736 3
0.198089 3
0.655102 3
0.308797 3
0.180283 3
0.083210 3
0.087257 3
0.141867 3
7.994669 3
0.136707 3
0.239801 3
0.110511 3
0.389402 3
0.650527 3
0.241758 3
0.343345 3
0.177534 3
0.067127 3
0.102602 3
0.225753 3
1.304304 3
1.024415 3
0.286584 3
0.228343 3
0.126704 3
0.220289 3
0.288979 3
0.128245 3
0.647460 3
0.142446 3
0.276670 3
0.152962 3
0.253638 3
0.119339 3
0.330152 3
0.141416 3
0.188318 3
0.757180 3
0.309917 3
0.231469 3
0.052902 3
0.664554 1
0.412239 2
0.000551 25
0.912657 2
0.000557 25
12.466037 8
0.058138 19
0.000181 55
16.574106 1
0.073196 1
0.098626 1
0.159434 133
4.407582 1
0.089124 1
0.160662 11
0.044023 168
0.000513 19
0.000087 8
0.000065 47
1.733975 1
0.136397 1
0.198867 1
0.162764 1
0.133920 1
0.137692 1
1.455953 1
0.061539 1
1.617245 4
0.149456 4
6.081027 1
0.125155 1
0.209658 1
0.118050 1
1.224883 4
0.166728 4
0.150555 4
0.138955 4
0.688099 1
0.083156 1
1.577413 1
0.168720 1
0.154442 1
0.225326 1
0.880634 1
1.330223 1
0.112288 1
0.233018 1
0.160944 1
0.487808 4
0.150538 4
0.158207 4
0.134715 4
0.444195 1
0.199844 1
0.141209 1
1.196447 1
0.332904 1
0.478552 1
0.110879 1
0.362518 11
0.030821 19
0.000326 55
0.573202 1
0.105597 1
0.068920 1
0.771603 1
0.100247 2
1.649847 1
0.202167 12
0.928358 113
1.967678 1
0.341933 1
0.184091 1
0.117659 1
0.144629 1
0.896273 1
0.702444 120
0.752985 224
0.701581 2
0.000041 9
0.118028 138
0.211434 60
0.000153 37
0.363305 34
0.000043 65
0.061516 12
0.188249 40
0.382412 11
0.000274 592
0.000222 595
0.000049 75
0.033592 38
0.000046 130
0.090868 12
0.093049 40
0.738174 8
0.000220 51
0.000076 54
0.000046 169
0.201858 167
0.215000 167
0.206505 167
0.203232 167
0.205990 167
0.206289 1
0.000040 166
0.212097 167
0.211492 167
0.234103 167
0.236473 167
0.204315 167
0.200646 167
0.211307 167
0.206962 167
0.200310 167
0.200224 167
0.201832 167
0.200610 167
0.200740 167
0.200369 167
0.201716 167
0.205556 167
0.204853 167
0.204207 167
0.201587 167
0.200012 167
0.204292 167
0.203557 167
0.202625 167
0.200987 167
0.200967 167
0.210316 167
0.205046 167
0.200972 167
0.201950 167
0.202044 167
0.203177 167
0.201783 167
0.231009 167
0.210217 167
0.212277 167
0.204959 167
0.205251 167
0.201653 167
0.215378 167
0.204599 167
0.202605 167
0.205900 167
0.200208 167
0.207093 167
0.200515 167
0.222097 167
0.203791 167
0.207053 167
0.206350 167
0.221357 167
0.216758 167
0.210309 167
0.214384 167
0.273361 167
0.206801 167
0.213842 167
0.202351 167
0.224608 167
0.205730 167
0.201280 167
0.200777 167
0.200343 167
0.270693 167
0.201635 167
0.200621 167
0.200479 167
0.207051 167
0.206713 167
0.212038 1
0.000074 166
0.212903 167
0.209028 167
0.200127 167
0.201147 167
0.201078 167
0.202749 167
0.201379 167
0.203083 167
0.207569 167
0.211459 167
0.202791 167
0.217065 167
0.207596 167
0.201752 167
0.200576 167
0.209809 167
0.203242 167
0.206940 167
0.204136 167
0.201429 167
0.205475 167
0.202548 167
0.204819 167
0.209896 167
0.201516 167
0.200950 167
0.200359 167
0.202023 167
0.210902 167
0.202812 167
0.200774 167
0.209305 167
0.201819 167
0.211507 167
0.200781 167
0.202124 167
0.236326 167
0.204825 167
0.204439 167
0.209157 167
0.201685 167
0.200982 167
0.201031 167
0.201023 167
0.203355 167
0.214933 167
0.201720 167
0.197109 171
0.000188 105
0.040485 34
0.000156 68
4.460879 1
0.253033 1
0.160088 1
2.254820 4
0.155870 4
0.151755 4
0.540797 1
0.201420 1
0.093650 1
0.042258 1
0.176745 1
0.221496 1
0.425779 1
0.204312 1
0.186094 11
0.040481 13
0.000439 34
0.000104 8
0.000037 60
5.508052 1
1.302997 4
0.166939 1
0.442262 1
0.186775 1
0.139890 1
0.327902 1
0.118038 1
0.339226 1
0.164762 1
0.454874 1
0.092625 1
0.271910 143
6.123669 1
0.227529 1
0.596729 1
0.137893 1
0.167976 2
0.663259 1
0.508974 1
0.468050 1
0.141214 1
0.477581 4
0.161862 4
1.104840 1
0.124078 11
0.029189 549
0.000021 81
0.000055 469
0.000075 382
0.000030 299
0.000862 34
0.000092 8
0.000038 60
21.526839 1
0.240099 1
0.304859 1
0.261896 1
0.098867 1
0.106037 1
0.586797 1
0.934435 36
1.178319 2
0.000043 9
0.002855 47
0.000433 21
0.000142 29
0.000122 52
0.000152 61
0.000112 76
0.000117 89
0.000248 2
0.000082 71
0.000106 2
0.000120 72
0.000105 96
0.033823 2
0.000115 88
0.000703 2
0.000072 94
0.001833 2
0.000079 95
0.000696 2
0.000072 96
0.000545 2
0.000065 98
0.000460 2
0.000063 90
0.064090 2
0.000111 100
0.000392 2
0.000066 92
0.001970 2
0.000119 86
0.000084 89
0.043068 2
0.000154 95
0.000092 97
0.000104 112
0.000090 125
0.000101 2
0.000067 100
0.046885 2
0.000147 107
0.000096 117
0.000070 2
0.000085 122
0.000092 128
0.000083 153
0.000072 2
0.000066 129
0.004531 2
0.000114 139
0.000075 2
0.000067 140
0.000045 2
0.000105 131
0.000091 147
0.000094 154
0.000088 172
0.006640 462
0.044829 2
0.000126 113
0.000076 123
0.000057 2
0.000070 128
0.000077 134
0.000087 159
0.000062 2
0.000053 135
0.004607 2
0.000066 145
0.000049 2
0.000055 146
0.000029 2
0.000093 137
0.000082 153
0.000084 160
0.000074 178
0.003258 2
0.000117 96
0.000073 106
0.000051 2
0.000074 111
0.000081 117
0.000063 142
0.000058 2
0.000049 118
0.004575 2
0.000061 128
0.000052 2
0.000050 129
0.000030 2
0.000110 120
0.000089 136
0.000082 143
0.000071 161
0.003256 2
0.000060 95
0.000729 2
0.000048 96
0.000580 2
0.000048 92
0.000958 2
0.000043 94
0.000801 2
0.000043 94
0.000569 2
0.000102 95
0.000061 107
0.200825 2
0.000172 104
0.000060 106
0.000098 121
0.000057 134
0.000066 2
0.000051 118
0.181385 2
0.000155 116
0.000059 126
0.000050 2
0.000055 126
0.011893 507
0.185561 2
0.000161 122
0.000097 132
0.000079 2
0.000073 132
0.016660 339
0.006655 2
0.000118 91
0.000419 2
0.000092 95
0.000417 2
0.000105 104
0.000094 113
0.000079 115
0.000093 130
0.000082 143
0.000080 2
0.000078 125
0.000079 135
0.000065 2
0.000063 136
0.000625 2
0.000090 121
0.000088 136
0.000080 149
0.000082 2
0.000078 131
0.000077 141
0.000064 2
0.000064 142
0.000641 2
0.000098 114
0.000113 124
0.000073 2
0.000062 125
0.000621 2
0.000092 96
0.000072 109
0.000933 2
0.000087 105
0.000082 107
0.000084 122
0.000080 135
0.000078 2
0.000064 120
0.000935 2
0.000120 117
0.000088 127
0.000073 2
0.000075 113
0.000084 128
0.000083 141
0.000077 2
0.000065 126
0.000917 2
0.000091 123
0.000083 133
0.000072 2
0.000071 106
0.000072 116
0.000068 2
0.000063 98
0.001734 2
0.000084 89
0.000394 2
0.000062 91
0.000731 2
0.000068 94
0.002923 2
0.000132 67
0.000081 85
0.000630 2
0.000063 68
0.000045 2
0.000077 71
0.000067 81
0.000838 2
0.000115 82
0.000076 94
0.000288 2
0.000059 83
0.001482 2
0.000097 43
0.000073 46
0.043467 2
0.000147 52
0.000097 54
0.000081 57
0.042886 2
0.000150 64
0.000092 74
0.000076 2
0.000075 79
0.000086 85
0.000075 110
0.000074 2
0.000062 86
0.004576 2
0.000144 96
0.000061 2
0.000063 97
0.000044 2
0.000092 88
0.000084 104
0.000084 111
0.000080 129
0.003259 2
0.000122 60
0.000077 63
0.045327 2
0.000097 70
0.000071 80
0.000065 2
0.000061 85
0.000072 91
0.000059 116
0.000058 2
0.000048 92
0.004570 2
0.000061 102
0.000052 2
0.000046 103
0.000031 2
0.000088 94
0.000069 110
0.000076 117
0.000066 135
0.003251 2
0.000074 53
0.000062 63
0.000053 2
0.000054 68
0.000066 74
0.000060 99
0.000055 2
0.000041 75
0.004596 2
0.000058 85
0.000048 2
0.000041 86
0.000027 2
0.000084 77
0.000076 93
0.000066 100
0.000057 118
0.003242 2
0.000043 43
0.000037 2
0.000072 51
0.000075 59
0.000047 81
0.000049 2
0.000034 62
0.000113 2
0.000054 59
0.000049 75
0.000037 2
0.000051 60
0.000062 62
0.000066 77
0.000052 90
0.000070 2
0.000042 93
0.000026 2
0.000043 90
0.000020 2
0.000039 95
0.000038 2
0.000043 90
0.000030 2
0.000083 70
0.000032 92
0.000044 2
0.000041 73
0.000109 2
0.000055 70
0.000056 86
0.000031 2
0.000056 72
0.000053 82
0.000054 2
0.000052 68
0.000064 83
0.000055 96
0.000061 2
0.000054 99
0.000027 2
0.000046 96
0.000037 2
0.000062 101
0.000039 2
0.000051 96
0.000032 2
0.000064 76
0.000057 98
0.000041 2
0.000043 79
0.000116 2
0.000059 76
0.000057 92
0.000030 2
0.000055 78
0.000053 88
0.000054 2
0.000051 61
0.000047 71
0.000050 2
0.000052 52
0.000047 64
0.179691 2
0.000088 60
0.000081 89
0.000210 2
0.000044 76
0.000065 2
0.000038 77
0.000153 2
0.000034 80
0.000063 2
0.000036 75
0.000073 2
0.000035 75
0.000179 2
0.000036 83
0.000059 2
0.000038 84
0.000071 2
0.000034 74
0.000041 2
0.000038 80
0.000059 2
0.000036 80
0.000055 2
0.000037 75
0.000060 2
0.000067 60
0.000051 76
0.000035 2
0.000049 61
0.000062 63
0.000056 75
0.177933 2
0.000091 71
0.000093 100
0.000090 2
0.000042 87
0.000068 2
0.000040 88
0.000145 2
0.000040 91
0.000059 2
0.000040 86
0.000070 2
0.000039 86
0.000170 2
0.000042 94
0.000059 2
0.000064 95
0.000044 2
0.000043 85
0.000042 2
0.000043 91
0.000063 2
0.000041 91
0.000055 2
0.000042 86
0.000053 2
0.000069 71
0.000055 87
0.000034 2
0.000058 73
0.000052 83
0.000047 2
0.000043 83
0.010245 2
0.000096 69
0.000073 81
0.181479 2
0.000171 183
0.000090 2
0.000048 93
0.000059 2
0.000045 94
0.000150 2
0.000047 97
0.000054 2
0.000045 92
0.000077 2
0.000046 92
0.000164 2
0.000046 100
0.000053 2
0.000045 101
0.000065 2
0.000043 91
0.000044 2
0.000042 97
0.000058 2
0.000053 97
0.000066 2
0.000044 92
0.000053 2
0.000066 77
0.000057 93
0.000036 2
0.000055 79
0.000055 89
0.000043 2
0.000043 89
0.010280 2
0.000096 62
0.000161 74
0.000023 72
0.011896 2
0.000090 60
0.000069 68
0.000067 102
0.000060 2
0.000039 90
0.000049 2
0.000039 90
0.001701 835
0.009164 2
0.000092 67
0.000065 75
0.000071 90
0.000059 2
0.000041 83
0.000169 2
0.000041 90
0.000497 2
0.000046 99
0.000043 2
0.000068 82
0.000070 106
0.000106 2
0.000039 80
0.000780 2
0.000063 75
0.000056 91
0.000039 2
0.000053 76
0.000064 78
0.000062 86
0.000055 101
0.000058 2
0.000046 94
0.000070 2
0.000045 101
0.000535 2
0.000050 110
0.000042 2
0.000070 93
0.000060 117
0.000105 2
0.000058 91
0.000799 2
0.000070 86
0.000065 102
0.000036 2
0.000063 88
0.000055 98
0.000054 2
0.000055 84
0.000069 92
0.000058 107
0.000056 2
0.000044 100
0.000069 2
0.000044 107
0.000486 2
0.000054 116
0.000036 2
0.000067 99
0.000059 123
0.000103 2
0.000044 97
0.000806 2
0.000070 92
0.000064 108
0.000038 2
0.000056 94
0.000055 104
0.000059 2
0.000055 77
0.000056 87
0.000061 2
0.000054 57
0.000057 66
0.000047 76
0.000047 2
0.000073 76
0.000044 82
0.000058 100
0.029998 2
0.000091 51
0.000085 83
0.000063 91
0.000068 123
0.000052 2
0.000045 120
0.000155 2
0.000055 91
0.000070 125
0.000064 133
0.000060 167
0.000053 2
0.000056 155
0.000051 2
0.000043 155
0.000243 2
0.000042 143
0.000248 2
0.000045 140
0.000043 2
0.000044 152
0.000035 2
0.000042 107
0.000040 2
0.000065 92
0.000062 94
0.000080 102
0.000087 134
0.000047 2
0.000044 131
0.000104 2
0.000059 102
0.000067 136
0.000069 144
0.000064 178
0.000059 2
0.000050 166
0.000058 2
0.000057 166
0.000238 2
0.000052 154
0.000238 2
0.000051 151
0.000043 2
0.000064 163
0.000034 2
0.000068 118
0.000025 2
0.000073 104
0.000058 114
0.000054 2
0.000044 115
0.000477 2
0.000061 100
0.000069 108
0.000061 140
0.000046 2
0.000048 137
0.000101 2
0.000056 108
0.000072 142
0.000068 150
0.000064 184
0.000066 2
0.000065 172
0.000053 2
0.000050 172
0.000309 2
0.000054 160
0.000395 2
0.000058 157
0.000045 2
0.000049 169
0.000035 2
0.000046 124
0.000042 2
0.000083 110
0.000061 120
0.000054 2
0.000044 121
0.000509 2
0.000074 93
0.000060 103
0.000061 2
0.000041 104
0.000527 2
0.000069 88
0.000064 97
0.000077 107
0.000063 2
0.000060 107
0.000117 113
0.000069 134
0.027937 2
0.001826 34
0.000027 8
0.000113 60
1.609742 1
0.086695 1
0.161616 11
0.022405 72
0.000532 102
1.525645 1
0.081634 1
0.099797 1
0.470359 1
0.093343 1
0.242618 4
2.791680 4
0.154101 4
0.189447 4
0.092710 4
0.127004 4
0.190940 4
2.970131 4
0.182083 4
0.115718 4
0.504748 1
0.141644 1
0.149926 1
1.778460 4
0.165250 4
0.138839 4
0.498223 1
0.092500 1
0.182371 1
0.110728 1
0.163480 1
1.189946 1
0.069334 1
0.241987 1
0.232961 3
0.719650 8
1.025011 1
1.721527 163
0.000140 209
2.200014 1
0.086335 1
0.158985 1
0.000021 17
1.119783 1
0.247886 1
0.000036 2
0.600721 1
0.416763 11
0.072283 49
0.000924 34
0.000223 68
2.122693 1
0.079608 1
0.323832 85
0.862113 1
0.120480 1
0.136555 1
0.125389 133
1.254013 1
0.119240 1
0.202893 1
0.178625 1
0.240212 1
0.118760 1
0.081880 1
0.196652 1
0.337951 1
0.119362 1
0.240877 1
0.141389 1
0.366749 4
0.144726 4
0.138588 4
0.132625 4
0.536932 1
0.143250 1
0.107865 1
0.212254 1
0.127217 1
0.533219 2
0.000028 9
0.322873 183
0.002973 77
1.628569 1
0.070472 1
0.152557 2
0.000448 13
2.932960 1
0.303090 1
0.713174 1
0.261115 1
0.246134 1
0.107547 1
1.128703 1
0.519253 3
0.624991 1
0.188154 1
0.129335 1
0.259346 1
0.514731 1
0.107290 1
0.244647 1
0.593297 1
0.105514 1
0.254474 1
0.201133 1
0.880410 1
0.115978 1
0.466447 1
0.211180 1
0.141041 1
0.230765 1
0.774760 1
0.120350 1
0.075169 1
0.187233 1
0.076929 1
0.209935 1
0.370484 1
0.159117 1
0.081583 1
0.408035 1
0.214720 1
0.138754 1
0.086547 1
0.090463 1
0.115538 1
0.387634 1
0.186808 1
0.136046 1
0.143626 1
1.242651 1
0.107839 1
0.098993 1
0.114172 1
0.213645 1
0.984338 1
0.106031 1
0.112207 1
0.244988 1
0.219710 1
0.620140 3
0.142847 3
0.855032 1
0.200524 1
0.446706 1
0.161760 1
0.280748 1
0.490277 1
0.110662 1
0.243301 1
1.762008 1
0.061878 1
0.153262 1
0.497608 3
0.218863 3
0.368845 3
0.124346 3
0.138541 1
0.458578 7
0.132546 7
0.655081 7
0.470473 3
0.501755 3
0.106297 3
0.087872 12
1.380058 2
0.000748 13
1.245416 2
0.000450 13
2.484277 1
0.372921 1
0.302376 1
0.195651 1
0.123216 5
0.562242 1
0.128628 10
2.799748 3
0.650072 3
0.039230 3
0.039656 3
0.040920 3
0.039485 3
0.040322 3
0.039784 3
0.040073 3
0.040249 3
0.039761 3
0.039810 3
0.040191 3
0.040391 3
0.039433 3
0.039711 3
0.040550 3
0.040154 3
0.039773 3
0.039741 3
0.039921 1
0.447464 1
0.479672 1
0.560772 1
0.362047 1
0.159914 1
1.467398 1
0.129571 6
1.060053 1
2.924015 1
0.767676 1
0.821916 1
0.184973 1
0.417307 12
1.816783 6
0.877253 8
3.935307 1
0.114728 1
0.193017 1
0.166064 1
0.000023 16
1.100656 1
0.148485 1
0.000932 2
1.108193 2
0.031026 98
0.002579 13
20.770584 63
0.589945 1
0.174669 9
0.698734 1
0.405895 2
0.002136 66
0.000068 86
2.420759 1
0.220949 1
0.756350 1
0.297220 4
0.448342 1
0.270457 1
0.400123 1
0.182752 1
0.156238 1
0.163218 1
0.141099 1
0.151766 1
0.394627 2
0.053604 114
0.003522 13
40.101807 79
0.784887 18
0.790972 2
1.806634 609
0.000035 342
0.000341 173
0.965928 29
0.002638 13
15.858652 97
0.840834 3
0.656723 3
0.042494 3
0.039661 3
0.040243 3
0.039663 3
0.039662 3
0.040751 3
0.039472 3
0.040280 3
0.039935 3
0.040208 3
0.039347 3
0.040526 3
0.040482 3
0.039711 3
0.039700 3
0.039901 3
0.040237 3
0.039882 3
0.040262 3
0.040245 3
0.039381 3
0.040226 3
0.040238 3
0.040123 3
0.039540 3
0.039890 3
0.040416 3
0.039981 3
0.039701 3
0.040437 3
0.188344 3
0.152961 3
0.584275 14
0.958044 5
0.080889 5
0.104965 5
0.291866 2
0.000203 75
6.804471 1
0.447539 5
0.772242 3
0.161892 3
0.147346 3
0.142145 3
0.153608 3
0.140614 3
0.720337 1
0.101295 1
0.587669 1
0.250823 1
0.124556 7
1.721156 1
0.405189 1
0.298805 4
1.381848 1
0.129379 1
0.160834 1
0.576786 1
0.197930 1
0.274798 3
0.148265 3
0.257987 1
0.218678 1
0.314376 1
0.168402 1
1.110681 1
0.770912 3
0.563929 18
0.612283 2
0.112541 114
0.000095 1010
0.247191 29
0.001543 75
5.776088 79
0.021267 79
6.496157 8
0.008489 27
0.000288 47
1.321745 1
0.105698 1
0.504840 1
0.768386 1
0.334332 1
0.135037 1
0.970803 1
0.145357 1
0.456297 12
1.237439 1
0.107335 5
0.660602 8
1.080352 1
0.101672 1
0.126000 18
0.861326 1
0.154025 3
1.230274 158
0.618667 54
0.147787 134
0.496505 11
0.181637 183
0.002800 129
4.745715 35
0.911824 2
0.078931 191
0.000123 418
0.000019 515
0.238946 29
0.000873 129
2.156949 1
0.093588 1
0.088935 2
0.000277 13
0.605059 2
0.000226 13
0.835807 1
0.418034 1
0.386526 1
0.189303 1
0.338720 1
0.681991 1
1.459891 1
0.496401 1
0.144329 1
0.695993 1
1.658004 1
0.373504 1
0.175813 1
0.234604 1
0.145292 1
0.121478 1
0.923489 1
0.878182 3
0.445718 1
0.154098 1
0.101130 1
0.186811 1
0.990811 1
0.086962 1
0.182358 1
0.124702 1
1.077023 1
0.107635 1
0.284726 1
0.145423 1
0.386780 1
0.081404 1
0.291160 1
0.082575 1
0.241813 1
0.793484 1
0.107857 1
0.230342 1
0.229273 1
0.331295 1
0.113598 1
0.215967 1
0.230191 1
0.140221 1
0.179277 1
0.144933 1
0.260459 1
0.184862 1
0.501591 1
0.448180 1
1.565528 2
0.000594 13
0.672368 1
0.153275 1
0.402505 1
0.764710 1
0.277460 1
0.119677 1
0.179754 1
0.540381 1
0.152925 1
0.266160 1
0.133029 1
0.234597 1
0.437478 1
0.126859 1
0.215449 1
0.231663 1
0.146403 1
0.239275 1
0.969681 1
0.102280 1
0.501732 2
0.000242 13
0.671414 2
0.000494 13
9.552569 1
0.071184 1
0.113586 1
0.108318 1
0.181189 1
1.606335 1
0.197333 1
0.232501 10
1.251110 1
0.124183 1
0.118786 7
0.413241 2
0.167073 8
0.002433 42
0.001604 26
0.000091 28
0.000559 38
0.000264 3
0.000105 189
0.000434 123
0.000114 90
0.000106 121
0.000108 89
0.000087 121
0.000048 52
0.000417 5
0.000130 56
0.000087 111
0.000148 116
0.000105 70
0.000058 60
0.000108 70
0.660917 26
0.171547 26
0.144167 26
0.330386 26
0.498917 25
0.126552 25
0.854265 29
0.662629 59
2.126673 23
0.632006 11
0.000169 11
0.000145 1
0.000094 2
0.612355 23
0.356480 11
0.000187 12
0.851815 11
0.000151 12
0.139937 23
0.659832 11
0.000154 11
0.000054 1
0.000060 2
0.148453 25
0.158842 25
0.066963 25
0.877584 23
0.239294 39
0.595991 23
0.173634 23
0.084476 23
2.712039 23
0.069125 23
0.400327 23
2.254621 25
0.098090 11
0.000178 11
0.000168 3
0.121996 25
0.583443 11
0.000102 11
0.000107 3
0.099400 25
0.123393 11
0.000137 11
0.000102 3
0.156149 25
0.547141 11
0.000107 11
0.000112 3
2.147388 11
0.000122 11
0.000109 1
0.000231 5
0.179311 28
0.162359 28
0.165060 28
0.127845 28
0.544752 11
0.000723 31
0.740970 11
0.000061 11
0.000141 1
1.827253 11
0.000061 11
0.000138 4
0.156916 26
0.136472 29
1.426377 17
0.000098 193
0.000220 83
0.691812 359
0.094086 19
0.000086 36
0.052295 30
0.000042 39
0.000141 1
0.000034 8
0.000041 11
0.000026 16
0.013882 13
0.958397 1
0.343326 1
0.737428 3
0.503359 1
0.260158 1
0.127682 1
2.523501 1
0.192515 1
0.175847 1
0.155373 9
1.004669 1
0.094703 1
0.122298 7
0.439628 2
0.057680 525
0.001907 13
4.135210 8
0.010066 71
0.000194 76
5.121328 11
0.000054 6
