0.261747 8
0.000135 47
2.869940 1
0.377451 1
0.740913 1
0.296285 1
0.242597 1
0.124171 1
0.665596 1
0.179085 1
0.413363 1
0.151780 1
0.147454 1
0.114259 1
0.177086 1
0.105765 1
0.217230 1
0.910445 1
0.127658 1
0.058894 1
0.173951 1
0.188236 1
0.165315 1
0.126455 1
0.224399 1
0.837148 1
0.287428 1
0.096405 1
0.185108 1
0.141496 1
3.198894 1
0.990336 1
0.119305 1
0.336575 1
0.108559 1
0.259999 1
0.198486 1
0.130297 1
0.632316 1
0.258079 1
0.090668 1
0.237583 1
0.167641 1
0.049383 1
0.157874 1
0.220132 1
8.203590 1
0.090945 1
0.149995 1
0.248419 1
0.159204 1
0.313604 1
0.153884 1
0.486789 1
0.250075 1
0.131512 1
0.149301 1
0.420334 1
0.230249 1
0.117540 1
0.116296 1
0.223168 1
0.524954 4
0.276530 4
0.219191 4
0.319888 4
0.546813 1
0.138811 1
0.145901 1
0.560870 1
1.048915 1
0.121233 1
0.056471 1
0.077053 1
0.171682 1
0.440514 1
0.295763 1
0.166333 1
0.402818 4
0.156453 4
0.360111 4
0.522846 1
0.623874 1
0.196588 1
0.534466 1
0.122750 1
0.162935 1
0.856211 1
0.282121 1
0.050581 1
0.262105 1
0.108148 1
0.100054 1
0.163014 1
0.208702 1
0.235051 1
0.167929 1
0.216886 1
0.685436 1
0.139099 1
0.161766 1
0.116249 1
0.248514 1
0.141384 1
0.069550 1
0.256113 2
0.000098 9
0.000142 8
0.000067 47
2.343221 11
0.000190 8
0.000100 47
1.677568 1
0.101052 1
0.083813 1
0.644358 1
0.110952 1
1.092464 1
0.093656 3
0.787422 1
0.114566 1
0.000072 7
1.478724 1
0.428278 1
0.140198 12
1.840128 1
0.130340 1
0.101481 4
0.528911 1
0.085553 1
0.130327 12
0.633190 2
0.000079 9
0.000292 8
0.000108 59
0.951544 1
0.140676 1
0.190200 1
0.098188 1
0.226872 1
0.140756 1
0.543402 4
0.154640 4
0.145705 4
0.344898 4
0.569759 1
0.094786 1
0.495702 4
0.052151 4
0.095426 1
0.732844 4
0.898685 1
0.392790 1
0.260746 1
0.170148 1
0.585286 1
0.340551 1
0.104698 1
0.096743 6
0.485459 2
0.000080 9
0.020173 59
0.000321 381
0.000081 55
1.245003 1
0.129177 1
0.201445 1
0.274732 1
0.283784 1
0.175881 1
0.092884 1
0.455929 1
0.189751 1
0.361213 1
0.133625 1
0.230456 1
0.145944 1
0.598447 2
0.000073 9
0.200530 183
0.002619 77
2.632026 1
0.110742 1
0.118265 1
0.761422 1
0.908875 1
0.144729 1
0.138047 1
0.508375 3
0.155618 3
0.306393 3
0.355977 1
0.194774 1
0.204234 9
1.869609 2
0.104449 67
0.003338 77
1.929240 1
0.753019 1
1.319807 1
0.390669 1
0.561611 1
0.104573 1
0.187019 1
0.043660 1
0.180434 1
0.636428 3
0.142585 3
0.129012 3
0.861027 1
0.107464 1
0.214618 1
0.204379 1
0.194227 1
0.156700 1
0.114439 1
0.091951 1
0.681973 1
0.157042 1
0.091486 1
1.217003 1
0.074789 1
0.162660 1
0.103958 1
0.780844 1
0.096270 1
0.493061 1
0.138103 1
0.386009 1
0.549876 1
0.101620 1
0.227948 2
0.000309 77
3.528188 1
0.130244 1
1.219455 1
0.090864 1
0.281612 1
1.791763 1
0.084269 1
0.216025 1
3.490806 3
0.156967 3
0.160732 3
0.140797 3
0.135020 3
0.148219 3
0.078470 3
0.187236 3
0.565396 1
0.114545 1
0.095656 1
0.683511 1
0.227058 1
0.117212 1
0.176201 8
0.380486 2
0.000589 88
1.598010 1
0.126520 1
0.126712 1
0.112338 1
0.248746 1
2.319590 1
1.144314 1
0.632286 1
0.152110 1
0.188962 1
0.500228 3
0.154459 3
1.038309 1
1.120400 3
0.159227 3
0.162462 3
0.148660 3
0.470745 3
0.364623 3
0.312749 3
0.537769 1
0.230073 1
0.365744 1
0.267216 3
1.180413 6
0.598153 5
0.185392 7
0.040688 5
0.164696 5
0.134319 5
1.183993 6
2.085598 1
0.319773 1
0.102651 1
0.165665 12
0.853201 1
0.359296 1
0.575786 1
0.126315 1
0.116478 10
104.621510 3
0.266331 3
0.029147 3
0.030380 3
0.029632 3
0.029096 3
0.029887 3
0.029025 3
0.030600 3
0.029512 3
0.029085 3
0.029010 3
0.031505 3
0.029871 3
0.028969 3
0.030435 3
0.029537 3
0.028354 3
0.030172 3
0.028667 3
0.031108 3
0.027989 3
0.030143 3
0.029062 3
0.030332 3
0.029581 3
0.029359 3
0.030260 3
0.028737 3
0.030587 3
0.029047 3
0.029586 3
0.028993 3
0.030084 3
0.029414 3
0.029761 3
0.029544 3
0.029413 3
0.029383 3
0.028713 3
0.030713 1
0.028583 1
0.029833 1
0.029003 1
0.030093 1
0.486209 1
0.104154 1
0.108398 1
0.654717 3
0.147416 3
0.159057 3
0.595604 1
0.107556 1
0.123933 1
0.129530 80
0.000228 88
0.976366 1
0.058586 1
0.138314 1
0.555973 1
0.640424 1
0.491843 1
0.129657 1
0.093372 10
0.308241 2
0.000597 25
1.672026 1
0.125789 1
0.085412 1
0.111993 1
0.218819 1
3.205296 1
0.354559 1
0.441490 1
0.113735 1
0.220093 1
0.333017 1
3.403740 1
0.398104 1
0.250885 1
0.215724 1
0.093545 5
1.095298 1
0.352451 1
0.136880 9
1.875844 1
0.127399 3
2.310200 1
0.623951 1
0.257387 7
0.730148 1
0.345072 1
0.139765 11
3.866909 1
0.188764 1
0.082504 1
0.182718 3
1.831509 1
0.171462 1
0.145937 12
0.877073 3
0.265203 3
0.030859 3
0.028358 3
0.030262 3
0.028701 3
0.031029 3
0.028407 3
0.029770 3
0.029005 3
0.030098 3
0.030253 3
0.028932 3
0.029144 3
0.030386 3
0.029579 3
0.029114 3
0.029974 3
0.029012 3
0.030552 3
0.029540 3
0.029154 3
0.029235 3
0.031209 3
0.029925 3
0.029042 3
0.030535 3
0.029520 3
0.029149 3
0.029094 3
0.030459 3
0.029471 3
0.029304 3
0.029177 3
0.029888 3
0.028867 3
0.030994 3
0.028368 3
0.029942 3
0.028897 3
0.031051 3
0.028004 3
0.030193 3
0.029095 3
0.029917 3
0.030436 3
0.028550 3
0.030302 3
0.028562 3
0.031058 3
0.028730 3
0.029586 3
0.029206 3
0.030370 3
0.029552 3
0.030533 3
0.029041 3
0.030617 3
0.028993 3
0.029367 3
0.029324 3
0.261661 3
1.564592 3
0.297370 3
3.385796 3
0.935870 1
0.227813 1
0.213180 4
1.835263 1
0.124313 1
0.085714 4
1.461112 1
0.304328 1
0.143206 1
0.662419 3
0.211473 3
0.224355 1
1.051353 1
0.376240 1
0.312568 1
0.271382 1
0.165050 5
0.971786 1
1.670323 1
0.305086 1
0.231334 9
2.475598 1
0.305956 14
4.066225 2
0.258802 6
0.000068 30
151.722058 2
0.342343 2
0.211376 2
1.790511 6
0.224789 6
0.325432 6
685.790587 251
0.020780 249
0.002106 261
0.003278 249
0.001233 259
0.003567 255
0.007602 249
0.003820 249
0.004193 263
0.004548 255
0.006409 263
0.025311 1064
0.008930 516
0.103745 255
0.015824 247
0.011111 255
0.013357 528
0.023972 1064
0.018233 279
0.013997 564
0.018272 763
0.042149 253
0.015557 542
0.018972 799
0.043106 1881
0.011216 512
0.012572 542
0.006431 255
0.006327 295
0.006925 289
0.018303 783
0.052150 2086
0.057323 1843
0.095491 3925
0.100875 4095
0.067783 2452
0.095870 4095
0.103749 4095
0.089184 3824
0.058032 2359
0.054741 2385
0.012182 506
1780.919362 227
0.032730 225
0.011491 237
0.008754 225
0.010349 235
0.020471 231
0.035615 225
0.015213 225
0.005734 239
0.019142 231
0.021182 239
0.008355 241
0.007893 241
0.011690 243
0.007520 243
0.008716 237
0.010083 231
0.534855 231
0.033810 223
0.019702 231
0.010769 231
0.147237 255
0.009766 259
0.012476 257
0.030952 231
0.010598 231
0.009131 229
0.177978 229
0.019277 237
0.010299 257
0.021297 237
0.048306 241
0.010353 249
0.009353 249
0.009578 239
0.007720 253
0.008521 241
0.010817 247
0.009106 245
0.010102 239
0.173014 231
0.011600 233
0.062566 247
0.011979 247
0.022215 231
0.020180 265
0.018457 235
0.010060 239
0.010045 237
0.011676 245
0.006472 237
0.011288 233
0.010947 235
0.009843 237
0.007577 233
0.009773 241
0.009445 233
0.009827 241
0.008771 235
0.009953 233
0.009685 237
0.007314 237
0.011237 237
0.017589 255
0.055445 239
0.011179 235
0.009043 233
0.008839 237
0.009828 235
0.010803 239
0.007166 259
0.010834 239
0.022726 235
0.009871 239
0.008055 237
0.009489 237
0.009745 231
0.010133 237
0.008000 233
0.011849 237
0.007536 233
0.009459 239
0.010545 239
0.007830 249
0.010287 243
0.010592 239
0.008238 237
0.010312 241
0.008289 235
0.011189 237
0.010967 237
0.011511 241
0.009504 239
0.009558 237
0.017250 245
0.010221 239
0.008489 229
0.036764 247
0.212338 229
0.010450 229
0.038651 227
0.049668 229
0.043503 239
0.010832 251
0.018673 247
0.009289 237
0.010523 259
0.008262 241
0.019180 249
0.018672 247
0.010769 249
0.007854 243
0.011415 255
0.018823 251
0.008482 257
0.008967 235
0.010645 243
0.010190 243
0.008110 237
0.029540 265
0.039646 241
0.012050 251
0.017378 235
0.008687 267
0.019634 251
0.067146 235
0.053474 243
0.009693 253
0.011532 249
0.019021 265
0.011033 265
0.027585 251
0.012231 255
0.096091 241
0.039824 233
0.010184 237
0.021425 229
0.208574 239
0.012832 237
0.058733 241
0.011837 233
0.008969 235
0.010691 233
0.009796 235
0.017386 247
0.011516 243
0.124646 265
0.030451 231
0.019375 227
0.011632 229
0.025830 231
0.028598 235
0.020650 235
0.019498 231
0.020674 227
952.993123 231
0.038446 229
0.012849 241
0.011537 229
0.011042 239
0.021675 235
0.044300 229
0.010520 229
0.011228 243
0.023637 235
0.022876 243
0.012177 245
0.011767 245
0.011702 247
0.012758 247
0.010483 241
0.011185 235
0.646755 235
0.039660 227
0.024289 235
0.014060 235
0.175096 259
0.012382 263
0.014029 261
0.035343 235
0.014961 235
0.009529 233
0.209573 233
0.023481 241
0.012023 261
0.026852 241
0.054919 245
0.012174 253
0.011326 253
0.011110 243
0.011052 257
0.010915 245
0.011884 251
0.009810 249
0.011633 243
0.039526 253
0.006405 247
0.008301 241
0.015538 508
0.021874 1006
0.052750 235
0.011524 237
0.074930 251
0.013906 251
0.025511 235
0.024011 269
0.022669 239
0.012404 243
0.011878 241
0.011422 249
0.009638 241
0.010400 237
0.012935 239
0.011091 241
0.009425 237
0.010524 245
0.010824 237
0.010830 245
0.011177 239
0.011353 237
0.012677 241
0.010386 241
0.011902 241
0.023692 259
0.060628 243
0.013180 239
0.010751 237
0.011146 241
0.011067 239
0.013304 243
0.009756 263
0.010684 243
0.027352 239
0.012032 243
0.009962 241
0.012992 241
0.009173 235
0.013355 241
0.009564 237
0.013731 241
0.009186 237
0.011339 243
0.011725 243
0.011849 253
0.010729 247
0.012058 243
0.010375 241
0.012964 245
0.009141 239
0.015075 241
0.009666 241
0.014729 245
0.010411 243
0.012470 241
0.019889 249
0.012754 243
0.009381 233
0.045341 251
0.258605 233
0.011065 233
0.045848 231
0.060870 233
0.050547 243
0.012831 255
0.023758 251
0.013362 241
0.009429 263
0.011583 245
0.021676 253
0.023782 251
0.013082 253
0.010347 247
0.013629 259
0.021833 255
0.011084 261
0.011553 239
0.010989 247
0.013555 247
0.009198 241
0.036939 269
0.050152 245
0.010742 255
0.005533 251
0.010127 239
0.011276 271
0.023583 255
0.081423 239
0.030066 257
0.008811 267
0.008294 247
0.014028 257
0.012887 253
0.022575 269
0.013128 269
0.034966 255
0.010743 259
0.119019 245
0.046827 237
0.011693 241
0.025222 233
0.235192 243
0.013868 241
0.063441 245
0.015081 237
0.009107 239
0.013478 237
0.011634 239
0.021733 251
0.012534 247
0.108022 261
0.036028 269
0.036544 235
0.023645 231
0.014406 233
0.032627 235
0.034859 239
0.023941 239
0.024742 235
0.023927 231
26.648224 219
0.032619 217
0.014766 229
0.024480 217
0.012756 227
0.033956 223
0.046105 217
0.012013 217
0.010987 231
0.025201 223
0.042048 231
0.009863 233
0.013260 233
0.010927 235
0.013634 235
0.009621 229
0.013246 223
0.475937 223
0.053511 215
0.038470 223
0.011269 223
0.023775 231
0.012054 233
0.012925 233
0.013219 231
0.010068 239
0.011343 233
0.371021 247
0.013756 251
0.014587 249
0.064071 223
0.029881 223
0.012570 221
0.212920 221
0.025064 229
0.013702 249
0.029297 229
0.060559 233
0.013751 241
0.017626 241
0.008493 231
0.011087 245
0.012864 233
0.010961 239
0.011921 237
0.010801 231
0.044925 241
0.008469 235
0.008679 229
0.017275 484
0.021277 723
0.005540 235
0.843919 223
0.013990 225
0.075369 239
0.014448 239
0.052058 223
0.039997 263
0.013141 257
0.038112 227
0.016333 231
0.010102 229
0.012843 237
0.009061 229
0.011202 225
0.015600 227
0.010211 229
0.013058 225
0.011242 233
0.010805 225
0.010669 233
0.012795 227
0.010530 225
0.012813 229
0.010014 229
0.012246 229
0.023070 247
0.060254 231
0.014663 227
0.008238 225
0.013668 229
0.010245 227
0.012108 231
0.011378 251
0.011876 231
0.029923 227
0.010635 231
0.009981 229
0.014670 229
0.009248 223
0.014441 229
0.013132 225
0.014029 229
0.011627 225
0.013137 231
0.011941 231
0.011786 241
0.016924 235
0.012445 231
0.017728 229
0.013860 233
0.014080 227
0.015748 229
0.016877 229
0.017178 233
0.013952 231
0.015030 229
0.026207 237
0.014723 231
0.112387 221
0.085877 239
0.372078 221
0.011987 221
0.140199 221
0.077981 231
0.011559 243
0.025122 239
0.014092 229
0.009343 251
0.013966 233
0.024613 241
0.025977 239
0.012048 241
0.013117 247
0.024917 243
0.011312 249
0.023061 243
0.012330 247
0.013348 257
0.013046 245
0.009825 247
0.011183 237
0.016343 247
0.009096 249
0.012688 227
0.015015 235
0.013835 235
0.010698 229
0.040666 257
0.047320 233
0.014590 243
0.005034 239
0.010171 227
0.011673 259
0.028296 243
0.089832 227
0.035654 245
0.008718 255
0.008541 235
0.014521 245
0.013769 241
0.026151 257
0.014951 257
0.058970 243
0.014872 247
0.121108 233
0.047745 225
0.012760 229
0.025141 221
0.304606 231
0.018790 229
0.064334 233
0.012988 225
0.013190 227
0.011516 225
0.012653 227
0.026025 239
0.014992 235
0.138274 251
0.026855 249
0.047901 257
0.057692 223
0.025570 219
0.093468 223
0.038807 227
0.023693 227
0.025715 223
0.102561 219
4.349203 249
0.154690 247
1.139216 267
0.292779 265
0.084106 251
0.091329 253
0.029447 263
0.354395 271
0.477634 267
0.104734 271
0.030871 301
0.233530 267
0.008905 265
0.174737 255
0.617333 263
0.020045 249
0.027904 283
0.087186 279
0.101575 249
0.254371 267
0.281177 253
0.094918 265
0.021576 277
0.015493 289
0.089999 273
0.456251 277
0.057537 253
0.122965 263
0.170747 255
0.077159 249
0.008314 279
0.090569 249
0.271449 269
0.165157 253
0.059806 251
0.231619 299
0.086672 289
0.022668 247
0.211578 257
0.118874 271
0.223620 255
0.116649 293
0.064198 325
0.256770 277
0.545634 231
0.066295 293
0.254460 279
0.049514 243
0.086444 243
0.072991 269
0.063312 263
0.140755 311
0.114908 291
0.026624 263
0.405205 271
0.002820 2
0.086784 285
0.122673 279
0.015964 267
0.018465 249
0.956502 275
0.212654 289
0.271487 265
0.113332 269
0.037398 275
0.030455 249
0.041000 277
0.019387 255
0.103415 277
0.034465 285
0.106778 263
0.020905 267
0.012555 269
0.134693 275
0.182724 273
0.072191 255
0.175146 259
0.008073 247
0.216808 283
0.043794 283
0.051314 267
0.040944 271
0.122119 261
0.129770 275
0.058694 263
0.133153 283
0.021747 315
0.026368 255
0.042008 251
0.041693 247
0.016098 267
0.117244 265
0.083218 267
0.134936 281
0.627296 251
0.076494 269
0.046606 281
0.073910 277
0.065458 265
0.099538 253
0.009583 269
0.007637 283
0.008462 277
0.051441 287
0.116118 289
0.047069 285
0.026583 293
0.032059 283
0.238029 271
0.156041 283
0.233840 263
0.049220 265
0.033734 259
0.025362 269
0.179711 245
0.064940 275
0.118413 245
0.010839 261
0.042166 275
0.191741 281
0.057145 249
0.055615 283
0.186145 279
0.038221 321
0.040829 267
0.014582 243
0.040494 277
0.040118 285
0.188002 253
0.089076 263
0.355697 255
0.038166 263
0.109333 277
0.259166 283
0.202333 265
0.011789 273
0.019688 255
0.313443 325
0.062299 283
0.102415 251
0.076407 261
0.081170 257
0.680212 259
0.035539 255
0.054796 269
0.416704 259
0.164756 261
0.095974 267
0.175779 271
0.088268 273
0.083110 271
0.069589 277
0.060229 245
0.138327 247
0.156821 267
0.099920 281
0.011730 231
0.208864 255
0.018264 241
0.018731 289
0.013246 267
0.062241 277
0.064734 247
0.124344 275
0.117029 257
0.290830 277
0.264544 277
0.017561 275
0.087593 247
0.172937 273
0.019099 243
0.082112 275
0.075608 255
0.520091 253
0.084282 271
0.279133 271
0.146412 253
0.058052 285
0.047041 251
0.025395 275
0.035920 285
0.017192 253
0.014174 273
0.028744 307
0.014954 279
0.023259 259
0.322223 303
0.289567 271
0.124573 283
0.114070 251
0.087614 255
0.089411 267
0.052651 307
0.079043 261
0.318964 261
0.058071 275
0.081891 259
0.174538 261
0.026778 275
0.010817 281
0.026899 283
0.135120 263
0.066282 279
0.013684 285
0.025272 259
0.056488 267
0.009487 275
0.011474 261
0.170260 279
0.120735 279
0.070919 245
0.034369 295
0.082023 259
0.118353 275
0.010016 263
0.075031 251
0.084931 277
0.020809 327
0.014605 275
0.250356 269
0.009490 283
0.215815 263
0.077764 267
0.154418 263
0.212877 305
0.024881 255
0.338347 279
0.098188 277
0.136608 283
0.109269 269
0.034578 281
0.219092 287
0.029812 277
0.205466 275
0.010269 261
0.062328 299
0.009831 265
0.015790 263
0.164360 279
0.118505 259
0.490160 261
0.098207 251
0.040531 281
0.011171 261
0.073065 265
0.008637 269
0.007573 275
0.016207 271
0.089049 263
0.078922 263
0.120815 265
0.093595 271
0.034150 257
0.039819 255
0.346443 275
0.017002 255
0.098019 273
0.182608 267
0.076732 263
0.071503 283
0.119583 253
0.051214 259
0.011897 283
0.026554 263
0.140934 285
0.006841 289
0.045040 275
0.247607 271
0.008777 271
0.072174 261
0.034166 275
0.071245 267
0.128906 263
0.115168 267
0.018268 285
0.081106 255
0.011067 251
0.077141 251
0.107682 265
0.008187 273
0.088608 275
0.050454 283
0.114344 253
0.024083 273
0.108561 283
0.042585 261
0.139227 253
0.017210 277
0.055807 277
0.072022 279
0.055497 289
0.030246 251
0.016553 279
0.014505 263
0.042040 277
0.065450 259
0.105300 267
0.007468 253
0.043797 249
0.151469 277
0.052260 265
0.447498 275
0.102366 245
0.137098 275
0.065626 267
0.324953 263
0.109159 283
0.045048 273
0.230039 257
0.012193 277
0.099056 275
0.018174 259
0.031411 257
0.051295 277
0.347533 259
0.297854 249
0.081450 275
0.104173 269
0.056056 279
0.066467 265
0.068500 257
0.028952 251
0.029057 251
0.122344 257
0.077805 283
0.059779 271
0.093645 249
0.009688 269
0.136487 259
0.010505 277
0.114385 267
0.047904 265
0.069876 277
0.018794 289
0.018402 285
0.028700 249
0.010820 319
0.309649 261
0.022066 247
0.185277 251
0.034631 271
0.028129 275
0.031960 271
0.015323 245
0.154914 267
0.019991 259
0.010595 277
0.290460 277
0.059421 283
0.105087 293
0.032469 271
0.008557 257
0.078023 259
0.314508 259
0.125201 259
0.025986 253
0.035271 285
0.185327 261
0.009699 263
0.033861 275
0.014241 265
0.022346 251
0.043671 265
0.048719 261
0.067318 277
0.096172 289
0.016318 275
0.019271 275
0.008709 281
0.036045 263
0.071352 277
0.027666 275
0.031886 263
0.028544 275
0.036454 273
0.124199 323
0.152134 261
0.193663 325
0.122545 261
0.050022 315
0.044563 277
0.033091 243
0.165400 257
0.017661 275
0.020030 261
0.008633 275
0.109118 245
0.150643 283
0.044813 267
0.279055 265
0.035256 283
0.024506 267
0.027859 279
0.023559 241
0.129669 265
0.080776 277
0.192895 291
0.380674 279
0.414785 277
0.022332 269
0.251411 247
0.008931 263
0.071020 269
0.032748 271
0.410330 279
0.032890 285
0.117828 265
0.047012 271
0.015284 289
0.069440 295
0.007530 269
0.217768 273
0.100388 323
0.049330 275
0.007411 253
0.016027 249
0.168588 249
0.009016 259
0.015776 293
0.034136 283
0.045236 259
0.014683 265
0.009995 263
0.030683 277
0.493877 251
0.421499 291
0.033186 341
0.260227 263
0.010429 273
0.048546 277
0.139717 257
0.067471 283
0.064275 255
0.025984 293
0.026195 239
0.024412 275
0.015490 277
0.026594 255
0.130008 275
0.134205 275
0.053209 255
0.057532 257
0.027641 249
0.026245 297
0.008250 263
0.017238 253
0.047533 245
0.017088 259
0.084712 277
0.035364 277
0.028361 283
0.039143 255
0.008060 259
0.024097 259
0.088583 287
0.017820 285
0.055633 255
0.047226 265
0.066026 259
0.144453 283
0.056359 255
0.026973 269
0.035305 257
0.008816 265
0.023014 245
0.009968 291
0.008672 263
0.206225 273
0.027508 245
0.181816 247
0.009957 277
0.068795 297
0.042701 283
0.056868 283
0.118327 283
0.052708 285
0.073581 277
0.018333 257
0.009225 273
0.058597 283
0.026303 257
0.095045 257
0.049357 259
0.010250 283
0.118836 283
0.056909 269
0.082086 275
0.121966 253
0.064072 277
0.042711 269
0.035443 249
0.070755 243
0.010144 265
0.031261 263
0.042281 305
0.041698 309
0.121195 285
0.010226 265
0.017391 277
0.040470 269
0.024859 255
0.101228 277
0.014844 253
0.036776 269
0.070812 275
0.218746 265
0.092935 275
0.320240 257
0.027520 275
0.139859 245
0.146876 269
0.059516 271
0.018040 283
0.043091 259
0.015643 257
0.129660 281
0.057203 287
0.026254 259
0.020311 301
0.028990 267
0.017189 275
0.073986 257
0.027866 263
0.075225 273
0.073614 279
0.041845 273
0.043044 277
0.160933 277
0.057407 261
0.010235 253
0.187677 275
0.091693 275
0.066424 271
0.343036 313
0.116224 269
0.052255 235
0.061223 283
0.018051 259
0.028312 283
0.008109 283
0.028773 265
0.017443 273
0.148195 275
0.051652 285
0.057952 275
0.114468 313
0.137010 265
0.045664 275
0.137970 275
0.064447 289
0.052927 267
0.097454 257
0.027906 269
0.094373 279
0.132607 287
0.044936 267
0.011725 271
0.084260 249
0.150706 277
0.087858 273
0.044621 265
0.018811 275
0.148384 271
0.452079 265
0.103579 263
0.063011 283
0.097444 265
0.058206 275
0.063934 255
0.064110 279
0.053422 271
0.011609 275
0.160183 307
0.061898 291
0.055545 283
0.049396 259
0.011370 279
0.018058 293
0.011047 255
0.163692 283
0.065860 265
0.010347 277
0.053624 279
0.127006 285
0.055396 233
0.054397 267
0.010156 261
0.087154 267
0.012848 283
0.025897 265
0.026194 265
0.031446 249
0.008192 277
0.133517 275
0.021441 287
0.251850 285
0.116206 243
0.038369 283
0.027469 275
0.121819 263
0.035884 277
0.045943 263
0.019490 245
0.168399 297
0.019936 271
0.035889 285
0.090372 283
0.068366 275
0.136984 259
0.012782 277
0.071881 243
0.021516 285
0.171995 243
0.108099 283
0.012552 275
0.046835 273
0.174133 263
0.031381 275
0.064596 253
0.151170 351
0.027339 275
0.011047 309
0.036708 283
0.038290 271
0.027475 315
0.158220 251
0.012660 275
0.121694 265
0.030782 251
0.045178 271
0.021385 247
0.046447 285
0.028506 269
0.090602 267
0.012179 279
0.009156 279
0.056633 283
0.120287 249
0.009529 261
0.104248 277
0.008857 283
0.214496 279
0.073605 267
0.020785 275
0.065746 271
0.012552 243
0.157293 263
0.030942 251
0.011807 269
0.065343 261
0.066518 275
0.101209 271
0.030995 267
0.056896 277
0.021747 265
0.072204 299
0.083698 261
0.021660 275
0.040050 255
0.010139 257
0.130424 269
0.041148 265
0.021654 283
0.132917 247
0.020566 259
0.187982 243
0.069062 283
0.019632 275
0.312500 275
0.112653 249
0.075623 265
0.009942 275
0.012937 283
0.195578 269
0.031060 257
0.097668 259
0.079198 275
0.067846 263
0.067262 253
0.039154 259
0.028584 273
0.155541 271
0.038390 265
0.037824 269
0.115252 255
0.012928 275
0.125766 287
0.022033 275
0.116625 269
0.030204 275
0.078241 271
0.040908 287
0.030309 261
0.019956 261
0.029441 257
0.050686 277
0.105231 279
0.087906 257
0.156088 273
0.117607 369
0.011126 277
0.009714 259
0.024149 275
0.078567 299
0.013490 261
0.115449 247
0.030696 261
0.079219 287
0.049529 261
0.192723 271
0.045711 283
0.188876 263
0.144326 261
0.050284 249
0.041221 261
0.082534 277
0.023183 253
0.019183 275
0.040087 277
0.040234 263
0.050113 249
0.088267 265
0.010797 271
0.040785 263
0.079943 275
0.010077 263
0.080601 289
0.058382 259
0.040499 279
0.090750 263
0.049629 257
0.080211 263
0.011941 267
0.009790 339
0.138649 279
0.013450 277
0.039438 283
0.102350 377
0.123147 263
0.014129 291
0.065969 253
0.168049 275
0.079775 273
0.064943 275
0.009092 263
0.030376 277
0.030027 281
0.080440 277
0.034241 251
0.009230 279
0.103016 283
0.080174 245
0.011470 267
0.012221 275
0.237984 251
0.012374 277
0.031424 261
0.012132 277
0.031387 271
0.063071 273
0.041087 293
0.021210 275
0.011753 271
0.191187 257
0.012865 277
0.100186 275
0.130383 267
0.043201 271
0.141741 267
0.061324 275
0.113003 275
0.090369 279
0.072261 269
0.032848 265
0.069291 283
0.043009 281
0.089255 263
0.052504 263
0.061489 273
0.122611 287
0.015031 251
0.128239 253
0.013515 283
0.377296 283
0.032809 275
0.041772 261
0.044533 269
0.044537 287
0.231084 291
0.023281 287
0.084028 275
0.032927 289
0.134465 271
0.084876 269
0.012026 277
0.152554 279
0.256439 305
0.032538 275
0.073206 271
0.012477 267
0.072984 289
0.095409 269
0.012583 269
0.053239 275
0.022833 259
0.094770 273
0.011820 291
0.116164 257
0.083734 273
0.032863 261
0.042371 259
0.032129 255
0.032848 283
0.051623 303
0.165672 267
0.022088 275
0.074187 269
0.125802 265
0.074692 271
0.031939 253
0.023376 269
0.042097 255
0.053133 253
0.108683 283
0.012041 285
0.108397 277
0.179841 265
0.077798 293
0.023831 279
0.020554 287
0.032751 239
0.104301 279
0.096554 261
0.022776 269
0.185924 263
0.055674 257
0.036942 277
0.169991 277
0.044058 267
0.086283 265
0.062258 285
0.013341 289
0.095598 283
0.120036 267
0.031039 241
0.012297 275
0.117749 299
0.051567 253
0.250405 263
0.113669 275
0.172730 277
0.014537 261
0.066127 327
0.014586 263
0.042208 277
0.052523 285
0.012316 283
0.011990 275
0.227093 275
0.085518 275
0.075759 287
0.019198 271
0.177964 265
0.136413 269
0.021519 269
0.065355 269
0.011283 249
0.024233 261
0.215176 267
0.096229 269
0.159553 283
0.023445 255
0.034840 279
0.108590 283
0.045669 269
0.109570 309
0.064871 289
0.067502 279
0.203082 269
0.024024 247
0.147885 267
0.011467 267
0.054953 267
0.012489 259
0.207833 285
0.045681 271
0.046670 283
0.096762 275
0.056730 295
0.034913 253
0.046465 275
0.128705 285
0.121274 259
0.087703 253
0.034337 279
0.364881 279
0.057810 285
0.034755 249
0.087820 299
0.043500 259
0.015367 267
0.021731 285
0.012586 269
0.033064 271
0.012895 293
0.086407 255
0.045637 257
0.065027 307
0.161139 273
0.024761 287
0.277913 261
0.023676 277
0.088052 257
0.012555 265
0.254213 267
0.057932 283
0.119654 271
0.232150 293
0.068429 271
0.013769 259
0.011859 273
0.034609 259
0.123885 269
0.013358 259
0.185275 291
0.102940 261
0.045376 267
0.043451 283
0.015618 267
0.078720 265
0.060710 261
0.252240 303
0.014965 267
0.037633 289
0.031996 245
0.014289 299
0.015675 261
0.079001 277
0.057173 283
0.153817 269
0.056866 283
0.064577 283
0.029073 243
0.041314 269
0.123480 275
0.038388 275
0.014910 281
0.167592 277
0.413468 331
0.016821 267
0.024834 275
0.083591 271
0.015909 243
0.091161 291
0.045367 251
0.065653 275
0.135534 285
0.028312 275
0.016349 263
0.167748 281
0.042515 271
0.014046 275
0.029555 285
0.182304 285
0.091619 259
0.081225 293
0.067156 275
0.157029 273
0.015432 271
0.031641 245
0.093576 253
0.015526 257
0.040062 265
0.044508 267
0.101160 285
0.086022 283
0.091790 257
0.126878 275
0.133143 279
0.031248 275
0.052896 271
0.044556 283
0.015857 257
0.019377 275
0.014664 243
0.041410 251
0.014694 271
0.130081 285
0.109832 269
0.099112 283
0.038519 283
0.054756 265
0.028546 273
0.016916 275
0.015287 245
0.017097 283
0.015243 277
0.084703 277
0.045770 269
0.030700 275
0.041010 269
0.115688 279
0.056647 273
0.100479 291
0.082426 269
0.234729 277
0.133261 267
0.192342 269
0.204655 279
0.031553 275
0.041402 283
0.055491 259
0.047166 279
0.071809 271
0.016719 269
0.014607 255
0.055818 265
0.165458 279
0.027202 249
0.016667 259
0.039425 287
0.070635 239
0.093010 277
0.258589 277
0.018868 257
0.015413 271
0.083128 269
0.015426 267
0.041482 283
0.016881 275
0.132847 267
0.125268 255
0.017280 273
0.054543 249
0.016253 239
0.054981 279
0.059743 277
0.235241 273
0.075898 277
0.152036 253
0.377693 255
0.017283 329
0.054957 277
0.044212 235
0.033138 251
0.103788 253
0.023441 281
0.027293 283
0.061381 271
0.120821 283
0.015125 275
0.014673 285
0.143218 347
0.070527 283
0.023683 241
0.049224 269
0.012853 273
0.036887 257
0.015523 285
0.015595 269
0.013614 271
0.039697 289
0.068819 283
0.015250 279
0.082596 275
0.149807 279
0.181220 293
0.096076 275
0.036061 263
0.109032 283
0.050057 259
0.095162 245
0.087146 283
0.024876 275
0.187270 283
0.039821 287
0.026517 275
0.060516 307
0.013479 267
0.097814 265
0.290184 275
0.013796 273
0.036529 269
0.013653 261
0.095544 275
0.037470 283
0.072536 245
0.029166 277
0.135004 297
0.084382 267
0.037041 307
0.086260 277
0.048943 241
0.071497 259
0.062284 273
0.060266 267
0.103488 251
0.051326 259
0.073279 245
0.052185 277
0.013772 273
0.052816 281
0.058539 283
0.037024 255
0.034608 263
0.063893 255
0.026293 283
0.110366 267
0.073186 271
0.040449 275
0.028349 293
0.096456 277
0.037378 275
0.013093 261
0.014687 287
0.024720 271
0.037999 271
0.327453 255
0.097053 253
0.120463 297
0.014385 305
0.049877 257
0.013798 297
0.013867 293
0.089084 265
0.167580 269
0.038573 277
0.160551 291
0.111434 275
0.144344 255
0.037395 283
0.280204 263
0.025418 267
0.039782 275
0.174811 255
0.027280 275
0.089720 279
0.181225 265
0.014962 265
0.038834 263
0.060353 253
0.026385 257
0.052535 279
0.037815 285
0.015851 275
0.045509 281
0.131982 263
0.170340 273
0.015878 285
0.170974 275
0.113960 265
0.027798 257
0.038987 257
0.051423 255
0.116762 287
0.052807 285
0.051786 275
0.098327 263
0.128129 271
0.054644 275
0.038849 271
0.015351 293
0.064499 277
0.096410 261
0.027386 249
0.016013 277
0.013903 285
0.028523 263
0.182599 267
0.040885 271
0.138508 275
0.061581 305
0.025683 273
0.061022 285
0.086381 259
0.126007 251
0.035616 287
0.079112 265
0.023783 273
0.126268 275
0.074250 271
0.056601 283
0.035664 253
0.075426 253
0.012447 263
0.161037 277
0.014031 273
0.019262 279
0.039117 255
0.028065 249
0.114229 259
0.052901 269
0.040912 267
0.187232 275
0.013184 257
0.065144 265
0.025133 261
0.100486 269
0.014839 273
0.137309 283
0.144336 285
0.040979 255
0.268062 327
0.090917 257
0.062860 239
0.134963 289
0.116187 259
0.015904 271
0.013391 295
0.077097 259
0.106467 277
0.090610 259
0.051626 271
0.101118 241
0.249323 271
0.015410 265
0.014193 273
0.080966 283
0.016254 275
0.028235 261
0.076235 247
0.101516 283
0.051654 277
0.017872 285
0.080867 269
0.069707 295
0.027699 273
0.029876 275
0.111973 275
0.242695 283
0.055165 285
0.042177 283
0.025935 287
0.160324 283
0.026352 255
0.081687 247
0.026721 261
0.051834 293
0.027897 279
0.015183 301
0.095259 277
0.017270 275
0.067036 257
0.028524 257
0.028098 285
0.030619 275
0.105156 277
0.028852 293
0.248555 259
0.027858 291
0.079437 271
0.234302 277
0.040110 319
0.085594 273
0.081063 283
0.015640 283
0.016789 269
0.013446 267
0.053303 261
0.026162 259
0.054763 277
0.014747 259
0.029898 275
0.101772 277
0.017081 275
0.016111 275
0.016652 271
0.132259 269
0.064082 271
0.015559 269
0.015913 283
0.070494 283
0.080927 269
0.015536 269
0.017072 281
0.147706 263
0.043877 277
0.027953 281
0.027666 279
0.117799 283
0.080294 273
0.043047 245
0.016242 269
0.014226 265
0.133077 277
0.050440 287
0.034470 255
0.157054 271
0.056728 279
0.185606 269
0.194964 281
0.036257 301
0.034776 259
0.037162 283
0.035194 243
0.101639 261
0.302077 269
0.020053 299
0.079253 247
0.043146 279
0.018920 257
0.017458 293
0.142652 281
0.184407 299
0.064045 273
0.103467 261
0.131364 313
0.124083 267
0.061608 283
0.020024 275
0.065004 263
0.019816 271
0.028773 265
0.051102 275
0.086354 245
0.048833 285
0.079914 275
0.017631 309
0.031415 281
0.078173 323
0.048501 283
0.099365 283
0.222967 261
0.019460 279
0.063164 289
0.138137 265
0.196902 321
0.075449 287
0.161036 283
0.032422 273
0.060980 245
0.018523 239
0.016832 255
0.168807 273
0.077311 277
0.093572 337
0.015404 273
0.018706 275
0.044239 267
0.090010 251
0.038251 263
0.077359 343
0.087597 293
0.034814 285
0.259377 247
0.034578 275
0.111156 277
0.076072 265
0.035241 259
0.030712 279
0.017359 267
0.164365 277
0.168894 249
0.092579 283
0.116490 275
0.142238 251
0.085120 277
0.020199 275
0.219670 249
0.090179 271
0.081355 291
0.018221 285
0.048331 263
0.049216 263
0.038026 285
0.049512 265
0.019006 283
0.432849 275
0.033041 261
0.018779 245
0.063954 279
0.219026 273
0.034291 275
0.035592 275
0.079243 261
0.062662 255
0.051354 277
0.125984 247
0.034642 265
0.017544 237
0.095725 293
0.048813 277
0.262502 255
0.036090 275
0.033341 263
0.019413 283
0.021681 275
0.018582 259
0.045715 285
0.135734 299
0.016487 259
0.034494 271
0.123920 251
0.046736 277
0.031417 257
0.066760 269
0.170551 285
0.018172 277
0.018788 271
0.036165 253
0.174564 275
0.137338 273
0.142843 273
0.045783 251
0.165084 259
0.095563 269
0.569921 283
0.048179 267
0.035143 301
0.018430 279
0.019577 271
0.019425 285
0.016941 249
0.035294 277
0.017958 271
0.097634 285
0.053063 283
0.036638 279
0.032812 269
0.100841 283
0.038722 283
0.090866 305
0.083016 263
0.099716 241
0.069191 287
0.030303 275
0.040187 313
0.080227 273
0.166643 265
0.059827 271
0.069187 297
0.096982 287
0.014957 339
0.167033 285
0.031255 261
0.028585 241
0.084110 269
0.017226 295
0.014055 257
0.018617 269
0.015519 273
0.068882 271
0.163320 285
0.059242 271
0.127863 241
0.017280 275
0.140617 251
0.097461 277
0.073786 283
0.057409 283
0.017631 269
0.014452 249
0.070921 283
0.081657 247
0.015638 269
0.058816 283
0.015259 253
0.043210 275
0.016332 249
0.086688 253
0.043503 271
0.014915 257
0.087866 275
0.044761 273
0.095331 273
0.072600 275
0.016022 267
0.069385 331
0.110830 259
0.017833 253
0.060577 283
0.016119 269
0.031028 277
0.014758 267
0.045033 275
0.107056 273
0.055742 273
0.085564 283
0.015971 269
0.015561 271
0.088073 283
0.118622 295
0.015982 261
0.040427 275
0.042652 275
0.015204 253
0.031371 283
0.054960 279
0.056549 275
0.012849 241
0.056091 277
0.015960 275
0.030257 267
0.015673 277
0.016309 239
0.015874 275
0.111305 279
0.017343 271
0.013548 245
0.031753 283
0.095566 241
0.114088 263
0.043537 269
0.031762 275
0.200629 305
0.119512 247
0.068770 289
0.016781 301
0.047283 285
0.169053 293
0.091386 289
0.056972 269
0.089275 245
0.029295 291
0.029962 269
0.449759 285
0.281692 263
0.074783 255
0.031022 261
0.030361 275
0.201695 283
0.068629 275
0.110900 275
0.053084 255
0.124932 343
0.174456 269
0.072481 283
0.033099 295
0.014557 279
0.016633 277
0.195736 267
0.087797 293
0.060974 269
0.098661 267
0.030138 269
0.134120 261
0.032383 285
0.030249 295
0.245745 293
0.084998 275
0.054980 281
0.061042 275
0.071068 261
0.018968 283
0.154773 257
0.056268 277
0.117715 275
0.018659 263
0.015590 303
0.076511 263
0.014983 259
0.107122 271
0.016394 307
0.076531 263
0.251256 285
0.105898 277
0.016921 311
0.017891 275
0.044652 259
0.122566 293
0.016054 283
0.070897 275
0.016093 267
0.075383 283
0.100960 259
0.105277 361
0.211545 257
0.046899 283
0.015548 325
0.057235 287
0.085233 263
0.153452 283
0.015902 255
0.030825 257
0.016020 259
0.073104 275
0.016503 277
0.060608 273
0.057354 267
0.015916 255
0.060787 279
0.030199 279
0.032178 277
0.156786 263
0.094304 275
0.072781 267
0.105544 269
0.102288 253
0.035714 275
0.015582 279
0.018103 261
0.054524 267
0.092631 263
0.033231 251
0.064074 275
0.031770 339
0.016365 261
0.098694 267
0.062187 275
0.061001 275
0.048006 313
0.076157 271
0.077862 283
0.015983 257
0.107037 273
0.091099 275
0.072338 257
0.016649 249
0.041715 267
0.016706 253
0.099929 243
0.032519 253
0.057943 259
0.121727 235
0.048707 283
0.032953 285
0.046019 263
0.017381 259
0.015253 271
0.033671 283
0.276200 279
0.032596 293
0.046304 257
0.092659 311
0.045604 271
0.043249 275
0.017578 277
0.057434 277
0.062518 279
0.017569 257
0.079100 275
0.047180 265
0.017406 273
0.017587 283
0.076641 285
0.048008 277
0.120083 275
0.276034 281
0.032836 267
0.140647 251
0.096927 277
0.203831 275
0.017807 281
0.050260 313
0.017227 257
0.031749 285
0.171948 267
0.020275 283
0.016829 251
0.111683 265
0.114488 259
0.120025 277
0.031854 287
0.033892 247
0.167183 277
0.163727 269
0.017506 241
0.016029 253
0.018764 259
0.061673 277
0.043767 279
0.094986 247
0.093285 269
0.016661 317
0.016051 293
0.074357 279
0.018910 275
0.062998 255
0.033287 259
0.072977 277
0.034834 275
0.065555 267
0.016895 247
0.017146 271
0.019051 279
0.045283 273
0.063796 283
0.048893 283
0.348267 263
0.048029 313
0.218242 271
0.049643 259
0.056261 251
0.059068 281
0.063387 255
0.066256 285
0.038736 277
0.315516 267
0.013830 291
0.019196 243
0.080715 275
0.328585 283
0.105790 269
0.050801 251
0.029625 257
0.078971 267
0.016223 263
0.089273 261
0.031087 275
0.092696 259
0.118516 281
0.016098 269
0.155186 275
0.034693 283
0.030339 263
0.017552 269
0.109982 279
0.017096 295
0.112926 267
0.016820 255
0.055184 253
0.179961 269
0.128803 271
0.022410 267
0.075990 279
0.103096 239
0.033075 279
0.063351 327
0.017518 265
0.079076 277
0.036151 273
0.149610 251
0.077014 285
0.290623 279
0.175874 265
0.133705 307
0.015436 273
0.017242 285
0.136525 309
0.066674 269
0.018355 253
0.062025 243
0.063851 309
0.064227 267
0.049924 253
0.017470 241
0.047422 253
0.034438 283
0.063517 255
0.030682 261
0.019894 285
0.071344 279
0.017111 283
0.016985 267
0.018357 275
0.128439 263
0.110088 283
0.050197 283
0.033289 245
0.018186 271
0.079100 261
0.066753 285
0.046111 251
0.091008 253
0.120989 283
0.184885 265
0.049598 271
0.033681 245
0.063205 285
0.034917 265
0.169653 257
0.116421 273
0.242287 283
0.019212 269
0.104077 275
0.044912 271
0.094322 287
0.036154 269
0.018441 265
0.092831 277
0.172375 285
0.169432 291
0.048666 259
0.048186 263
0.052521 265
0.014617 247
0.118794 283
0.016999 285
0.020207 283
0.155899 283
0.245445 277
0.051265 267
0.097141 295
0.020377 275
0.093102 271
0.020199 293
0.017690 291
0.033731 259
0.031950 275
0.093174 275
0.043250 283
0.083742 275
0.032860 275
0.035467 271
0.080832 247
0.266929 271
0.021216 283
0.216476 277
0.099219 243
0.023471 283
0.146338 283
0.095607 295
0.054150 269
0.022040 299
0.080478 269
0.020062 271
0.021914 283
0.042253 285
0.020942 309
0.072831 249
0.022923 265
0.208679 257
0.060230 261
0.041041 283
0.037947 251
0.076066 269
0.039890 269
0.049317 287
0.149893 269
0.096559 303
0.079421 279
0.058366 271
0.051923 283
0.040295 267
0.059332 287
0.105342 279
0.130672 287
0.040119 277
0.034419 285
0.022178 271
0.177924 275
0.153165 285
0.038587 277
0.021434 277
0.023502 297
0.156281 275
0.043423 253
0.021844 253
0.020990 285
0.136610 271
0.145604 247
0.040606 283
0.020813 285
0.102970 285
0.077119 291
0.023337 257
0.059051 277
0.021707 265
0.022655 283
0.122425 253
0.039079 251
0.094281 255
0.194611 275
0.023637 283
0.053601 279
0.022393 259
0.123573 253
0.037632 311
0.039389 275
0.056474 261
0.076896 275
0.034943 251
0.057586 261
0.053788 271
0.039960 251
0.041768 273
0.020919 247
0.135593 263
0.097504 313
0.021765 249
0.020446 247
0.024991 265
0.024697 275
0.039540 275
0.081650 257
0.061687 251
0.043378 283
0.073216 301
0.022066 277
0.295015 299
0.022726 239
0.146485 263
0.090874 283
0.170381 293
0.351772 295
0.069314 283
0.043901 283
0.176508 251
0.062802 331
0.019364 273
0.103724 259
0.021227 289
0.041530 277
0.039265 253
0.059125 275
0.056050 293
0.105445 273
0.039971 267
0.234178 279
0.022285 283
0.022577 257
0.151713 251
0.056769 283
0.019921 257
0.059767 259
0.251466 275
0.021076 265
0.023076 285
0.114020 263
0.039768 285
0.156876 259
0.040287 281
0.219442 283
0.081348 283
0.203537 283
0.090365 261
0.023567 247
0.039978 271
0.154135 275
0.072789 293
0.384221 283
0.043706 269
0.022324 283
0.077469 267
0.038370 255
0.161806 275
0.044854 269
0.118847 325
0.039208 249
0.021533 249
0.129883 241
0.022054 249
0.142730 273
0.024596 279
0.061910 259
0.022102 285
0.023854 283
0.187036 263
0.347734 269
0.041198 271
0.288508 279
0.114228 293
0.082115 275
0.268467 265
0.058018 267
0.094067 287
0.096859 315
0.021510 251
0.143922 255
0.063188 269
0.043271 275
0.021615 269
0.056452 263
0.064747 259
0.020689 275
0.113511 277
0.022905 267
0.099384 297
0.039840 291
0.092554 265
0.044804 339
0.023404 279
0.198481 275
0.059536 293
0.020471 307
0.105507 287
0.074313 287
0.148059 273
0.042048 283
0.082930 255
0.144417 261
0.041634 287
0.042131 257
0.022451 249
0.060496 283
0.022307 263
0.041556 267
0.059096 259
0.060456 281
0.095162 263
0.157279 249
0.062950 275
0.021998 283
0.076084 293
0.105031 279
0.026159 275
0.374875 279
0.064225 277
0.098234 293
0.094664 251
0.040976 269
0.021385 285
0.057268 259
0.258641 277
0.107104 283
0.069979 269
0.046858 279
0.121059 281
0.044941 283
0.021568 267
0.022561 269
0.171400 277
0.073576 245
0.098745 343
0.085059 273
0.036912 251
0.023169 265
0.019771 271
0.041164 275
0.067537 275
0.058126 279
0.021254 289
0.194714 285
0.091775 259
0.024509 275
0.095044 265
0.059764 269
0.106944 275
0.019840 259
0.021273 261
0.040095 261
0.022845 257
0.097864 263
0.040493 269
0.065313 271
0.091718 253
0.136451 269
0.098678 259
0.212792 269
0.023940 275
0.064317 255
0.039024 275
0.041466 285
0.123173 295
0.085578 277
0.214400 271
0.063817 275
0.160020 259
0.060722 277
0.022143 257
0.055571 283
0.020058 281
0.090948 263
0.022522 283
0.092094 275
0.120234 263
0.104420 265
0.115331 275
0.043317 291
0.024979 275
0.040867 249
0.061898 271
0.025890 335
0.022162 277
0.226064 259
0.041613 269
0.026038 293
0.041554 297
0.044466 283
0.043177 245
0.216332 283
0.085614 285
0.042058 285
0.022134 265
0.303451 287
0.261437 277
0.039544 259
0.105244 277
0.021570 261
0.048687 275
0.062872 285
0.069669 279
0.022841 333
0.043557 279
0.085845 305
0.040355 233
0.273164 323
0.041450 303
0.212060 275
0.063259 267
0.126587 257
0.084470 277
0.060311 283
0.064604 283
0.252777 281
0.041183 263
0.145322 253
0.121803 259
0.150363 265
0.081913 269
0.059686 259
0.042714 287
0.045063 265
0.045229 251
0.069609 273
0.022472 257
0.068813 285
0.023575 339
0.163489 253
0.045824 293
0.022663 299
0.099469 249
0.077324 253
0.145057 241
0.023322 259
0.021481 249
0.102925 283
0.019605 255
0.095376 267
0.064175 285
0.047851 279
0.069407 277
0.164564 273
0.023590 287
0.099341 285
0.067397 283
0.089100 247
0.024845 273
0.025022 301
0.092802 285
0.173966 283
0.018904 271
0.051043 279
0.069364 303
0.037946 283
0.018714 273
0.459271 261
0.063051 275
0.025763 275
0.119921 241
0.046230 275
0.045134 275
0.124849 239
0.108909 259
0.023447 297
0.023767 259
0.024566 275
0.047619 283
0.024126 271
0.118631 305
0.097195 255
0.044475 283
0.109618 247
0.110552 285
0.127707 297
0.041077 265
0.098156 285
0.104034 287
0.025735 277
0.043893 259
0.142911 253
0.102870 301
0.022718 265
0.026013 275
0.088432 265
0.066061 279
0.258458 327
0.173214 251
0.023208 269
0.022475 279
0.022276 283
0.023944 259
0.064457 249
0.068121 249
0.114949 289
0.144094 349
0.021720 285
0.045992 269
0.253931 277
0.046151 243
0.104933 263
0.186277 285
0.023572 289
0.081834 241
0.084617 295
0.044503 259
0.045569 257
0.074264 277
0.206993 261
0.064260 275
0.023846 283
0.085371 275
0.045224 291
0.314292 269
0.026404 269
0.126418 283
0.022004 265
0.108735 277
0.073517 283
0.089121 273
0.125773 275
0.137880 263
0.038803 277
0.124755 277
0.056718 269
0.054912 265
0.127978 251
0.093201 277
0.075507 257
0.056915 283
0.087502 277
0.037675 263
0.063360 289
0.074998 269
0.115959 263
0.041146 293
0.108524 295
0.108779 277
0.090035 269
0.092269 285
0.019815 269
0.090542 249
0.020079 285
0.074209 285
0.056452 283
0.075317 275
0.073608 275
0.056068 283
0.447961 277
0.237413 283
0.038012 269
0.163364 279
0.110399 269
0.090088 283
0.073714 267
0.073134 241
0.125162 259
0.216914 259
0.142829 287
0.022191 283
0.020489 283
0.198138 253
0.036527 279
0.019157 247
0.073207 267
0.036715 253
0.154485 267
0.138811 257
0.022723 275
0.020970 279
0.162449 283
0.019197 261
0.126870 293
0.067989 249
0.057611 279
0.038360 273
0.055735 271
0.127815 289
0.086739 289
0.024189 269
0.026668 275
0.020636 257
0.130526 277
0.124741 271
0.091596 247
0.045838 275
0.097730 281
0.193110 283
0.040767 265
0.132116 263
0.142810 271
0.076328 295
0.101349 287
0.050421 271
0.020550 261
0.089627 291
0.043137 269
0.067628 285
0.135993 255
0.049017 277
0.022129 277
0.046202 279
0.048559 279
0.025027 269
0.064626 267
0.099962 257
0.047348 283
0.064587 339
0.298170 269
0.155417 277
0.177471 281
0.044307 263
0.047147 269
0.085524 259
0.025026 273
0.094980 259
0.065883 291
0.046735 277
0.026955 277
0.136575 279
0.024894 265
0.043158 263
0.122606 245
0.043183 247
0.023303 241
0.024756 275
0.026054 269
0.025119 275
0.044552 289
0.068498 257
0.252820 283
0.025194 283
0.446366 251
0.086073 345
0.066174 303
0.045698 261
0.104954 271
0.068066 279
0.023615 253
0.134595 287
0.107173 267
0.026461 285
0.239572 275
0.071423 275
0.047613 283
0.067935 283
0.067757 341
0.046775 283
0.025282 283
0.024439 235
0.070732 257
0.023743 275
0.109602 249
0.023626 249
0.026823 277
0.040732 305
0.024922 271
0.107170 261
0.199835 285
0.047776 261
0.089077 327
0.047727 281
0.189661 253
0.045927 303
0.019993 261
0.152556 263
0.089830 253
0.241509 257
0.111159 273
0.154937 291
0.176899 245
0.045978 273
0.025236 265
0.089477 263
0.156235 253
0.205151 275
0.217022 283
0.155983 277
0.141227 263
0.132582 275
0.026676 265
0.059472 261
0.071797 277
0.023844 287
0.164358 339
0.089870 265
0.046681 267
0.041508 289
0.056676 287
0.161757 263
0.021820 283
0.057980 275
0.041987 271
0.140883 255
0.057667 275
0.039828 243
0.060442 283
0.110618 263
0.021261 251
0.189865 275
0.057634 269
0.093157 271
0.094018 265
0.334800 301
0.077527 283
0.019723 275
0.039927 251
0.074858 279
0.021580 283
0.019939 273
0.077598 277
0.116192 269
0.019543 285
0.151535 277
0.020762 283
0.114751 283
0.253334 243
0.042222 277
0.143736 287
0.226786 305
0.077638 257
0.042402 271
0.039638 295
0.021698 283
0.040163 257
0.039373 325
0.075605 257
0.058215 285
0.020130 255
0.020104 255
0.038666 315
0.060333 283
0.106128 285
0.039521 277
0.167910 259
0.019768 245
0.181344 275
0.149583 279
0.078065 271
0.040263 277
0.021354 245
0.020521 283
0.043636 295
0.118465 287
0.021789 263
0.040211 275
0.116155 283
0.149139 275
0.070567 253
0.038280 263
0.040497 283
0.023382 293
0.020423 283
0.132888 269
0.021524 267
0.105504 277
0.039297 253
0.113046 243
0.021609 275
0.107850 275
0.020166 259
0.019814 271
0.039232 245
0.021783 275
0.060480 269
0.037820 245
0.285585 293
0.037774 267
0.039841 255
0.019324 277
0.079121 269
0.021186 275
0.153712 323
0.117257 269
0.040718 269
0.098033 283
0.057593 275
0.060847 249
0.059818 277
0.076687 273
0.248364 255
0.081460 293
0.020726 275
0.189664 245
0.020668 271
0.039658 251
0.077124 253
0.077592 297
0.020334 269
0.115230 277
0.142818 271
0.133737 281
0.081873 269
0.113457 285
0.078202 249
0.023989 269
0.058398 247
0.041484 283
0.038228 295
0.156214 277
0.134929 259
0.117837 279
0.098602 279
0.024568 283
0.058275 269
0.058577 255
0.042442 275
0.020893 265
0.021466 269
0.041520 283
0.079062 293
0.233709 279
0.101180 267
0.095302 275
0.197180 275
0.060420 241
0.094439 277
0.420556 285
0.249529 271
0.023608 245
0.022259 277
0.025310 275
0.016032 249
0.112295 285
0.018921 277
0.140783 285
0.195952 283
0.100634 287
0.019464 287
0.064473 275
0.095265 265
0.023092 269
0.061728 275
0.173194 261
0.137309 285
0.058909 253
0.021032 247
0.081212 277
0.039850 263
0.039214 277
0.043110 275
0.118400 275
0.061976 283
0.038418 267
0.058577 267
0.020126 261
0.081731 275
0.020592 269
0.117602 267
0.041672 277
0.038984 259
0.040032 317
0.374432 269
0.058030 313
0.039359 259
0.042844 277
0.042704 283
0.058950 269
0.078683 257
0.020355 261
0.058917 307
0.020098 269
0.123508 269
0.120502 283
0.019528 291
0.098702 269
0.040076 331
0.140597 275
0.042023 277
0.061480 285
0.023130 295
0.075950 257
0.062110 287
0.118882 285
0.060871 261
0.041254 269
0.062035 295
0.021530 269
0.063918 283
0.019710 263
0.199992 251
0.118058 259
0.166065 273
0.023710 275
0.022983 277
0.039974 259
0.119288 263
0.021283 261
0.041743 283
0.061817 267
0.041033 277
0.122366 283
0.120454 271
0.062858 279
0.021707 261
0.041839 273
0.079496 285
0.081005 271
0.079656 283
0.043636 275
0.258749 263
0.044139 253
0.040990 267
0.041219 273
0.024099 283
0.100756 283
0.081548 267
0.021470 317
0.101517 273
0.079960 259
0.100722 283
0.161873 247
0.257344 281
0.021538 255
0.099748 283
0.024459 275
0.020772 255
0.060686 269
0.142401 275
0.041288 275
0.044456 275
0.103517 283
0.099968 279
0.024999 283
0.021322 275
0.080806 271
0.041943 291
0.080953 255
0.039744 283
0.041973 275
0.062756 327
0.102377 241
0.040739 251
0.022801 275
0.042093 247
0.022595 279
0.223940 273
0.062770 323
0.023147 279
0.120427 265
0.065151 263
0.100770 287
0.061240 307
0.101061 283
0.164040 293
0.020253 253
0.083392 249
0.021605 261
0.105854 261
0.120909 261
0.104172 295
0.203445 265
0.022137 265
0.023538 279
0.022603 327
0.049512 261
0.140725 271
0.187176 275
0.140379 245
0.026379 275
0.166676 279
0.187260 261
0.145380 283
0.025410 291
0.025765 305
0.142019 295
0.020960 289
0.046575 275
0.050154 305
0.118526 263
0.290132 283
0.045700 245
0.142341 273
0.075121 283
0.237496 261
0.095429 283
0.053264 255
0.071108 271
0.068216 281
0.050342 301
0.048624 327
0.049236 263
0.128291 285
0.049756 293
0.049394 271
0.023521 259
0.022988 283
0.096524 271
0.025547 283
0.114594 293
0.027563 277
0.025650 279
0.118962 285
0.141747 251
0.273511 343
0.068030 299
0.048933 241
0.089545 265
0.202933 297
0.029170 281
0.075063 241
0.073418 253
0.168561 283
0.026603 289
0.066164 283
0.042082 275
0.040021 241
0.022879 269
0.023571 285
0.023566 295
0.020725 253
0.023258 337
0.020696 287
0.023121 259
0.084793 283
0.105843 293
0.042049 251
0.041635 275
0.023001 267
0.248901 265
0.082699 269
0.020781 261
0.024105 279
0.064974 285
0.024059 293
0.041468 243
0.064424 277
0.022495 285
0.127288 275
0.023267 261
0.053156 283
0.025181 281
0.026317 303
0.049058 257
0.099114 265
0.119535 269
0.098564 251
0.026510 291
0.027145 271
0.094767 327
0.165029 275
0.029361 279
0.113991 243
0.171883 297
0.051937 275
0.054296 269
0.027821 275
0.052457 277
0.124750 311
0.049969 289
0.026601 283
0.102337 287
0.028448 325
0.168878 245
0.102132 277
0.139838 269
0.097611 283
0.192982 275
0.048712 275
0.100284 271
0.028301 263
0.052239 279
0.219232 277
0.025979 307
0.027255 275
0.077511 253
0.361499 279
0.052098 271
0.140008 271
0.161873 259
0.026662 307
0.274947 263
0.076621 275
0.176222 275
0.177332 283
0.050028 333
0.025689 265
0.027684 283
0.125645 271
0.025167 259
0.025378 263
0.052026 285
0.054293 279
0.267701 279
0.256264 335
0.023475 257
0.024980 255
0.072642 311
0.846960 237
0.851916 239
1.113030 235
0.056147 233
1.131981 241
0.312464 239
0.952492 235
0.584056 249
0.013610 253
0.266447 231
0.395133 247
0.007628 245
0.327321 239
0.092497 249
0.352138 245
0.094740 241
0.039884 241
0.220175 255
0.007633 247
0.064634 257
0.046959 229
0.042774 249
0.036445 243
0.009984 245
0.018585 233
0.452317 239
0.294629 259
0.009649 263
0.045825 269
0.009982 267
0.009658 255
0.006103 269
0.047544 243
0.144363 255
0.059553 257
0.026941 253
0.012515 249
0.047028 249
0.050084 251
0.008574 239
0.137271 269
0.041782 251
0.017484 255
0.035591 239
0.022975 261
0.005436 253
0.027783 255
0.034887 253
1547.819779 223
0.051848 221
0.017985 233
0.014857 221
0.016085 231
0.031699 227
0.061961 221
0.016510 221
0.015650 235
0.031790 227
0.031105 235
0.014576 237
0.016465 237
0.014048 239
0.014685 239
0.014951 233
0.018726 227
0.850472 227
0.051543 219
0.031747 227
0.014662 227
0.233134 251
0.017023 255
0.015379 253
0.048799 227
0.015895 227
0.013834 225
0.272564 225
0.030983 233
0.017625 253
0.028948 233
0.075746 237
0.015451 245
0.017041 245
0.015755 235
0.012626 249
0.015190 237
0.015413 243
0.016413 241
0.016202 235
0.057467 245
0.007347 239
0.008624 233
0.009123 235
0.007486 257
0.010287 245
0.009197 245
0.005239 245
0.008056 239
0.092736 227
0.016226 229
0.094727 243
0.017250 243
0.033750 227
0.030981 261
0.032311 231
0.015027 235
0.014815 233
0.015205 241
0.016667 233
0.013843 229
0.017168 231
0.013894 233
0.016534 229
0.014169 237
0.014974 229
0.013046 237
0.016410 231
0.014364 229
0.016415 233
0.016297 233
0.015136 233
0.030983 251
0.067527 235
0.016629 231
0.015298 229
0.014888 233
0.015480 231
0.018290 235
0.014226 255
0.013784 235
0.038915 231
0.015330 235
0.016264 233
0.013745 233
0.015357 227
0.017701 233
0.013478 229
0.019069 233
0.013321 229
0.016194 235
0.016310 235
0.014189 245
0.016834 239
0.015136 235
0.016907 233
0.013858 237
0.016819 231
0.017180 233
0.017197 233
0.015837 237
0.017068 235
0.017321 233
0.028911 241
0.014189 235
0.015184 225
0.062146 243
0.336568 225
0.016478 225
0.052754 223
0.079082 225
0.065128 235
0.016741 247
0.030262 243
0.018454 233
0.012732 255
0.017303 237
0.029221 245
0.033736 243
0.012636 245
0.017299 239
0.014162 251
0.032425 247
0.014188 253
0.016355 231
0.016272 239
0.018602 239
0.013283 233
0.049884 261
0.060874 237
0.016786 247
0.008888 243
0.015780 231
0.015217 263
0.032823 247
0.105580 231
0.040214 249
0.009538 259
0.016349 239
0.017092 249
0.017875 245
0.032153 261
0.015924 261
0.047188 247
0.015946 251
0.153716 237
0.061497 229
0.016444 233
0.030145 225
0.289268 235
0.017648 233
0.082375 237
0.015717 229
0.015553 231
0.014720 229
0.014009 231
0.029341 243
0.016203 239
0.147073 253
0.046584 261
0.047641 227
0.031602 223
0.017443 225
0.044579 227
0.045776 231
0.031151 231
0.031078 227
0.035368 223
21.135095 259
0.170299 257
0.015677 269
0.014496 257
0.015257 267
0.095941 263
0.167049 257
0.019465 257
0.014866 271
0.142858 263
0.027432 271
0.015211 273
0.014863 273
0.013651 275
0.014321 275
0.015145 269
0.016727 263
0.843689 263
0.051554 255
0.033299 263
0.013833 263
0.031663 271
0.013552 273
0.018143 273
0.015378 271
0.016994 279
0.016356 273
0.247974 287
0.015984 291
0.018509 289
0.049132 263
0.014274 263
0.015501 261
0.273117 261
0.031218 269
0.015905 289
0.032283 269
0.072984 273
0.018708 281
0.013658 281
0.016310 271
0.013671 285
0.016856 273
0.013432 279
0.016813 277
0.015177 271
0.124735 263
0.015887 265
0.096934 279
0.016869 279
0.034040 263
0.053120 303
0.015764 297
0.032330 267
0.014968 271
0.015619 269
0.014888 277
0.016944 269
0.014092 265
0.016236 267
0.014071 269
0.014609 265
0.016515 273
0.013212 265
0.015397 273
0.014850 267
0.016477 265
0.014688 269
0.015742 269
0.015796 269
0.032073 287
0.065681 271
0.015871 267
0.014930 265
0.016012 269
0.015223 267
0.016244 271
0.014335 291
0.014298 271
0.041272 267
0.013215 271
0.015981 269
0.014819 269
0.015775 263
0.016782 269
0.017383 265
0.014240 269
0.015389 265
0.016915 271
0.014517 271
0.013341 281
0.018105 275
0.015599 271
0.016481 269
0.012809 273
0.016942 267
0.017951 269
0.016309 269
0.014754 273
0.017406 271
0.017313 269
0.027358 277
0.016374 271
0.013929 261
0.067904 279
0.162748 261
0.015595 261
0.054506 259
0.079611 261
0.065005 271
0.016747 283
0.031203 279
0.016939 269
0.013865 291
0.017248 273
0.028859 281
0.033699 279
0.012265 281
0.016181 275
0.018157 287
0.030372 283
0.014600 289
0.030067 283
0.017497 287
0.015128 297
0.014928 285
0.015773 287
0.014235 277
0.016613 287
0.017426 289
0.014323 267
0.016037 275
0.015311 275
0.015548 269
0.048091 297
0.062491 273
0.016409 283
0.016730 279
0.014683 267
0.015457 299
0.032811 283
0.102776 267
0.048115 285
0.016849 295
0.016294 275
0.015700 285
0.017686 281
0.032608 297
0.015793 297
0.046795 283
0.016708 287
0.155657 273
0.060412 265
0.017592 269
0.031142 261
0.373263 271
0.021096 269
0.091480 273
0.018808 265
0.013064 267
0.017046 265
0.015325 267
0.030416 279
0.016399 275
0.154103 291
0.034471 289
0.045174 297
0.046228 263
0.033660 259
0.013143 261
0.047681 263
0.044375 267
0.032584 267
0.030450 263
0.033702 259
51.752358 17
0.248818 25
3.360697 8
0.021461 55
0.244240 17
