0.232551 19
0.000274 8
0.000025 47
0.746739 1
0.279386 1
0.581029 1
0.340165 1
0.086723 1
0.081599 1
0.188494 1
0.574577 1
1.230592 1
0.179975 1
0.384636 1
0.540810 4
0.128102 4
0.632884 1
0.238375 1
0.141141 1
1.896401 1
0.077318 1
0.886530 1
0.291294 1
0.825915 1
0.216117 1
0.161061 1
0.276007 1
0.123820 1
0.130510 1
0.362947 1
0.268858 1
0.118025 1
0.150444 1
0.087540 1
0.086155 1
0.535944 1
0.199716 1
0.149385 1
0.136676 1
0.145638 1
0.117711 1
0.604713 1
0.446551 1
0.545713 4
0.408544 1
0.180047 1
0.251570 1
0.130101 1
0.239538 1
0.741541 1
0.153265 1
0.146970 1
0.159128 1
2.379548 1
0.081604 1
0.152917 1
0.142247 1
0.114658 1
0.288082 1
0.402875 1
0.132034 1
0.084626 1
0.040036 1
0.232790 1
0.686086 1
0.099672 1
0.228328 1
0.234698 1
0.140977 1
0.559617 85
0.260218 11
0.000181 19
0.000078 8
0.000033 47
0.730319 1
0.092876 1
0.165088 1
0.496479 1
0.519886 1
0.136410 3
0.846833 1
0.154091 8
0.948747 1
0.335732 1
0.133037 11
4.361039 1
0.131584 1
0.156014 4
3.743812 1
0.149541 13
0.871728 1
0.167999 1
0.349297 7
0.736278 146
4.256209 1
0.125077 1
0.212750 1
0.308085 1
0.133003 1
0.131172 1
0.126847 1
2.600701 1
0.863098 1
0.616807 4
0.164393 4
0.706823 1
0.090091 1
0.521177 1
0.467053 1
0.140825 1
0.112767 10
1.029355 1
0.454980 4
0.447789 1
0.277022 9
2.504260 11
211.794645 73
0.016917 8
0.000018 54
32.807087 1
0.303229 1
0.456647 1
0.778293 1
0.260233 1
0.139115 1
0.186568 1
0.526161 1
0.515133 1
0.314488 1
0.702661 1
0.199983 1
0.227820 1
0.308643 11
0.448317 27
3.250782 2
0.044898 12
0.013226 41
0.043923 12
0.457439 35
2.325599 31
1.724462 497
0.000412 153
2.858935 1
0.439665 2
2.417221 41
0.341401 106
0.000649 72
1.451071 1
0.306774 4
0.131085 35
0.122410 76
0.076447 12
0.008959 34
0.017353 38
0.015747 68
0.000220 153
0.015228 83
1.976574 172
0.293287 168
0.293727 168
0.306104 168
0.327133 168
0.312458 168
0.307907 168
0.293215 168
0.319370 168
0.205160 168
0.233995 168
0.200071 168
0.198956 168
0.202064 168
0.262634 168
0.224796 168
0.201305 168
0.219200 168
0.351918 168
0.207789 168
0.209059 168
0.282319 168
0.202373 168
0.267855 168
0.217731 168
0.197319 168
0.210619 168
0.200198 168
0.072837 168
0.313414 4
0.000231 168
0.077602 171
0.000150 168
0.043695 168
0.000605 171
0.001816 171
0.000035 168
0.033978 171
0.000481 168
0.000222 171
0.002278 52
0.001466 168
0.122395 171
0.018310 40
0.000137 44
0.288026 52
0.000241 4
0.000217 39
0.031141 6
0.019321 35
2.547073 44
2.296792 97
0.002925 63
0.032863 65
0.025263 52
0.029024 55
0.002495 75
1.472886 45
0.074071 33
0.000781 34
0.000689 34
0.015631 34
0.000442 34
0.024640 34
0.000948 35
0.054182 35
0.001044 35
0.001122 35
0.000817 35
0.012729 70
0.002370 35
0.000564 35
0.000391 35
0.034239 35
0.000695 35
0.001605 35
0.000730 35
0.000745 35
0.038356 35
0.004273 35
0.049595 35
0.032352 35
0.010738 35
0.035581 35
0.021862 35
0.005628 35
0.004678 35
0.000383 35
0.000410 35
0.000276 35
0.000216 35
0.032557 35
0.000170 35
0.000455 35
0.000738 35
0.000278 35
0.000167 35
0.009999 35
0.000259 35
0.000104 35
0.000252 35
0.000096 35
0.001809 35
0.000154 35
0.000245 35
0.000224 35
0.000076 35
0.000109 35
0.002184 35
0.000117 35
0.000522 35
0.000207 35
0.000085 35
0.000108 36
0.000085 36
0.000347 72
0.000077 36
0.000362 36
0.000099 36
0.000287 72
0.000564 36
0.000188 36
0.000206 36
0.000282 36
0.000055 36
0.000145 36
0.000075 36
0.000262 36
0.000115 36
0.000175 72
0.000268 36
0.000178 36
0.000177 36
0.000088 36
0.000521 36
0.000141 36
0.000083 36
0.000100 36
0.000236 36
0.020956 36
0.000343 36
0.000382 36
0.000774 36
0.023893 36
0.021184 36
0.000093 36
0.000086 36
0.000278 36
0.000083 36
0.000091 36
0.000248 36
0.008765 36
0.000055 36
0.000143 36
0.073850 71
0.001118 63
0.000041 69
0.000017 2
0.000890 32
0.001240 33
0.001356 33
0.002078 33
0.000989 33
0.000473 33
0.000288 33
0.002230 33
0.000350 33
0.000477 34
0.000279 34
0.000370 34
0.000342 34
0.000378 34
0.000263 34
0.000346 34
0.000250 34
0.000566 34
0.002261 34
0.000762 34
0.004129 34
0.000237 34
0.000913 34
0.000706 34
0.000585 34
0.000433 34
0.000703 34
0.000811 34
0.000671 34
0.000790 34
0.000509 34
0.000807 34
0.000743 34
0.000732 34
0.001163 34
0.000802 34
0.000493 34
0.001568 34
0.000318 34
0.000981 34
0.000774 34
0.000667 34
0.000903 34
0.001372 34
0.000774 34
0.001076 34
0.000935 34
0.000382 34
0.000422 34
0.002390 34
0.001228 34
0.000208 34
0.000211 34
0.000201 34
0.000214 34
0.000168 34
0.000164 34
0.000165 34
0.000181 34
0.000176 34
0.000192 34
0.000159 34
0.000171 34
0.000231 34
0.000343 34
0.000225 34
0.000102 34
0.000124 34
0.000131 34
0.000130 34
0.000112 34
0.000150 34
0.000128 34
0.000091 34
0.000120 34
0.000197 34
0.000076 34
0.000077 34
0.000109 34
0.000116 34
0.000159 34
0.000177 34
0.000088 35
0.001790 35
0.001146 35
0.000845 35
0.000340 35
0.002509 105
0.000499 35
0.000313 35
0.000203 35
0.000155 35
0.000161 35
0.000219 35
0.000137 35
0.000130 35
0.000148 35
0.000168 35
0.003977 35
0.000174 43
0.082641 70
0.003388 12
0.002705 9
0.015376 52
0.038892 72
0.002987 23
0.016435 7
0.039580 50
0.005103 10
1.100813 278
0.000300 281
0.000184 215
0.000175 202
0.000174 202
0.000166 202
0.000162 202
0.000164 217
0.124024 133
0.242948 20
0.000643 5
0.141494 41
2.017545 5
0.000172 59
0.002046 38
0.075580 2
0.005600 43
0.394136 4
0.002078 39
0.039276 3
0.000249 48
0.044372 5
0.000422 35
0.071151 5
0.000363 50
0.289972 13
0.001047 66
0.000124 4
0.000097 63
0.183746 4
0.002548 42
0.176557 8
0.053633 41
0.030760 21
0.000449 19
0.001113 13
0.000248 19
0.001023 13
0.000265 23
0.000998 17
0.000242 25
0.000943 19
0.000219 46
0.000270 5
0.000204 46
0.000260 5
0.012809 30
0.082972 21
0.000219 29
0.000154 21
0.000455 24
0.049765 5
0.000444 25
0.067715 5
0.000384 25
0.066907 5
0.000324 27
0.077717 5
0.000368 25
0.051186 5
0.000567 26
0.051978 5
0.000508 27
0.238402 5
0.000706 28
0.062720 30
0.128235 5
0.000447 25
0.000061 9
0.000079 5
0.057520 33
0.095615 5
0.000514 29
0.083229 5
0.000364 28
0.065200 5
0.000350 28
0.194727 5
0.000674 30
0.080400 4
0.000407 26
0.070061 4
0.000375 26
0.085356 5
0.000398 26
0.080955 5
0.000373 25
0.083001 5
0.000265 25
0.083239 5
0.000573 28
0.096181 4
0.000364 28
0.091630 4
0.000212 23
0.078183 5
0.000315 23
0.079335 5
0.000306 24
0.041273 4
0.000523 24
0.083769 5
0.000437 23
0.081491 5
0.000273 24
0.091404 4
0.000529 43
0.184826 4
0.000459 44
0.097061 4
0.000296 37
0.121539 4
0.000281 26
0.106085 3
0.000524 26
0.117307 3
0.000386 26
0.128312 3
0.000450 26
0.127919 3
0.000276 38
0.113787 5
0.000211 25
0.096914 5
0.000396 28
0.000418 22
0.000080 33
0.102863 8
0.017252 35
0.447039 5
0.000595 30
0.164355 5
0.000462 43
0.486727 5
0.000340 23
0.360186 5
0.000571 31
0.279564 5
0.000881 24
0.073569 5
0.000362 40
0.277072 5
0.001247 23
0.174006 5
0.000353 36
0.287821 5
0.000317 34
0.099946 4
0.066431 37
0.146347 42
0.021563 34
0.019559 39
0.025343 42
0.029207 42
0.024562 42
0.027055 34
0.019349 39
0.015951 42
0.115800 34
0.007379 17
0.070016 42
0.021531 34
0.020031 39
0.025539 42
0.027321 42
0.029163 42
0.028759 34
0.022124 39
0.008541 43
0.003682 42
0.017384 46
0.005726 136
0.000306 134
0.001941 128
0.119288 132
0.238724 142
0.216944 130
0.150198 126
0.186024 128
0.110538 130
0.138577 138
0.091424 138
0.120054 126
0.196570 136
0.205997 140
0.107338 130
0.030436 140
0.148381 130
0.224596 134
0.126086 130
0.171660 130
0.195563 134
0.018302 132
0.174687 132
0.043630 130
0.183306 124
0.140781 128
0.128816 138
0.186236 126
0.017336 122
0.299667 124
0.050073 126
0.140016 134
0.143765 134
0.072184 122
0.207803 132
0.261553 136
0.004499 126
0.120604 136
0.218354 126
0.000550 130
0.221277 126
0.403211 126
0.041185 130
0.207839 128
0.135859 134
0.011854 116
0.006943 443
0.275556 444
0.323189 21
0.010536 33
0.054742 458
0.026948 26
0.000068 25
0.000047 22
0.000046 24
0.000047 29
0.000047 23
0.000058 21
0.000047 22
0.000056 23
0.000049 27
0.000046 27
0.000048 21
0.000050 26
0.000048 28
0.000047 23
0.000047 28
0.000054 23
0.000045 25
0.000048 23
0.000046 23
0.000050 25
0.000050 24
0.044442 22
0.001777 35
0.310607 204
0.792906 31
0.051091 243
0.256372 63
2.488438 52
0.007182 31
0.007243 17
0.088041 42
0.029510 34
0.026884 39
0.043089 42
0.038805 42
0.037245 42
0.036529 34
0.028261 39
0.010092 43
0.003970 42
0.020036 46
0.005283 28
0.005564 84
0.002004 103
0.001729 76
0.001602 97
0.001987 69
0.001444 81
0.001347 94
0.002121 95
0.001787 76
0.001807 94
0.001944 87
0.001742 102
0.008598 49
0.004980 57
0.023117 57
0.026087 64
0.013398 89
0.125474 65
0.047095 63
0.043561 56
0.003655 59
0.047640 61
2.142986 57
0.032246 54
0.040759 60
0.006604 98
0.000966 2
0.000498 81
0.066206 12
0.010251 33
0.033671 186
0.013203 58
0.001388 168
0.000606 168
3.150104 12
9.347816 168
0.019330 171
0.326320 95
0.068861 6
2.325087 12
0.009092 56
0.039881 38
0.005899 140
0.000044 56
0.000019 3
0.013706 180
0.041525 168
0.000272 171
0.000030 168
0.043712 171
0.000034 168
0.001434 171
0.000084 168
0.000174 168
0.000135 171
0.000231 168
0.000080 339
0.001512 48
0.000029 4
0.000827 168
0.046294 171
0.001797 84
0.000895 168
0.001670 171
0.314469 52
0.000191 4
0.000230 39
0.016455 6
0.167138 73
0.000193 62
4.535280 1
0.143601 1
0.435485 1
1.250359 1
0.692914 1
0.076985 1
0.088240 1
0.192637 1
0.436371 1
0.084506 1
0.247883 1
0.116872 1
0.092861 1
0.232862 1
0.139140 1
0.324076 1
0.959552 1
0.117065 1
1.547859 1
0.112434 1
0.139163 1
0.200711 1
0.116886 1
0.164028 1
0.308737 1
0.139837 1
0.263259 1
0.167350 1
0.101355 1
0.159410 1
0.163794 1
0.111174 1
0.123052 1
0.619822 1
0.201147 1
0.021147 1
0.139567 1
0.213656 1
0.403520 1
0.092535 1
0.140662 1
0.150528 1
0.639113 1
0.456073 1
0.121891 1
5.581137 74
0.537843 276
0.404447 11
0.000165 73
0.000087 8
0.000034 54
7.896326 48
0.634671 1
0.000821 115
0.957381 4
0.663807 4
0.040703 4
0.040157 4
0.039801 4
0.040267 4
0.040215 4
0.039533 4
0.039994 4
0.040547 4
0.039661 4
0.039914 4
0.040112 4
0.039831 4
0.040108 4
0.040500 4
0.039041 4
0.212034 4
0.159102 4
0.727358 1
0.088784 1
0.805012 1
0.302663 12
1.497581 1
0.342049 1
0.643316 4
0.634181 1
0.951698 1
0.661022 1
0.039657 1
0.040228 1
0.040100 1
0.039915 1
0.039923 1
0.039526 1
0.040393 1
0.040005 1
0.039946 1
0.039616 1
0.040619 1
0.039949 1
0.039772 1
0.039658 1
0.040730 1
0.040168 1
0.039162 1
0.389498 3
0.370971 5
0.659695 5
0.040174 5
0.040099 5
0.040190 5
0.040214 5
0.039726 5
0.040246 5
0.610752 5
0.467875 5
0.111193 7
0.684336 5
0.111081 1
0.995144 5
0.227434 11
0.776848 5
0.313683 5
0.087002 5
0.094406 11
0.653086 5
0.106295 5
0.282414 5
0.311426 5
1.401108 5
0.365966 1
0.607777 5
0.219865 1
30.590482 5
0.666994 5
0.040666 5
0.039995 5
0.041779 5
0.040495 5
0.039164 5
0.040924 5
0.039804 5
0.039906 5
0.039713 5
0.039921 5
0.183029 5
0.571767 5
1.626105 5
0.666068 5
0.039530 5
0.039349 5
0.042455 5
0.040087 5
0.040580 5
0.039145 5
0.040340 5
0.040001 5
0.040048 5
0.246667 5
0.143324 5
0.150422 5
0.905030 5
0.145084 5
0.190397 5
0.748310 5
0.204288 15
1.178709 5
0.543623 5
0.111728 5
0.218207 21
2.657351 5
0.670453 5
0.041663 5
0.040419 5
0.040383 5
0.039483 5
0.040276 5
0.040266 5
0.039846 5
0.039460 5
0.040242 5
0.040415 5
0.039873 5
0.039405 5
0.040324 5
0.433897 5
0.508463 5
0.273062 18
5.004232 11
316.654470 73
0.022962 8
0.000044 54
35.976762 1
0.326865 1
0.846038 4
0.467906 1
0.148850 1
0.354898 1
0.817403 1
0.337250 1
0.266575 1
0.179297 1
0.102827 1
1.022024 1
0.790824 1
0.227896 1
0.266374 1
0.431940 1
0.289451 1
0.699693 1
0.124323 1
0.232075 1
0.723565 1
0.133543 1
0.675290 1
0.125501 1
0.053291 1
0.112846 1
0.204189 1
0.610447 1
0.119007 1
0.303038 1
0.457779 1
0.130205 1
0.090751 1
0.337705 1
0.165275 1
0.436528 1
0.342356 1
0.278132 1
0.131880 1
0.280712 1
0.689765 1
0.182338 1
0.142967 1
0.294985 1
0.476263 146
1.354129 146
0.845338 1
0.134290 1
0.643007 1
0.335861 1
1.132597 1
0.120552 1
0.251645 1
0.970327 1
0.139342 1
0.539936 1
0.270093 12
0.794766 1
0.228996 1
0.434474 1
0.438326 4
0.155725 1
0.269975 2
0.015349 138
7.281287 1
0.295299 7
0.408161 1
1.816824 4
0.657554 4
0.039106 4
0.039698 4
0.040200 4
0.039978 4
0.040065 4
0.040219 4
0.951864 1
0.211731 8
2.470662 4
0.651706 4
0.041857 4
0.040235 4
0.040205 4
0.039147 4
0.040517 4
0.039561 4
0.040338 4
0.039894 4
0.040318 4
0.039423 4
0.040699 4
0.039772 4
0.040029 4
0.040302 4
0.039134 4
0.040063 4
0.039849 4
0.040411 4
0.040198 4
0.039674 4
0.040304 4
0.326686 4
3.694507 4
0.662026 4
0.040542 4
0.040803 4
0.038936 4
0.039987 4
0.040430 4
0.039293 1
0.040884 1
0.039366 1
0.040432 1
2.660592 1
0.202476 1
0.126816 1
0.239097 1
0.521936 4
0.146928 4
0.146625 4
0.170990 4
0.133929 1
0.331446 1
0.128395 1
0.233045 1
0.492829 1
0.453772 1
0.148154 1
0.196994 1
0.674368 1
0.143037 1
0.419548 1
0.291946 12
1.368726 1
0.257840 7
1.720756 1
0.653299 1
0.039824 1
0.040123 1
0.039831 1
0.040550 1
0.039205 1
0.040077 1
0.040161 1
0.040267 1
0.040365 1
0.039876 1
0.039266 1
0.040563 1
0.039979 1
0.039790 1
0.039915 1
0.039352 1
0.040669 1
0.040186 1
0.039456 1
0.040073 1
0.040391 1
0.039740 1
0.040351 1
0.039406 1
0.040590 1
0.496324 3
2.533988 5
1.935137 78
0.665807 1
0.275684 1
0.059804 1
0.715508 1
0.162394 12
1.383252 1
0.159761 1
0.175138 1
0.672751 4
0.730672 1
0.096569 7
0.900422 2
0.000040 9
0.027051 33
0.000041 25
0.000056 11
0.000401 73
0.000120 8
0.000031 54
4.362351 1
0.118100 1
0.270850 1
0.449157 1
0.206107 1
0.115078 1
0.228162 1
1.009584 1
0.069404 1
1.263741 4
0.310838 1
0.286005 1
1.047181 1
0.292901 1
1.062525 4
0.487900 1
0.297226 1
0.159907 1
0.189419 8
2.655748 1
0.573354 14
1.412984 2
0.000043 9
0.001721 34
0.000488 73
0.000114 62
15.010320 1
0.082312 1
0.128005 1
0.684741 1
0.275558 1
0.421080 1
0.260534 12
0.454662 2
0.000044 9
0.000224 86
0.000101 66
3.080544 1
0.219617 1
0.382190 1
0.132724 1
0.127949 1
0.543845 4
0.149615 4
0.733852 1
0.098626 1
0.230316 1
22.353109 18
0.464751 19
0.645529 11
0.013401 86
0.000110 8
0.000056 58
1.494033 1
0.143740 1
0.108890 1
1.483978 1
0.402807 1
0.123324 6
2.285305 1
0.168103 8
1.377838 1
0.226567 9
0.882378 11
0.016116 152
1.177176 1
0.103991 1
0.156563 11
0.013902 55
0.000769 86
0.000052 8
0.000040 58
1.181811 1
0.080193 1
0.136407 1
0.787016 1
0.302023 9
6.454280 2
0.000045 9
0.000229 96
0.000099 63
1.122924 1
0.126456 1
0.263750 1
0.390016 1
0.131364 1
0.214174 11
0.001675 54
0.000455 96
0.000075 8
0.000031 55
1.410919 1
0.091952 1
0.191694 1
0.463678 1
0.291906 1
0.121612 1
0.353168 4
0.147200 4
0.127203 1
0.194442 1
0.587379 1
0.097584 1
0.234361 1
0.278002 2
0.000044 9
0.002103 105
0.000441 96
0.000101 8
0.000029 55
10.606026 34
0.455840 51
4.565522 11
0.001299 62
0.000422 96
0.000147 8
0.000035 55
91.506915 1
0.098911 1
0.146904 1
0.311259 1
1.061092 11
0.001143 31
0.000612 96
0.000090 8
0.000034 55
28.321478 1
0.154890 1
0.058632 1
0.116160 1
0.246074 1
0.329574 1
0.121397 1
0.214756 1
0.098053 1
0.108871 1
0.137200 1
0.242649 1
0.316728 1
0.514187 1
0.380146 1
4.287227 1
1.904363 1
0.361900 1
0.707847 1
0.170414 1
0.791846 1
0.226836 1
0.344579 1
0.192949 1
0.370337 2
0.000039 9
0.691525 27
2.583256 2
1.486631 31
0.059140 12
0.049125 96
0.000250 8
0.000055 55
1.050937 24
0.253031 1
0.660002 1
0.039508 1
0.319502 1
0.421352 13
0.172248 13
0.125136 13
0.151761 13
0.158189 13
0.464697 2
0.000036 9
0.157801 33
1.401596 37
11.774237 28
0.000124 112
13.794143 2
0.000854 33
0.000188 21
1.411321 172
0.275433 168
0.331369 168
0.287698 168
0.096104 168
0.384960 4
0.000122 168
0.369443 338
0.057331 170
0.000154 168
0.001524 170
0.000130 168
0.145529 170
0.000185 168
0.000058 170
0.497285 34
0.001869 168
0.049673 170
1.515331 38
0.000200 38
0.040659 43
0.107730 6
0.004963 159
40.564665 1
0.250532 1
0.243421 1
0.451070 1
0.235725 1
0.112072 1
0.181104 1
0.388486 1
1.789460 1
0.523620 1
1.399266 1
0.510883 1
0.289475 1
0.241873 1
0.360863 11
3.954420 12
0.075330 41
0.090862 12
0.456795 35
2.204573 31
1.589378 221
0.000442 153
15.370763 1
0.675292 2
2.401972 41
0.228567 107
0.000541 73
2.063901 1
0.483440 4
1.650982 44
1.604211 98
0.002520 63
0.032664 65
0.019088 52
0.024589 60
0.024434 1
0.000161 1
0.000050 1
0.000049 1
0.000048 1
0.000048 1
0.000048 1
0.000048 1
0.000050 1
0.000046 1
0.000046 1
0.000047 1
0.000046 1
0.000051 1
0.000046 1
0.000050 1
0.000048 1
0.000045 1
0.000044 1
0.000080 1
0.000052 1
0.000044 1
0.000044 1
0.000047 1
0.000045 1
0.000047 1
0.000046 1
0.000046 1
0.000047 1
0.000046 1
0.000048 1
0.000049 1
0.000047 1
0.000045 1
0.000046 1
0.000046 1
0.000045 1
0.000045 1
0.000045 1
0.000046 1
0.000046 1
0.000069 1
0.000061 1
0.000047 1
0.000045 1
0.000044 1
0.000045 1
0.013021 192
0.789811 12
0.000051 28
0.000033 11
0.000033 11
0.000044 12
0.000037 7
0.384287 9
0.000055 29
0.000037 15
0.000035 14
0.000034 12
0.000288 36
0.000109 43
0.000040 2
0.780578 79
0.092647 32
0.000054 39
0.000035 10
0.027259 73
0.005708 22
0.018716 8
0.012554 52
0.124621 68
0.045758 50
4.056405 63
1.546520 52
0.021764 49
0.006671 57
0.022440 57
0.023820 64
0.009266 89
0.109940 65
0.008549 63
0.034612 57
0.003611 59
0.048377 61
13.003439 57
0.028296 54
0.031138 60
0.007404 99
0.000979 2
1.662537 12
0.024513 28
0.003965 28
0.040642 38
0.006886 165
0.000131 3
0.010621 6
0.000165 168
0.000088 168
0.000076 3
0.000090 168
0.000191 168
0.000242 3
0.000282 168
0.000261 168
0.000187 3
0.000242 168
0.000515 168
0.000392 3
0.001226 168
0.000587 168
0.000168 3
0.360759 48
0.000150 4
0.001401 168
0.000166 168
0.000111 3
0.001076 33
0.000176 74
0.510656 95
0.022688 6
0.132706 96
0.000237 8
0.000153 55
3.049407 14
0.226763 33
0.205818 13
0.259635 31
0.307478 29
0.303407 39
0.393325 34
0.786598 11
1426.342794 17
0.001457 96
0.000185 8
0.000051 55
28.619243 1
0.118740 1
0.484847 11
0.038286 46
0.000564 96
0.000102 8
0.000047 55
4.021404 1
0.165603 1
0.211874 1
0.776767 1
1.947502 1
0.184305 1
0.314019 1
0.215253 6
0.455731 2
0.000044 9
0.002078 26
0.000427 96
0.000095 8
0.000040 55
0.789061 13
1.470583 1
0.286831 8
0.695504 2
0.000042 9
0.002345 362
0.000454 96
0.000104 8
0.000032 55
19.822264 1
0.138732 1
0.433761 1
1.503074 1
0.158291 1
0.356380 163
9.940241 1
0.107247 1
0.118330 1
1.245132 1
0.274576 1
0.199308 1
1.076486 4
0.171216 4
0.238553 4
0.915623 1
0.595497 1
0.248967 1
0.262339 8
1.189093 1
0.198774 8
1.793601 1
2.262262 4
1.922988 1
0.141987 1
0.798821 1
6.171456 1
0.048253 1
0.268462 1
0.586017 4
0.162051 4
2.951438 1
0.208550 1
0.207388 4
1.225573 1
0.292719 1
0.227860 4
5.891606 11
0.054685 86
0.000053 8
0.000055 58
3.118824 1
0.096855 1
0.225382 1
1.677557 1
0.310265 9
0.455160 11
0.001603 36
0.000451 86
0.000071 8
0.000033 58
5.149873 1
0.099148 1
0.720658 1
0.674964 4
0.172137 4
0.165495 4
0.151982 1
0.730939 1
0.121894 1
0.205218 1
2.191102 1
0.576057 1
0.271014 8
1.137304 1
0.504664 4
0.540766 1
0.335730 1
0.153833 6
4.547003 11
0.637265 86
0.000122 8
0.000102 58
4.260934 21
0.142131 38
0.319919 11
0.002177 27
0.000503 86
0.000118 8
0.000058 58
4.716356 1
0.081041 1
0.536817 1
0.639972 1
0.451067 1
0.139300 1
2.184275 1
0.222128 6
1.371314 1
0.278208 9
1.175179 1
3.051270 1
0.180820 1
0.876127 89
0.001135 86
0.000261 8
0.000108 58
7.353689 1
0.190548 1
0.176196 1
0.845320 1
0.728932 1
0.366720 8
1.121672 4
0.152213 1
0.733320 1
0.271682 9
0.757848 4
0.600397 1
0.912858 11
0.002013 86
0.000052 8
0.000031 58
2.130506 1
0.116762 1
0.124312 1
1.008717 1
0.245487 10
1.498135 1
0.262595 9
2.214079 4
0.142045 1
0.766086 1
0.286019 1
0.669188 2
0.000044 9
0.002509 86
0.000192 66
0.993617 1
0.092053 1
0.187761 11
0.001564 80
0.000459 86
0.000077 8
0.000031 58
1.620359 1
0.342569 1
0.786781 1
0.190875 1
0.170024 1
0.173673 1
0.675295 1
0.285933 9
1.151887 1
0.144105 1
0.614317 11
0.025155 86
0.000146 66
1.099898 1
0.077821 1
0.195032 11
0.001947 55
0.000576 86
0.000103 8
0.000044 58
2.081361 1
0.077880 1
0.279200 1
1.708818 1
0.119154 1
0.232892 1
1.030454 1
0.144269 1
0.204782 1
0.286065 142
1.195290 1
0.110517 1
0.226977 1
0.235994 1
0.299263 1
0.164510 1
0.145389 1
0.685875 1
0.092679 1
0.146774 6
0.536870 11
0.006852 59
0.000145 381
0.000033 19
0.000028 8
0.000027 47
1.343792 1
0.105660 1
0.178758 1
0.147859 1
0.224145 1
0.189511 1
0.096370 1
0.282672 1
0.401787 1
0.121166 1
0.125295 1
0.185714 1
0.147156 1
0.482723 2
0.000042 9
0.393240 45
3.088002 4
10.648700 183
0.028944 8
0.000047 77
2.020568 1
0.106185 1
0.211814 2
0.000538 13
1.166163 1
0.094361 1
0.147140 2
0.244811 765
0.002504 13
2.610034 1
0.078891 1
0.176938 1
0.174915 1
0.080546 1
0.872132 1
0.249576 1
0.265464 7
0.453746 2
0.215913 45
0.002917 13
6.515174 1
0.279388 1
0.147148 1
0.142113 1
0.251370 1
0.000890 1
0.599630 1
0.136124 1
0.146609 6
1.052809 1
0.226803 1
0.326374 2
0.106786 45
0.003002 13
5.798350 15
0.172894 32
0.156963 19
0.137571 4
0.198143 6
0.197529 38
0.155497 28
0.780213 45
4.286287 2
0.515938 127
0.000303 636
0.899075 29
0.003480 13
21.626731 1
0.095284 1
0.173335 1
0.130561 1
0.126620 1
0.646392 1
0.420166 1
0.103559 1
0.161387 2
0.721753 1
0.321665 1
0.221992 1
0.182518 1
1.460332 1
0.244835 1
0.179182 1
0.174706 4
1.128049 1
0.277965 1
0.283261 1
0.164721 1
0.000019 5
1.422518 1
0.238372 1
0.716667 3
0.184042 1
0.219684 2
0.000875 157
0.000778 165
0.000551 154
0.000557 154
0.000548 151
0.000560 164
0.000548 150
0.000561 152
0.000546 175
3.870092 1
0.605368 1
0.242749 1
0.046688 1
0.283730 1
3.359600 2
0.000379 122
0.000424 122
0.000102 45
3.238019 1
0.474706 1
0.148807 1
0.119879 4
1.065220 2
0.151788 47
0.002823 13
8.024420 1
0.130550 1
0.071267 1
0.122518 1
0.238324 1
0.495389 1
0.085362 1
0.211398 1
43.207093 3
0.175514 3
0.290485 3
0.152446 3
0.174188 3
0.158066 3
0.157645 3
0.079490 3
0.569880 1
0.068448 1
0.130522 1
0.985126 1
0.288707 1
0.107740 1
0.985618 1
0.164008 6
0.574903 2
0.000437 23
0.793529 1
0.107388 1
0.154512 2
0.066324 177
0.000047 127
0.002158 23
1.981309 1
0.087218 1
0.154291 1
0.119033 1
0.114744 1
2.150181 1
0.096829 1
0.347675 1
0.000060 6
0.913931 1
0.198365 1
0.154794 2
1.179936 3
0.125899 1
1.349870 3
0.395440 1
0.455121 1
0.638917 1
0.303506 1
0.128149 1
0.155677 1
0.112106 1
0.145755 1
5.608805 18
0.613815 2
0.300050 67
7.093804 2
0.024028 2
0.000974 23
0.849337 42
0.203191 1
0.662483 1
0.041790 1
0.040783 1
0.040138 1
0.039790 1
0.039638 1
0.040262 1
0.039979 1
0.040204 1
0.039078 1
0.040384 1
0.039931 1
0.039698 1
0.040018 1
0.040660 1
0.040309 1
0.039534 1
0.040038 1
0.040120 1
0.039939 1
0.039896 1
0.040134 1
0.039511 1
0.039995 1
0.617690 5
0.333330 1
0.652104 1
0.039391 1
0.040148 1
0.042098 1
0.039977 1
0.039567 1
0.040131 1
0.039461 1
0.040343 1
0.039614 1
0.721016 5
0.078128 5
0.404512 2
0.062942 68
0.946056 23
5.755964 1
0.127512 1
0.309777 1
0.154954 1
3.631623 3
0.170246 1
0.661800 3
0.156607 3
0.160231 3
0.144955 3
0.125940 1
0.327454 1
0.159580 1
0.170406 1
0.472688 3
0.451485 1
0.190396 1
0.095447 1
0.228911 1
0.371501 1
0.132216 1
0.257071 1
0.147976 1
0.202870 2
0.073665 15
0.001992 23
2.143813 1
0.145260 1
0.174216 1
0.267043 1
0.193938 1
10.933295 1
0.000059 6
0.000055 2
0.000041 3
0.000040 3
0.000040 3
0.000039 3
0.000039 3
0.000039 3
0.000041 3
0.000088 3
1.260132 1
5.303348 66
1.202556 2
0.115711 126
0.002973 23
5.249619 1
0.130911 1
0.106491 1
0.107220 1
0.260087 1
2.012112 110
0.705872 1
0.653396 1
0.039421 1
0.040658 1
0.040166 1
0.039437 1
0.040213 1
0.039356 1
0.040995 1
0.039122 1
0.040272 1
0.039909 1
0.040251 1
0.039928 1
0.040599 1
0.039526 1
0.039710 1
0.040556 1
0.039887 1
0.040025 1
0.039956 1
0.039223 1
0.040332 1
0.040271 1
0.040175 1
0.040019 1
0.040232 1
0.039286 1
0.040551 1
0.039417 1
0.040347 1
0.039958 1
0.040355 1
0.039321 1
0.039936 1
0.040262 1
0.040035 1
0.040415 1
0.039744 1
0.040573 1
0.039466 1
0.039763 1
0.040256 1
0.039816 1
0.040632 1
0.039761 1
0.039263 1
0.040552 1
0.039807 1
0.040200 1
0.039781 1
0.040278 1
0.039614 1
0.039779 1
0.040427 1
0.041867 1
0.038521 1
0.039961 1
0.039647 1
0.039930 1
0.039630 1
0.040254 1
0.040257 1
0.040074 1
0.040147 1
0.040077 1
0.661595 5
0.653536 5
0.040720 5
0.040027 5
0.039403 5
0.040578 5
0.040136 5
0.039412 5
0.040201 5
0.040289 5
0.039475 5
0.040709 5
0.039441 5
0.040138 5
0.040168 5
0.040100 5
0.039692 5
0.040194 5
0.039878 5
0.039530 5
0.040588 5
0.039984 5
0.040172 5
0.040011 5
0.039364 5
0.040140 5
0.040041 5
0.040195 5
0.040434 5
0.039523 5
0.039836 5
0.040386 5
0.039613 5
0.040273 5
0.039997 5
0.039983 5
0.039585 5
0.039748 5
0.040338 5
0.040296 1
0.040295 1
0.039915 1
0.039975 1
0.040528 1
0.403163 5
0.145371 5
0.083553 5
0.113085 5
0.245931 5
0.527643 5
0.150929 5
0.336587 5
5.427558 66
0.482059 1
0.745442 33
1.297578 2
0.144550 4
0.000041 54
0.002125 23
3.401793 1
0.123770 1
0.146746 1
0.094628 1
0.206124 1
0.304225 1
0.139744 1
0.186902 1
0.663541 33
0.405751 2
0.144841 70
2.389277 1
1.102578 2
0.004462 23
1.203868 41
0.132689 137
0.830323 2
0.187722 23
1.146251 108
0.134916 70
0.140893 137
0.277825 133
0.381803 37
0.496031 53
0.350380 70
0.306395 29
0.369909 14
0.295235 51
0.346549 62
0.307221 44
0.502833 49
0.461282 2
1.065777 223
0.000366 662
1.549459 29
0.004082 23
5.207971 1
0.105401 1
0.107243 1
0.067384 1
0.254455 1
0.434262 1
0.171811 1
0.169473 1
0.290137 1
0.156834 1
0.108876 1
0.098723 1
2.636871 1
0.417187 1
0.115419 1
0.153779 2
0.482987 1
0.278260 1
0.223837 1
0.130476 1
1.481748 1
0.301655 1
0.217988 1
0.127483 4
1.780495 1
0.961802 1
8.054247 2
0.124319 23
1.913322 1
0.162891 1
0.113669 1
0.115909 1
0.234391 1
0.542022 1
0.099542 1
0.202634 1
0.380266 1
0.377274 1
1.228601 1
10.076903 48
1.235766 1
0.338587 1
0.542681 1
0.693342 1
0.446459 1
0.121626 1
0.164154 2
0.794442 1
0.282316 1
0.258347 1
0.176323 1
0.854335 1
0.330623 1
0.249294 1
0.776399 3
0.437776 1
0.145779 1
0.160032 3
1.753161 2
0.340398 23
0.714753 76
0.143523 58
0.136144 58
0.611780 2
0.691267 320
0.000302 345
0.343881 29
0.004368 23
16.952546 1
0.074652 1
0.182835 1
0.137228 1
0.141102 1
5.195235 38
0.000034 24
1.125752 2
0.101651 170
0.003615 23
5.095024 67
0.701116 24
0.474379 1
0.190814 1
0.136607 1
0.138070 1
0.078030 1
0.983902 5
2.130863 5
0.204950 1
0.853364 5
0.319451 5
0.303710 1
0.000741 9
1.371367 5
0.188143 1
0.797771 5
0.223230 1
0.900941 5
0.155011 1
0.676181 5
0.354537 5
0.571406 1
0.313765 1
2.428833 1
0.667023 1
0.040412 1
0.040362 1
0.039667 1
0.039473 1
0.039953 1
0.040338 1
0.925176 5
0.368373 1
0.269012 1
0.294678 1
0.166105 1
0.153423 1
0.147466 1
0.099412 1
0.312683 1
0.087094 1
0.554742 1
0.320201 5
0.487202 5
0.180109 1
0.669540 5
0.279592 7
0.831584 1
0.336827 2
0.000544 116
0.000111 148
4.640156 5
0.088919 5
0.208433 6
0.490771 1
0.233961 2
0.000850 38
0.000062 156
1.563625 5
0.265402 5
0.149830 1
0.000719 5
0.369277 1
0.907560 5
0.148763 8
0.340905 12
0.895528 1
0.254941 2
0.003777 110
0.000126 188
1.950897 1
0.156218 1
0.518076 5
0.143968 5
1.125153 2
0.064497 236
0.002014 23
17.511319 1
0.065070 1
0.162753 1
0.760968 1
0.214130 1
0.079665 1
0.186906 1
0.383748 3
0.169988 3
0.166064 3
0.468345 1
0.581366 1
0.091560 1
0.167729 1
0.248043 1
0.000024 5
0.795411 1
0.186587 1
0.188117 2
0.893602 1
0.110324 1
0.161725 2
0.603097 1
0.285305 1
0.243719 1
0.177249 1
0.783901 1
0.202860 1
0.284894 2
0.000552 22
0.000044 48
1.316780 1
0.092232 1
0.242739 6
0.318061 17
1.966324 3
0.690378 3
0.041886 3
0.040400 3
0.039302 3
0.040115 3
0.039943 3
0.040340 3
0.039731 3
0.040566 3
0.038875 3
0.040348 3
0.040074 3
0.040465 3
0.040165 3
0.039883 3
0.040207 3
0.039756 3
0.040479 3
0.039605 3
0.040022 3
0.039181 3
0.040983 3
0.040196 3
0.039786 3
0.039443 3
0.040039 3
0.040466 3
0.039626 3
0.040143 3
0.040311 3
0.039393 3
0.040183 3
0.039910 3
0.040282 3
0.040093 3
0.039210 3
0.040486 3
0.040395 3
0.039946 3
0.039281 3
0.040596 3
0.039581 3
0.040531 3
0.040038 3
0.039686 3
0.040253 3
0.039101 3
0.040987 3
0.039299 3
0.040050 1
0.040895 1
0.040165 1
0.039574 1
0.040645 1
1.521635 1
0.091435 1
0.143853 1
0.110355 1
0.133602 1
1.871646 1
0.067916 1
0.516574 1
0.064962 1
0.222238 1
0.000045 6
0.683278 1
0.182137 1
0.153416 2
0.842488 3
0.157780 1
0.196499 1
0.434168 1
0.114371 1
0.150038 1
0.146552 1
0.136263 1
2.024135 1
0.484201 1
0.194815 1
0.362657 2
1.010656 23
3.688600 1
0.106287 1
0.158816 1
1.473320 3
0.165221 3
0.223893 3
0.081458 1
0.318395 1
0.101028 1
0.168154 1
0.161199 1
0.137487 1
0.494407 1
0.085093 1
0.487525 1
0.086660 1
0.250197 1
0.000046 6
0.904448 1
0.197562 3
0.962278 1
0.043929 1
0.051881 1
0.171886 1
0.539703 1
0.551098 3
0.158198 3
0.373976 3
0.494463 1
0.192371 2
0.731295 1
0.268555 1
0.230435 1
0.209828 1
0.185984 4
2.650000 8
2.249913 1
0.173523 6
3.812100 1
0.143213 1
0.813019 1
0.139266 6
1.845479 1
1.004974 1
0.159075 1
0.118237 15
1.702074 1
0.335726 1
0.296657 1
0.448768 3
0.164972 1
0.216468 2
0.002045 141
0.002961 142
0.002923 148
0.002985 147
0.002924 150
0.002930 151
0.003053 150
0.002874 145
0.002913 145
0.002907 143
0.002907 138
0.002911 138
0.002231 122
0.000042 95
8.899822 3
0.668747 3
0.038767 3
0.040243 3
0.039827 3
0.040102 3
0.039740 3
0.040212 3
0.039914 3
0.040028 3
0.040048 3
0.039518 3
0.040087 3
0.040305 3
0.040003 3
0.040024 3
0.039654 3
0.040257 3
0.039658 3
0.040142 3
0.040138 3
0.040282 3
0.039753 3
0.040035 3
0.039286 3
0.040250 3
0.040616 3
0.039050 3
0.040942 3
0.040160 3
0.039406 3
0.040219 3
0.039899 3
0.040687 3
0.039250 3
0.039688 3
0.040274 3
0.040125 3
0.039994 3
0.040152 3
0.040113 3
0.040346 3
0.039184 3
0.039682 3
0.040517 3
0.040432 3
0.039791 3
0.039405 3
0.040061 3
0.040365 3
0.039763 3
0.040225 3
0.040220 3
0.039940 3
0.040006 3
0.039806 3
0.039985 3
0.040070 3
0.040180 3
0.040080 3
0.040483 3
0.039014 3
0.039941 3
0.040711 3
0.039663 3
0.039291 3
0.332980 3
0.478466 1
0.620001 1
0.746261 1
0.118970 5
3.621660 1
0.298898 1
0.131344 6
0.731817 1
0.240187 1
0.165008 1
0.123065 15
2.150511 1
0.209371 41
1.807962 64
0.883873 1
0.341863 1
0.298225 2
0.000290 80
0.000049 63
3.630567 2
0.000374 23
0.922417 2
0.000452 23
0.706324 1
0.315814 1
0.586950 1
0.320844 1
0.286575 1
0.941090 1
0.358517 3
0.144008 3
0.140248 3
0.057873 3
0.187669 3
0.600297 1
0.304843 1
0.774220 1
1.284128 3
0.341601 1
0.124477 1
0.196581 1
0.389756 1
0.210532 1
0.154249 1
0.264316 1
0.166447 1
0.199122 1
0.648101 1
0.233717 1
0.628819 1
0.137793 1
0.689269 1
0.117694 1
0.163419 1
0.467862 1
0.069965 1
0.262952 1
0.254442 1
0.277772 1
0.319318 1
0.162103 1
0.126850 1
0.124390 1
0.214697 1
0.750570 1
0.085406 1
0.151765 1
0.161045 1
0.115564 1
0.208627 1
0.119416 1
0.173932 1
0.477290 2
0.000441 23
1.289989 8
0.013112 74
0.471585 17
