0.281189 64
0.000361 8
0.000145 59
1.311775 1
0.115369 1
0.853803 1
0.160172 1
0.277893 1
0.160240 1
0.275116 1
0.295237 1
0.165343 7
0.455243 531
1.255911 1
0.109933 1
0.146812 1
0.158380 1
0.233948 1
0.172125 1
0.119037 1
0.100649 1
0.177202 1
0.144674 1
0.124244 1
0.377659 1
0.171695 1
0.295457 2
0.000042 9
0.195327 183
0.002803 8
0.000112 77
0.884404 1
0.086586 1
0.586727 1
0.320955 1
0.454984 1
0.489528 1
0.127863 1
0.116476 10
0.381561 2
0.000430 25
3.008267 1
0.123739 1
0.115297 1
0.085188 1
0.254593 1
2.947999 1
0.209904 1
0.461545 1
0.122738 1
0.144199 1
0.991479 1
0.237379 1
1.608673 1
0.248985 14
1.225113 2
0.387838 6
0.000237 28
0.000313 2
903.239445 251
0.020125 249
0.001613 261
0.002911 249
0.001615 259
0.003434 255
0.007698 249
0.001231 249
0.001171 263
0.005055 255
0.003923 263
0.001290 265
0.001219 265
0.001423 267
0.001361 267
0.001253 261
0.001220 255
0.129644 255
0.009805 247
0.003256 255
0.005928 263
0.001337 265
0.001361 265
0.003884 263
0.003249 271
0.001202 265
0.041802 279
0.001838 283
0.003347 281
0.007634 255
0.001208 255
0.001468 253
0.061593 253
0.003071 261
0.002021 281
0.025322 261
0.010330 265
0.001654 273
0.002572 273
0.001659 263
0.001760 277
0.001442 265
0.001441 271
0.001567 269
0.001721 263
0.024405 255
0.003065 257
0.019066 271
0.001616 271
0.013513 255
0.013722 295
0.001551 289
0.005519 259
0.002652 263
0.004283 261
0.002151 269
0.001364 261
0.001561 257
0.003594 259
0.001725 261
0.001375 257
0.001350 265
0.001454 257
0.001421 265
0.001293 259
0.001940 257
0.001188 261
0.001392 261
0.002579 261
0.003364 279
0.062504 263
0.002133 259
0.001485 257
0.001398 261
0.003513 259
0.001398 263
0.001357 283
0.001507 263
0.011156 259
0.003461 263
0.000330 261
0.001531 261
0.001530 255
0.002267 261
0.002441 257
0.003268 261
0.004205 257
0.001576 263
0.001563 263
0.001636 273
0.002311 267
0.001565 263
0.003583 261
0.005509 524
0.002560 261
0.006763 261
0.010797 265
0.001782 263
0.004592 261
0.007825 269
0.001574 263
0.004607 253
0.009357 271
0.037890 253
0.001754 253
0.031711 251
0.013830 253
0.013158 263
0.001898 275
0.004636 271
0.001674 261
0.001718 283
0.001411 265
0.003639 273
0.003979 271
0.001514 273
0.001475 267
0.002551 279
0.004452 275
0.001601 281
0.002961 275
0.002145 279
0.001655 289
0.007719 556
0.000137 269
0.004095 279
0.004351 281
0.001835 259
0.002785 267
0.002195 267
0.001460 261
0.007401 289
0.008871 265
0.001494 275
0.002379 271
0.001414 259
0.002016 291
0.006253 275
0.024274 259
0.008708 277
0.001699 287
0.006607 267
0.003257 277
0.003039 273
0.004564 289
0.002972 289
0.005262 275
0.002151 279
0.027776 265
0.008430 257
0.001634 261
0.006810 253
0.068678 263
0.003872 261
0.016743 265
0.002335 257
0.002872 259
0.000151 257
0.005895 259
0.003662 271
0.001839 267
0.028821 283
0.004192 281
0.006937 289
0.005949 255
0.003613 251
0.002223 253
0.005949 255
0.005117 259
0.004143 259
0.005121 255
0.012546 251
1830.229958 227
0.050957 225
0.008683 237
0.011634 225
0.011351 235
0.022354 231
0.044344 225
0.008697 225
0.008557 239
0.020145 231
0.025099 239
0.010102 241
0.008726 241
0.008616 243
0.008725 243
0.010364 237
0.011888 231
0.550364 231
0.036565 223
0.023025 231
0.014501 231
0.157631 255
0.010067 259
0.009846 257
0.043556 231
0.020442 231
0.016200 229
0.184923 229
0.020252 237
0.015174 257
0.024482 237
0.056856 241
0.009244 249
0.009106 249
0.009203 239
0.009124 253
0.010978 241
0.012562 247
0.009719 245
0.012451 239
0.193038 231
0.010072 233
0.068477 247
0.009274 247
0.028220 231
0.052390 265
0.022133 235
0.015768 239
0.010513 237
0.009775 245
0.015200 237
0.008981 233
0.010312 235
0.009441 237
0.009224 233
0.010789 241
0.011879 233
0.009291 241
0.008596 235
0.009302 233
0.008618 237
0.013053 237
0.009698 237
0.019632 255
0.066760 239
0.009278 235
0.008654 233
0.008653 237
0.014467 235
0.008760 239
0.011766 259
0.009341 239
0.033329 235
0.008703 239
0.008668 237
0.008710 237
0.008706 231
0.011159 237
0.012169 233
0.010080 237
0.009232 233
0.009154 239
0.010918 239
0.010479 249
0.010392 243
0.011244 239
0.016031 237
0.012635 241
0.009692 235
0.010463 237
0.015812 237
0.011846 241
0.011445 239
0.013767 237
0.030207 245
0.011270 239
0.011480 229
0.075888 247
0.238080 229
0.009112 229
0.051740 227
0.054522 229
0.053317 239
0.012624 251
0.023273 247
0.009136 237
0.009309 259
0.009152 241
0.023261 249
0.025120 247
0.009838 249
0.009210 243
0.015632 255
0.024085 251
0.009055 257
0.009785 235
0.011208 243
0.014019 243
0.009522 237
0.037056 265
0.046404 241
0.009165 251
0.022183 235
0.012435 267
0.025353 251
0.074764 235
0.075229 243
0.013128 253
0.012251 249
0.026803 265
0.011594 265
0.035867 251
0.010074 255
0.103377 241
0.041421 233
0.008846 237
0.023478 229
0.213855 239
0.017079 237
0.066000 241
0.009898 233
0.009122 235
0.009087 233
0.010789 235
0.022826 247
0.010076 243
0.128558 265
0.032305 231
0.022453 227
0.009487 229
0.053956 231
0.035628 235
0.022778 235
0.020673 231
0.027252 227
988.962223 231
0.082382 229
0.015791 241
0.012676 229
0.010408 239
0.029850 235
0.054786 229
0.011770 229
0.013494 243
0.031659 235
0.029360 243
0.009701 245
0.012109 245
0.014862 247
0.014361 247
0.013316 241
0.013810 235
0.676269 235
0.049835 227
0.027039 235
0.013604 235
0.189455 259
0.013115 263
0.014956 261
0.044223 235
0.018290 235
0.009330 233
0.221904 233
0.026095 241
0.013415 261
0.029001 241
0.067159 245
0.011252 253
0.011299 253
0.011828 243
0.014573 257
0.012870 245
0.017889 251
0.010260 249
0.011518 243
0.050216 253
0.004867 247
0.004451 241
0.004765 243
0.006009 265
0.003242 253
0.004656 253
0.003918 253
0.003702 247
0.077043 235
0.013523 237
0.109131 251
0.011826 251
0.034797 235
0.027594 269
0.029651 239
0.014437 241
0.000059 2
0.014458 241
0.013202 249
0.012556 241
0.012424 237
0.016608 239
0.014591 241
0.013003 237
0.012587 245
0.014944 237
0.013070 245
0.014740 239
0.012497 237
0.026174 241
0.040484 241
0.023517 241
0.030037 259
0.081560 243
0.013571 239
0.016099 237
0.009563 241
0.015598 239
0.016036 243
0.009717 263
0.011266 243
0.036320 239
0.011897 243
0.014587 241
0.013231 241
0.013500 235
0.015029 241
0.012997 237
0.015098 241
0.014467 237
0.012409 243
0.014797 243
0.012570 253
0.015971 247
0.018084 243
0.016055 241
0.012734 245
0.012193 239
0.018159 241
0.016528 241
0.015582 245
0.013668 243
0.013913 241
0.029428 249
0.013537 243
0.012026 233
0.061084 251
0.271198 233
0.012361 233
0.054420 231
0.065125 233
0.054934 243
0.011981 255
0.029798 251
0.015064 241
0.013997 263
0.012976 245
0.029182 253
0.030661 251
0.011867 253
0.014376 247
0.016540 259
0.035261 255
0.013609 261
0.011973 239
0.020127 247
0.015664 247
0.014943 241
0.057042 269
0.059903 245
0.019801 255
0.005466 251
0.015423 239
0.014208 271
0.028732 255
0.094926 239
0.034301 257
0.003847 267
0.015436 247
0.017044 257
0.014602 253
0.028615 269
0.015972 269
0.041518 255
0.013502 259
0.128700 245
0.053033 237
0.015344 241
0.026037 233
0.247461 243
0.015868 241
0.075736 245
0.013320 237
0.012903 239
0.013378 237
0.015363 239
0.028588 251
0.013774 247
0.122082 261
0.047022 269
0.041622 235
0.029108 231
0.014133 233
0.043844 235
0.039776 239
0.026637 239
0.031633 235
0.032347 231
28.547824 219
0.035436 217
0.015458 229
0.025725 217
0.016639 227
0.043637 223
0.051191 217
0.012835 217
0.011758 231
0.030607 223
0.054254 231
0.010659 233
0.013297 233
0.014147 235
0.012132 235
0.016230 229
0.015165 223
0.512241 223
0.059902 215
0.043524 223
0.012448 223
0.057578 231
0.007995 233
0.016648 233
0.020452 231
0.013897 239
0.017591 233
0.414203 247
0.013444 251
0.016392 249
0.077994 223
0.038613 223
0.010562 221
0.211803 221
0.026749 229
0.013271 249
0.029968 229
0.067864 233
0.015202 241
0.015461 241
0.018936 231
0.012771 245
0.014791 233
0.011724 239
0.014874 237
0.014327 231
0.052920 241
0.005487 235
0.006533 229
0.005529 231
0.004704 253
0.005198 241
0.005602 241
0.004432 241
0.006054 235
0.922198 223
0.015784 225
0.085952 239
0.011321 239
0.071762 223
0.049008 263
0.012515 257
0.049078 227
0.018135 231
0.013372 229
0.014249 237
0.010673 229
0.015918 225
0.018828 227
0.013451 229
0.014840 225
0.014544 233
0.014625 225
0.012151 233
0.014224 227
0.016678 225
0.013658 229
0.013018 229
0.016843 229
0.026480 247
0.081026 231
0.014632 227
0.014424 225
0.013388 229
0.017391 227
0.015336 231
0.014909 251
0.013976 231
0.040716 227
0.014621 231
0.014423 229
0.012468 229
0.023631 223
0.016191 229
0.017370 225
0.023819 229
0.020271 225
0.014694 231
0.017149 231
0.022049 241
0.037860 235
0.017759 231
0.039457 229
0.018973 233
0.013804 227
0.021080 229
0.024557 229
0.021626 233
0.015168 231
0.021631 229
0.043694 237
0.017311 231
0.131231 221
0.085857 239
0.387167 221
0.015016 221
0.152639 221
0.083933 231
0.013388 243
0.028608 239
0.015667 229
0.015291 251
0.012418 233
0.041392 241
0.040458 239
0.012059 241
0.020425 247
0.029708 243
0.012204 249
0.029078 243
0.017286 247
0.014998 257
0.016338 245
0.014808 247
0.012960 237
0.017772 247
0.015177 249
0.010469 227
0.016154 235
0.016494 235
0.013877 229
0.048901 257
0.054370 233
0.012279 243
0.005838 239
0.013056 227
0.022415 259
0.035427 243
0.098925 227
0.038178 245
0.004164 255
0.017087 235
0.018752 245
0.017462 241
0.031444 257
0.016628 257
0.067471 243
0.013917 247
0.133454 233
0.051586 225
0.012314 229
0.042687 221
0.341867 231
0.014539 229
0.078199 233
0.014372 225
0.011222 227
0.016601 225
0.014686 227
0.030162 239
0.015405 235
0.151573 251
0.029708 249
0.055446 257
0.078274 223
0.029360 219
0.113775 223
0.046815 227
0.031881 227
0.030142 223
0.108510 219
7.086918 249
0.164230 247
1.174151 267
0.312474 265
0.089680 251
0.104240 253
0.037301 263
0.390140 271
0.491116 267
0.111245 271
0.032620 301
0.259127 267
0.006069 265
0.182841 255
0.626093 263
0.022165 249
0.025075 283
0.097496 279
0.115075 249
0.261540 267
0.296544 253
0.101628 265
0.027648 277
0.016278 289
0.124608 273
0.472658 277
0.062491 253
0.124469 263
0.179110 255
0.081080 249
0.007695 279
0.103295 249
0.267721 269
0.166848 253
0.064082 251
0.229811 299
0.093828 289
0.026402 247
0.204690 257
0.120748 271
0.205308 255
0.113516 293
0.060983 325
0.127789 277
0.219027 231
0.062367 293
0.242357 279
0.053646 243
0.083763 243
0.073523 269
0.063926 263
0.137924 311
0.110204 291
0.028965 263
0.363785 273
0.092651 285
0.123265 279
0.021651 267
0.020290 249
0.466328 275
0.210272 289
0.278248 265
0.106754 269
0.038520 275
0.024804 249
0.048556 277
0.019875 255
0.084356 277
0.021629 285
0.087145 263
0.019994 267
0.018966 269
0.071632 275
0.003447 273
0.052883 255
0.153059 259
0.009205 247
0.221857 283
0.041388 283
0.050964 267
0.039315 271
0.115529 261
0.118253 275
0.055612 263
0.126082 283
0.018487 315
0.033049 255
0.038921 251
0.045893 247
0.014403 267
0.115007 265
0.076785 267
0.125630 281
0.637646 251
0.072674 269
0.043451 281
0.070130 277
0.061335 265
0.091110 253
0.003897 269
0.007234 283
0.008394 277
0.056544 287
0.110256 289
0.041870 285
0.027618 293
0.030927 283
0.216884 271
0.148060 283
0.210748 263
0.053980 265
0.046428 259
0.040685 269
0.169274 245
0.060759 275
0.088591 245
0.003860 261
0.041240 275
0.174132 281
0.054191 249
0.052537 283
0.165444 279
0.037394 321
0.045621 267
0.015191 243
0.042618 277
0.043467 285
0.183043 253
0.079476 263
0.366115 255
0.045132 263
0.115225 277
0.270012 283
0.214973 265
0.010005 273
0.019093 255
0.315719 325
0.073637 283
0.099536 251
0.072194 261
0.073998 257
0.628563 259
0.033342 255
0.056830 269
0.380674 259
0.165438 261
0.101049 267
0.158173 271
0.098900 273
0.090598 271
0.069183 277
0.065521 245
0.130294 247
0.160955 267
0.105226 281
0.011729 231
0.199253 255
0.015420 241
0.024874 289
0.015801 267
0.067005 277
0.066864 247
0.134349 275
0.119855 257
0.301800 277
0.256127 277
0.016121 275
0.087396 247
0.164617 273
0.016599 243
0.079791 275
0.075955 255
0.526446 253
0.075173 271
0.262951 271
0.156364 253
0.056258 285
0.047531 251
0.024725 275
0.039718 285
0.015927 253
0.017675 273
0.030024 307
0.012526 279
0.026305 259
0.334840 303
0.273503 271
0.122503 283
0.112558 251
0.079738 255
0.079285 267
0.048222 307
0.082771 261
0.329698 261
0.058399 275
0.084064 259
0.155900 261
0.029315 275
0.010153 281
0.025205 283
0.140673 263
0.065930 279
0.010112 285
0.025433 259
0.061866 267
0.007299 275
0.013900 261
0.159054 279
0.113302 279
0.071284 245
0.034836 295
0.087683 259
0.128570 275
0.007016 263
0.077812 251
0.093770 277
0.024414 327
0.014914 275
0.240123 269
0.005924 283
0.223803 263
0.086181 267
0.151942 263
0.188290 305
0.024548 255
0.309069 279
0.104759 277
0.132833 283
0.095588 269
0.035831 281
0.219576 287
0.036122 277
0.213244 275
0.007592 261
0.060616 299
0.005790 265
0.013278 263
0.175681 279
0.124414 259
0.526940 261
0.107514 251
0.047947 281
0.033405 261
0.125587 265
0.006969 269
0.006845 275
0.016685 271
0.112607 263
0.083155 263
0.125629 265
0.098483 271
0.048487 257
0.041141 255
0.371096 275
0.013125 255
0.114400 273
0.190455 267
0.086268 263
0.068235 283
0.157580 253
0.053011 259
0.012905 283
0.031151 263
0.173751 285
0.006041 289
0.037868 275
0.247840 271
0.008937 271
0.073582 261
0.038382 275
0.078645 267
0.132154 263
0.174538 267
0.013408 285
0.091380 255
0.008789 251
0.084144 251
0.226406 265
0.006283 273
0.077791 275
0.044550 283
0.106860 253
0.020744 273
0.123780 283
0.041499 261
0.130787 253
0.013127 277
0.053828 277
0.065147 279
0.048998 289
0.029353 251
0.014015 279
0.015401 263
0.038944 277
0.061683 259
0.101768 267
0.008154 253
0.052592 249
0.166558 277
0.053854 265
0.462518 275
0.102376 245
0.132138 275
0.071528 267
0.291872 263
0.116380 283
0.044132 273
0.233834 257
0.003294 275
0.000045 2
0.105180 275
0.017217 259
0.036589 257
0.047555 277
0.335295 259
0.273929 249
0.075311 275
0.119704 269
0.059563 279
0.062225 265
0.069442 257
0.029993 251
0.029979 251
0.116416 257
0.080557 283
0.061705 271
0.097252 249
0.007955 269
0.134111 259
0.007374 277
0.118219 267
0.050291 265
0.064197 277
0.016840 289
0.015326 285
0.032042 249
0.008243 319
0.326453 261
0.018142 247
0.175542 251
0.030059 271
0.029203 275
0.028723 271
0.017733 245
0.141288 267
0.015255 259
0.010576 277
0.270868 277
0.059770 283
0.116434 293
0.036979 271
0.007099 257
0.075021 259
0.312389 259
0.119902 259
0.029916 253
0.045828 285
0.191541 261
0.007608 263
0.040919 275
0.018900 265
0.031963 251
0.055924 265
0.068031 261
0.075270 277
0.120182 289
0.019200 275
0.023171 275
0.008232 281
0.046667 263
0.093913 277
0.035303 275
0.041851 263
0.040087 275
0.047464 273
0.129469 323
0.186964 261
0.200158 325
0.147416 261
0.056967 315
0.057723 277
0.042582 243
0.170369 257
0.015643 275
0.025605 261
0.011913 275
0.123190 245
0.155245 283
0.058738 267
0.347118 265
0.045797 283
0.032349 267
0.034938 279
0.026820 241
0.142732 265
0.095243 277
0.230639 291
0.172722 279
0.303698 277
0.031210 269
0.290337 247
0.009143 263
0.076994 269
0.038511 271
0.357235 279
0.027476 285
0.110603 265
0.050090 271
0.018267 289
0.065664 295
0.007357 269
0.047047 273
0.107048 323
0.059512 275
0.009054 253
0.020004 249
0.182420 249
0.007428 259
0.017769 293
0.039656 283
0.050065 259
0.016217 265
0.011571 263
0.042537 277
0.507404 251
0.436251 291
0.037256 341
0.323627 263
0.009793 273
0.063920 277
0.168214 257
0.082149 283
0.073873 255
0.027999 293
0.030318 239
0.032380 275
0.017218 277
0.037546 255
0.155235 275
0.168481 275
0.062686 255
0.060216 257
0.029072 249
0.027822 297
0.007949 263
0.016136 253
0.053857 245
0.016338 259
0.094786 277
0.039398 277
0.033000 283
0.044581 255
0.007761 259
0.028815 259
0.105431 287
0.021769 285
0.068544 255
0.050113 265
0.068935 259
0.178235 283
0.069594 255
0.035006 269
0.040902 257
0.008077 265
0.026790 245
0.008004 291
0.007774 263
0.210584 273
0.028580 245
0.193338 247
0.009103 277
0.072611 297
0.047960 283
0.069523 283
0.130332 283
0.054076 285
0.079283 277
0.018407 257
0.012911 273
0.073433 283
0.029183 257
0.098871 257
0.063367 259
0.015136 283
0.143625 283
0.070575 269
0.089702 275
0.146998 253
0.071054 277
0.053508 269
0.040340 249
0.091465 243
0.010167 265
0.040648 263
0.051412 305
0.054746 309
0.152935 285
0.010146 265
0.022868 277
0.051492 269
0.032680 255
0.109467 277
0.022035 253
0.047790 269
0.090585 275
0.265183 265
0.116160 275
0.389537 257
0.036303 275
0.171767 245
0.182503 269
0.076090 271
0.024774 283
0.049527 259
0.018701 257
0.138991 281
0.068085 287
0.032238 259
0.028032 301
0.028968 267
0.024725 275
0.093478 257
0.034447 263
0.090496 273
0.085342 279
0.045527 273
0.053510 277
0.198616 277
0.070778 261
0.010695 253
0.229709 275
0.102274 275
0.068724 271
0.353700 313
0.119259 269
0.062103 235
0.077909 283
0.022417 259
0.033314 283
0.009330 283
0.027566 265
0.017901 273
0.155160 275
0.056474 285
0.062050 275
0.119046 313
0.167911 265
0.056809 275
0.173641 275
0.079440 289
0.065350 267
0.103313 257
0.028975 269
0.102705 279
0.135921 287
0.060858 267
0.012471 271
0.114028 249
0.175926 277
0.107051 273
0.055292 265
0.025404 275
0.151882 271
0.542344 265
0.133861 263
0.068972 283
0.115409 265
0.063011 275
0.068610 255
0.074117 279
0.060972 271
0.012854 275
0.196152 307
0.076754 291
0.062782 283
0.054830 259
0.008882 279
0.018475 293
0.011050 255
0.193854 283
0.079187 265
0.011561 277
0.066367 279
0.147981 285
0.070303 233
0.062286 267
0.008710 261
0.088616 267
0.009596 283
0.029382 265
0.030335 265
0.035647 249
0.011195 277
0.161319 275
0.023276 287
0.307362 285
0.120781 243
0.039842 283
0.031554 275
0.154468 263
0.048457 277
0.051959 263
0.018477 245
0.184225 297
0.019093 271
0.045091 285
0.099271 283
0.079493 275
0.146641 259
0.009782 277
0.085908 243
0.027267 285
0.202488 243
0.129514 283
0.009214 275
0.057888 273
0.184553 263
0.037337 275
0.074082 253
0.173101 351
0.037883 275
0.009066 309
0.045117 283
0.047251 271
0.035341 315
0.160372 251
0.010163 275
0.122835 265
0.033490 251
0.054738 271
0.018882 247
0.057632 285
0.045087 269
0.121896 267
0.013360 279
0.012379 279
0.066404 283
0.148221 249
0.012753 261
0.107771 277
0.010184 283
0.221466 279
0.077458 267
0.023071 275
0.072060 271
0.009634 243
0.196578 263
0.033970 251
0.010399 269
0.068350 261
0.095303 275
0.204662 271
0.035082 267
0.078910 277
0.128881 265
0.086394 299
0.099988 261
0.031607 275
0.057830 255
0.013719 257
0.167552 269
0.049595 265
0.023839 283
0.337438 247
0.026182 259
0.231847 243
0.075671 283
0.020542 275
0.353445 275
0.126142 249
0.086049 265
0.011082 275
0.009037 283
0.198411 269
0.035170 257
0.099976 259
0.092399 275
0.085243 263
0.075096 253
0.043083 259
0.033590 273
0.159823 271
0.040333 265
0.042617 269
0.118244 255
0.011313 275
0.132315 287
0.022725 275
0.137393 269
0.037288 275
0.079051 271
0.044106 287
0.035611 261
0.027011 261
0.032083 257
0.062859 277
0.127562 279
0.103534 257
0.155240 273
0.117983 369
0.011274 277
0.012292 259
0.026156 275
0.081849 299
0.010373 261
0.145588 247
0.040719 261
0.096413 287
0.065258 261
0.230202 271
0.052017 283
0.199073 263
0.145704 261
0.058417 249
0.045101 261
0.084731 277
0.027106 253
0.026559 275
0.046331 277
0.041795 263
0.052293 249
0.093256 265
0.011409 271
0.053692 263
0.092896 275
0.011273 263
0.086481 289
0.059577 259
0.046107 279
0.093667 263
0.052150 257
0.095504 263
0.013258 267
0.013789 339
0.146695 279
0.010984 277
0.051203 283
0.120115 377
0.154132 263
0.014037 291
0.080603 253
0.200077 275
0.090620 273
0.070487 275
0.012795 263
0.040178 277
0.037693 281
0.099921 277
0.039999 251
0.013263 279
0.112546 283
0.095880 245
0.014786 267
0.014550 275
0.256981 251
0.012207 277
0.038006 261
0.011995 277
0.038399 271
0.065618 273
0.045583 293
0.025250 275
0.011327 271
0.203091 257
0.010164 277
0.104082 275
0.134246 267
0.045804 271
0.146703 267
0.067923 275
0.118144 275
0.106995 279
0.078702 269
0.035235 265
0.087516 283
0.053531 281
0.111385 263
0.059670 263
0.064611 273
0.117536 287
0.015285 251
0.134396 253
0.024904 283
0.385369 283
0.036402 275
0.047037 261
0.047234 269
0.050667 287
0.287643 291
0.029148 287
0.106001 275
0.038474 289
0.165114 271
0.097647 269
0.014981 277
0.168101 279
0.259091 305
0.039446 275
0.089181 271
0.014065 267
0.092137 289
0.116643 269
0.014718 269
0.063801 275
0.030355 259
0.110368 273
0.014712 291
0.125143 257
0.085952 273
0.036006 261
0.052392 259
0.038400 255
0.034914 283
0.060798 303
0.167167 267
0.025466 275
0.086967 269
0.154990 265
0.084459 271
0.038306 253
0.030060 269
0.051911 255
0.065308 253
0.120166 283
0.015353 285
0.112747 277
0.180026 265
0.097726 293
0.036409 279
0.029801 287
0.038887 239
0.108213 279
0.101062 261
0.026335 269
0.190460 263
0.059619 257
0.040836 277
0.207496 277
0.050755 267
0.086246 265
0.064345 285
0.011730 289
0.103426 283
0.148214 267
0.042016 241
0.015557 275
0.128308 299
0.052983 253
0.224103 263
0.109270 275
0.194368 277
0.014280 261
0.017888 327
0.014785 263
0.027690 277
0.032396 285
0.017102 283
0.013462 275
0.211647 275
0.081478 275
0.085656 287
0.014780 271
0.144294 265
0.120543 269
0.025022 269
0.080651 269
0.014492 249
0.034962 261
0.255072 267
0.106396 269
0.178373 283
0.030998 255
0.042889 279
0.113795 283
0.054504 269
0.115103 309
0.080491 289
0.073360 279
0.231189 269
0.033344 247
0.192159 267
0.014640 267
0.065852 267
0.014855 259
0.207601 285
0.051472 271
0.047885 283
0.101714 275
0.058716 295
0.037639 253
0.048657 275
0.136890 285
0.131253 259
0.091598 253
0.039572 279
0.420217 279
0.070191 285
0.047683 249
0.104880 299
0.056530 259
0.012863 267
0.028875 285
0.014923 269
0.038909 271
0.011858 293
0.106588 255
0.047758 257
0.068473 307
0.191722 273
0.036356 287
0.319237 261
0.025146 277
0.090737 257
0.013214 265
0.309126 267
0.072335 283
0.144535 271
0.280166 293
0.073708 271
0.012067 259
0.015307 273
0.042349 259
0.124955 269
0.012415 259
0.220823 291
0.108069 261
0.051153 267
0.043520 283
0.012261 267
0.083639 265
0.073176 261
0.256051 303
0.015083 267
0.053337 289
0.032083 245
0.017174 299
0.022570 261
0.079414 277
0.060651 283
0.142268 269
0.058192 283
0.070275 283
0.032976 243
0.040428 269
0.128263 275
0.045122 275
0.015182 281
0.142383 277
0.362735 331
0.012512 267
0.028322 275
0.076215 271
0.013071 243
0.096821 291
0.043671 251
0.058524 275
0.116794 285
0.029602 275
0.015985 263
0.182588 281
0.047215 271
0.015133 275
0.030063 285
0.188744 285
0.085127 259
0.072066 293
0.062096 275
0.139954 273
0.013170 271
0.028418 245
0.089363 253
0.012229 257
0.042475 265
0.038017 267
0.097950 285
0.088301 283
0.084597 257
0.134803 275
0.140267 279
0.034218 275
0.053975 271
0.044929 283
0.012809 257
0.016172 275
0.012892 243
0.047152 251
0.015663 271
0.138457 285
0.109956 269
0.101744 283
0.040954 283
0.057941 265
0.032109 273
0.014386 275
0.014395 245
0.013552 283
0.015641 277
0.088081 277
0.048902 269
0.031897 275
0.041232 269
0.096598 279
0.052070 273
0.087621 291
0.078421 269
0.255725 277
0.138297 267
0.207992 269
0.191047 279
0.028101 275
0.044687 283
0.055782 259
0.047268 279
0.071176 271
0.016582 269
0.017829 255
0.047206 265
0.142415 279
0.028314 249
0.015715 259
0.043848 287
0.067830 239
0.087415 277
0.246066 277
0.013058 257
0.015439 271
0.082345 269
0.016603 267
0.054343 283
0.016131 275
0.142640 267
0.131325 255
0.016192 273
0.062236 249
0.015794 239
0.054929 279
0.049504 277
0.214169 273
0.080704 277
0.154447 253
0.395851 255
0.016106 329
0.054840 277
0.050001 235
0.035630 251
0.123976 253
0.025836 281
0.036181 283
0.093877 271
0.186467 283
0.015668 275
0.014272 285
0.151233 347
0.095265 283
0.027706 241
0.049375 269
0.012776 273
0.052900 257
0.016638 285
0.013274 269
0.013681 271
0.045298 289
0.081462 283
0.016352 279
0.101921 275
0.178919 279
0.434269 293
0.118975 275
0.041192 263
0.136880 283
0.065417 259
0.100219 245
0.086221 283
0.027907 275
0.194180 283
0.045664 287
0.036009 275
0.078256 307
0.015933 267
0.104652 265
0.345881 275
0.016091 273
0.044150 269
0.016139 261
0.102159 275
0.039054 283
0.073251 245
0.030422 277
0.152893 297
0.102664 267
0.045516 307
0.094360 277
0.055989 241
0.088952 259
0.069457 273
0.063104 267
0.116018 251
0.063565 259
0.095516 245
0.055519 277
0.017786 273
0.059024 281
0.063367 283
0.038592 255
0.041561 263
0.078935 255
0.033502 283
0.117810 267
0.072971 271
0.049169 275
0.033860 293
0.101904 277
0.047273 275
0.015351 261
0.019350 287
0.034561 271
0.049182 271
0.380751 255
0.119610 253
0.124357 297
0.012994 305
0.059464 257
0.018139 297
0.019842 293
0.104803 265
0.172594 269
0.041746 277
0.196042 291
0.116047 275
0.171827 255
0.044733 283
0.292108 263
0.031211 267
0.050225 275
0.198635 255
0.031008 275
0.092248 279
0.214937 265
0.018042 265
0.049034 263
0.071273 253
0.034277 257
0.062313 279
0.039158 285
0.014562 275
0.058267 281
0.134442 263
0.172388 273
0.015284 285
0.212930 275
0.121696 265
0.028373 257
0.042863 257
0.061677 255
0.124879 287
0.062883 285
0.059130 275
0.117136 263
0.149483 271
0.060219 275
0.052849 271
0.013795 293
0.075555 277
0.106573 261
0.033284 249
0.019338 277
0.021548 285
0.027931 263
0.200468 267
0.042476 271
0.164467 275
0.075711 305
0.034834 273
0.073490 285
0.106492 259
0.130204 251
0.039939 287
0.080481 265
0.030307 273
0.148193 275
0.083532 271
0.064433 283
0.044332 253
0.086032 253
0.017205 263
0.163707 277
0.015459 273
0.020369 279
0.050705 255
0.032562 249
0.122445 259
0.056003 269
0.044221 267
0.219588 275
0.018122 257
0.075340 265
0.035850 261
0.119635 269
0.017792 273
0.142198 283
0.152330 285
0.049929 255
0.314219 327
0.112267 257
0.076059 239
0.148958 289
0.132363 259
0.017514 271
0.018409 295
0.095273 259
0.132193 277
0.110051 259
0.061353 271
0.114404 241
0.296211 271
0.017459 265
0.017932 273
0.085344 283
0.016287 275
0.033089 261
0.090663 247
0.105149 283
0.053631 277
0.015421 285
0.105582 269
0.085326 295
0.038005 273
0.031456 275
0.132296 275
0.297074 283
0.067742 285
0.048873 283
0.038335 287
0.195144 283
0.036167 255
0.102370 247
0.034361 261
0.061939 293
0.034743 279
0.014357 301
0.115234 277
0.019713 275
0.071526 257
0.031456 257
0.030294 285
0.035177 275
0.124578 277
0.038142 293
0.267245 259
0.035900 291
0.081928 271
0.291734 277
0.046994 319
0.092243 273
0.091335 283
0.019803 283
0.019152 269
0.019209 267
0.057711 261
0.032105 259
0.055409 277
0.014330 259
0.038793 275
0.105241 277
0.015920 275
0.019736 275
0.021025 271
0.163613 269
0.079304 271
0.019469 269
0.018745 283
0.074609 283
0.095522 269
0.019307 269
0.020352 281
0.180861 263
0.054914 277
0.038373 281
0.037412 279
0.115441 283
0.082443 273
0.051573 245
0.019345 269
0.017022 265
0.150697 277
0.057310 287
0.029943 255
0.181239 271
0.068059 279
0.147022 269
0.095507 281
0.033877 301
0.032546 259
0.032990 283
0.033047 243
0.101087 261
0.067423 269
0.017808 299
0.081425 247
0.047715 279
0.014093 257
0.021994 293
0.162043 281
0.165894 299
0.058727 273
0.110513 261
0.125945 313
0.108719 267
0.056613 283
0.016166 275
0.067929 263
0.014503 271
0.038438 265
0.050244 275
0.076401 245
0.043985 285
0.086310 275
0.018066 309
0.032438 281
0.080275 323
0.046172 283
0.106423 283
0.208625 261
0.019546 279
0.066661 289
0.152959 265
0.212613 321
0.079257 287
0.141768 283
0.031753 273
0.057492 245
0.014937 239
0.016047 255
0.149778 273
0.077802 277
0.091531 337
0.015813 273
0.022559 275
0.053665 267
0.089303 251
0.030365 263
0.070851 343
0.083321 293
0.032086 285
0.236046 247
0.031472 275
0.099558 277
0.067145 265
0.033880 259
0.035962 279
0.014734 267
0.176958 277
0.146801 249
0.082675 283
0.116193 275
0.131142 251
0.078348 277
0.016894 275
0.221982 249
0.088158 271
0.075998 291
0.015716 285
0.052297 263
0.048042 263
0.034157 285
0.055302 265
0.019805 283
0.380133 275
0.031740 261
0.015014 245
0.062156 279
0.219804 273
0.036255 275
0.031216 275
0.085533 261
0.068564 255
0.049128 277
0.123526 247
0.035844 265
0.014862 237
0.097602 293
0.050328 277
0.251703 255
0.037093 275
0.030780 263
0.016666 283
0.018313 275
0.019143 259
0.049949 285
0.145068 299
0.018672 259
0.037169 271
0.128330 251
0.044941 277
0.030349 257
0.054966 269
0.146876 285
0.015250 277
0.016463 271
0.036284 253
0.156191 275
0.114577 273
0.140705 273
0.052910 251
0.171104 259
0.091372 269
0.501523 283
0.042890 267
0.030709 301
0.017058 279
0.018629 271
0.018881 285
0.022181 249
0.037462 277
0.015002 271
0.089372 285
0.057230 283
0.040066 279
0.038471 269
0.089430 283
0.035028 283
0.097473 305
0.089077 263
0.103205 241
0.082692 287
0.035040 275
0.044121 313
0.082665 273
0.172175 265
0.069532 271
0.089403 297
0.099986 287
0.015018 339
0.212139 285
0.041646 261
0.036804 241
0.094276 269
0.018774 295
0.018621 257
0.019991 269
0.018569 273
0.074907 271
0.171094 285
0.071186 271
0.155889 241
0.020861 275
0.160764 251
0.100775 277
0.082930 283
0.069875 283
0.020811 269
0.020367 249
0.098161 283
0.119078 247
0.016652 269
0.096638 283
0.015015 253
0.047690 275
0.015263 249
0.175829 253
0.047820 271
0.015278 257
0.123409 275
0.055420 273
0.105767 273
0.081295 275
0.017123 267
0.081812 331
0.157196 259
0.017532 253
0.147227 283
0.016489 269
0.273053 277
0.022958 267
0.061232 275
0.139826 273
0.064105 273
0.104244 283
0.019271 269
0.022512 271
0.096594 283
0.133200 295
0.019262 261
0.050845 275
0.047208 275
0.015495 253
0.042938 283
0.066129 279
0.062659 275
0.015403 241
0.064916 277
0.015268 275
0.044107 267
0.016733 277
0.017695 239
0.017619 275
0.133681 279
0.021714 271
0.020322 245
0.038278 283
0.097901 241
0.138560 263
0.054686 269
0.038699 275
0.223933 305
0.132847 247
0.070815 289
0.015926 301
0.053903 285
0.203014 293
0.091093 289
0.071500 269
0.107873 245
0.037171 291
0.033201 269
0.460867 285
0.291714 263
0.079644 255
0.036563 261
0.038417 275
0.223503 283
0.087046 275
0.115228 275
0.057978 255
0.125446 343
0.212876 269
0.076329 283
0.036907 295
0.019104 279
0.021070 277
0.235394 267
0.092133 293
0.077095 269
0.127961 267
0.037639 269
0.149620 261
0.043440 285
0.037466 295
0.291287 293
0.101206 275
0.068072 281
0.064800 275
0.072324 261
0.018275 283
0.164688 257
0.060478 277
0.134924 275
0.019842 263
0.019854 303
0.089163 263
0.019504 259
0.116795 271
0.016342 307
0.090215 263
0.255015 285
0.109465 277
0.016472 311
0.020331 275
0.052092 259
0.125557 293
0.016707 283
0.075948 275
0.016321 267
0.086328 283
0.109681 259
0.122629 361
0.215806 257
0.056244 283
0.021440 325
0.070567 287
0.105617 263
0.176547 283
0.015752 255
0.040015 257
0.015799 259
0.086071 275
0.016161 277
0.066633 273
0.069314 267
0.018744 255
0.074995 279
0.037225 279
0.035101 277
0.158078 261
0.000035 2
0.115266 275
0.082433 267
0.110280 269
0.103499 253
0.037509 275
0.022482 279
0.021285 261
0.062876 267
0.112892 263
0.040230 251
0.074700 275
0.039236 339
0.015836 261
0.122759 267
0.072485 275
0.068256 275
0.056544 313
0.091842 271
0.089714 283
0.017475 257
0.127136 273
0.115166 275
0.077068 257
0.015865 249
0.051115 267
0.019845 253
0.102380 243
0.034163 253
0.062196 259
0.124781 235
0.053522 283
0.040347 285
0.064328 263
0.022920 259
0.018732 271
0.040528 283
0.329404 279
0.040360 293
0.048825 257
0.094530 311
0.049423 271
0.046183 275
0.018434 277
0.069301 277
0.065974 279
0.018447 257
0.090267 275
0.055548 265
0.024543 273
0.018709 283
0.086416 285
0.051163 277
0.135407 275
0.288588 281
0.034019 267
0.144991 251
0.098733 277
0.209075 275
0.017202 281
0.058113 313
0.016938 257
0.043109 285
0.178983 267
0.021267 283
0.026511 251
0.130113 265
0.118486 259
0.139137 277
0.037709 287
0.039041 247
0.191921 277
0.170125 269
0.016823 241
0.019730 253
0.022685 259
0.076366 277
0.052814 279
0.097781 247
0.098097 269
0.017603 317
0.018708 293
0.090995 279
0.018447 275
0.070143 255
0.044958 259
0.086023 277
0.042284 275
0.080614 267
0.020341 247
0.020442 271
0.019445 279
0.059470 273
0.064316 283
0.053810 283
0.361105 263
0.050637 313
0.256397 271
0.056400 259
0.067355 251
0.073909 281
0.078943 255
0.080705 285
0.051519 277
0.323822 267
0.017702 291
0.018720 243
0.096968 275
0.366829 283
0.128138 269
0.054083 251
0.034231 257
0.089632 267
0.016759 263
0.097535 261
0.037523 275
0.114623 259
0.121180 281
0.018293 269
0.160727 275
0.037375 283
0.040561 263
0.021046 269
0.134850 279
0.025375 295
0.118938 267
0.017443 255
0.061967 253
0.184952 269
0.111431 271
0.016717 267
0.068244 279
0.094367 239
0.043977 279
0.064832 327
0.016519 265
0.076975 277
0.034811 273
0.123085 251
0.060235 285
0.203096 279
0.152358 265
0.079119 307
0.019775 273
0.019254 285
0.173340 309
0.087462 269
0.027419 253
0.082123 243
0.078142 309
0.074802 267
0.049300 253
0.018760 241
0.054034 253
0.045415 283
0.066597 255
0.038327 261
0.021807 285
0.080422 279
0.017472 283
0.020051 267
0.021346 275
0.154820 263
0.135595 283
0.063623 283
0.041013 245
0.018542 271
0.103446 261
0.081907 285
0.056242 251
0.096045 253
0.126892 283
0.210579 265
0.057886 271
0.038831 245
0.078788 285
0.044146 265
0.206664 257
0.144078 273
0.246489 283
0.020794 269
0.111104 275
0.046799 271
0.098739 287
0.038846 269
0.017821 265
0.102410 277
0.207287 285
0.173552 291
0.058577 259
0.067945 263
0.055864 265
0.019112 247
0.125057 283
0.018773 285
0.025068 283
0.160750 283
0.255119 277
0.060170 267
0.122841 295
0.025050 275
0.092487 271
0.022139 293
0.018346 291
0.039004 259
0.045630 275
0.097498 275
0.052378 283
0.102341 275
0.044968 275
0.041616 271
0.105833 247
0.320983 271
0.025310 283
0.261474 277
0.119801 243
0.023462 283
0.164473 283
0.101231 295
0.061166 269
0.019874 299
0.102146 269
0.019495 271
0.020534 283
0.046431 285
0.022021 309
0.081656 249
0.023992 265
0.223848 257
0.058667 261
0.035629 283
0.038180 251
0.083602 269
0.043195 269
0.047294 287
0.146989 269
0.106603 303
0.072541 279
0.052010 271
0.046434 283
0.035515 267
0.052447 287
0.099666 279
0.125081 287
0.039338 277
0.037098 285
0.019985 271
0.156720 275
0.142718 285
0.035200 277
0.017902 277
0.019566 297
0.142236 275
0.036537 253
0.019242 253
0.019782 285
0.129307 271
0.128681 247
0.041232 283
0.020083 285
0.089361 285
0.082500 291
0.021719 257
0.060182 277
0.024557 265
0.019130 283
0.114773 253
0.038807 251
0.107379 255
0.193655 275
0.027146 283
0.064247 279
0.022233 259
0.133673 253
0.042563 311
0.037258 275
0.055053 261
0.076802 275
0.039215 251
0.053114 261
0.053073 271
0.036128 251
0.042954 273
0.024297 247
0.259179 263
0.118017 313
0.016210 249
0.027892 247
0.027634 265
0.023199 275
0.040528 275
0.285651 257
0.060750 251
0.044145 283
0.081757 301
0.026124 277
0.260125 299
0.019279 239
0.151640 263
0.086408 283
0.152161 293
0.367969 295
0.069843 283
0.038987 283
0.194848 251
0.062028 331
0.021858 273
0.106084 259
0.026022 289
0.040546 277
0.040720 253
0.057957 275
0.051592 293
0.098180 273
0.040022 267
0.204038 279
0.021449 283
0.022294 257
0.135573 251
0.061215 283
0.017290 257
0.060274 259
0.252384 275
0.027435 265
0.026570 285
0.107030 263
0.039004 285
0.158836 259
0.043794 281
0.234351 283
0.084981 283
0.198615 283
0.083286 261
0.017515 247
0.038741 271
0.150086 275
0.066611 293
0.336823 283
0.041102 269
0.023096 283
0.094915 267
0.037472 255
0.161877 275
0.046845 269
0.127572 325
0.044511 249
0.022420 249
0.134008 241
0.025465 249
0.178529 273
0.027739 279
0.053364 259
0.018842 285
0.019645 283
0.164967 263
0.310444 269
0.041346 271
0.303080 279
0.121867 293
0.071545 275
0.227876 265
0.060508 267
0.084719 287
0.099896 315
0.024556 251
0.151991 255
0.061635 269
0.041462 275
0.028893 269
0.053713 263
0.052153 259
0.019401 275
0.130050 277
0.023534 267
0.106970 297
0.043795 291
0.096444 265
0.044537 339
0.023921 279
0.212449 275
0.063877 293
0.023373 307
0.089956 287
0.062626 287
0.131434 273
0.041165 283
0.070323 255
0.122949 261
0.040716 287
0.038286 257
0.017299 249
0.068351 283
0.025073 263
0.045020 267
0.066914 259
0.063772 281
0.107925 263
0.139657 249
0.063633 275
0.023797 283
0.077785 293
0.100828 279
0.019492 275
0.334709 279
0.068100 277
0.106988 293
0.104114 251
0.041402 269
0.017710 285
0.054188 259
0.259096 277
0.103229 283
0.078774 269
0.048823 279
0.130707 281
0.047612 283
0.025540 267
0.019780 269
0.170447 277
0.076212 245
0.090193 343
0.095857 273
0.042266 251
0.019504 265
0.022567 271
0.048419 275
0.062494 275
0.058931 279
0.018242 289
0.214586 285
0.091425 259
0.020992 275
0.089997 265
0.055980 269
0.091183 275
0.018900 259
0.021591 261
0.040695 261
0.018792 257
0.090318 263
0.038499 269
0.063535 271
0.103137 253
0.144813 269
0.092630 259
0.193036 269
0.023199 275
0.062247 255
0.046189 275
0.040947 285
0.127013 295
0.082758 277
0.233004 271
0.068091 275
0.167397 259
0.065828 277
0.023091 257
0.067881 283
0.025053 281
0.092129 263
0.021008 283
0.091062 275
0.103230 263
0.112368 265
0.129833 275
0.044439 291
0.023498 275
0.048468 249
0.058655 271
0.018355 335
0.034204 277
0.212835 259
0.037586 269
0.020760 293
0.042079 297
0.045122 283
0.050010 245
0.187919 283
0.076742 285
0.040175 285
0.019051 265
0.325516 287
0.270362 277
0.047416 259
0.114756 277
0.028695 261
0.048804 275
0.058987 285
0.069309 279
0.018762 333
0.047949 279
0.078811 305
0.042149 233
0.287851 323
0.044580 303
0.224603 275
0.065829 267
0.128333 257
0.089591 277
0.064094 283
0.067485 283
0.218748 281
0.038547 263
0.151245 253
0.110887 259
0.159460 265
0.079182 269
0.066026 259
0.046948 287
0.047327 265
0.044742 251
0.058342 273
0.019031 257
0.067281 285
0.026332 339
0.145234 253
0.038675 293
0.019102 299
0.097973 249
0.071553 253
0.138358 241
0.022212 259
0.023957 249
0.096977 283
0.019385 255
0.103010 267
0.062613 285
0.041452 279
0.055718 277
0.091460 273
0.019610 287
0.112742 285
0.068102 283
0.073774 247
0.019101 273
0.020853 301
0.079168 285
0.168185 283
0.023696 271
0.065998 279
0.088325 303
0.048237 283
0.019803 273
0.523386 261
0.064493 275
0.024282 275
0.111397 241
0.046866 275
0.040265 275
0.110065 239
0.093740 259
0.020784 297
0.020684 259
0.024976 275
0.052699 283
0.026375 271
0.117427 305
0.088566 255
0.041226 283
0.094620 247
0.101567 285
0.134012 297
0.045961 265
0.092913 285
0.100922 287
0.027394 277
0.047280 259
0.140273 253
0.119473 301
0.024936 265
0.040367 275
0.100146 265
0.070734 279
0.231842 327
0.181817 251
0.026122 269
0.024201 279
0.027572 283
0.024076 259
0.067214 249
0.072163 249
0.122386 289
0.124027 349
0.022251 285
0.041694 269
0.260338 277
0.044336 243
0.090592 263
0.188548 285
0.026166 289
0.090154 241
0.090875 295
0.041615 259
0.044182 257
0.076057 277
0.211343 261
0.067335 275
0.028095 283
0.082409 275
0.045834 291
0.298504 269
0.028233 269
0.111022 283
0.020109 265
0.113067 277
0.097273 283
0.098686 273
0.130194 275
0.142294 263
0.041116 277
0.152214 277
0.075261 269
0.072437 265
0.135965 251
0.117353 277
0.083412 257
0.060369 283
0.092896 277
0.040248 263
0.076564 289
0.081827 269
0.145318 263
0.050985 293
0.136142 295
0.136957 277
0.114828 269
0.116075 285
0.029030 269
0.091086 249
0.024067 285
0.076846 285
0.068127 283
0.094803 275
0.091198 275
0.069109 283
0.482336 277
0.244030 283
0.045963 269
0.177463 279
0.124522 269
0.111776 283
0.085219 267
0.087194 241
0.134467 259
0.230745 259
0.190594 287
0.024859 283
0.034606 283
0.488707 253
0.046227 279
0.020419 247
0.075756 267
0.040931 253
0.188277 267
0.153021 257
0.026967 275
0.025628 279
0.171813 283
0.022180 261
0.134380 293
0.073545 249
0.073367 279
0.053215 273
0.064100 271
0.143013 289
0.082709 289
0.023442 269
0.024181 275
0.025728 257
0.122040 277
0.135238 271
0.104982 247
0.048898 275
0.105210 281
0.184474 283
0.042422 265
0.112177 263
0.128963 271
0.069914 295
0.092509 287
0.045681 271
0.021401 261
0.092706 291
0.051401 269
0.069536 285
0.146884 255
0.047976 277
0.025095 277
0.041520 279
0.042417 279
0.022627 269
0.059609 267
0.109699 257
0.048368 283
0.072194 339
0.268615 269
0.137387 277
0.184229 281
0.050351 263
0.046651 269
0.085577 259
0.021137 273
0.106685 259
0.071752 291
0.048091 277
0.028096 277
0.131157 279
0.021620 265
0.047707 263
0.120283 245
0.044008 247
0.027684 241
0.025579 275
0.025545 269
0.022530 275
0.047189 289
0.061604 257
0.226300 283
0.023279 283
0.408320 251
0.087779 345
0.072848 303
0.048181 261
0.103112 271
0.069525 279
0.025478 253
0.137270 287
0.112680 267
0.025348 285
0.241952 275
0.080147 275
0.046820 283
0.067892 283
0.066318 341
0.046293 283
0.029694 283
0.023860 235
0.066213 257
0.024518 275
0.113061 249
0.030157 249
0.027073 277
0.045458 305
0.020340 271
0.121968 261
0.206243 285
0.051124 261
0.086844 327
0.048049 281
0.167201 253
0.040581 303
0.022249 261
0.161932 263
0.081228 253
0.274590 257
0.117451 273
0.141439 291
0.175802 245
0.048672 273
0.027319 265
0.089876 263
0.169592 253
0.211851 275
0.211009 283
0.166132 277
0.128403 263
0.138835 275
0.024390 265
0.075935 261
0.078875 277
0.021579 287
0.179035 339
0.082406 265
0.045149 267
0.045064 289
0.070776 287
0.199192 263
0.028285 283
0.073501 275
0.041811 271
0.161895 255
0.063596 275
0.044235 243
0.073214 283
0.117682 263
0.023665 251
0.239136 275
0.074420 269
0.102008 271
0.098341 265
0.399470 301
0.098088 283
0.026607 275
0.042554 251
0.087881 279
0.029583 283
0.020205 273
0.101501 277
0.139175 269
0.027172 285
0.183832 277
0.030062 283
0.151815 283
0.259247 243
0.045207 277
0.151155 287
0.275293 305
0.092947 257
0.048570 271
0.043351 295
0.025451 283
0.048399 257
0.047908 325
0.092273 257
0.065792 285
0.021064 255
0.031026 255
0.043405 315
0.077488 283
0.134825 285
0.046303 277
0.198087 259
0.026361 245
0.219316 275
0.174668 279
0.092221 271
0.051320 277
0.025921 245
0.027491 283
0.046996 295
0.131666 287
0.027477 263
0.052113 275
0.140468 283
0.159678 275
0.077811 253
0.056236 263
0.051979 283
0.021971 293
0.027338 283
0.165297 269
0.024745 267
0.126219 277
0.046469 253
0.118953 243
0.023236 275
0.117444 275
0.023763 259
0.027525 271
0.050174 245
0.025907 275
0.071834 269
0.045582 245
0.290644 293
0.041835 267
0.045941 255
0.024677 277
0.088053 269
0.025616 275
0.160900 323
0.124070 269
0.045299 269
0.104427 283
0.065820 275
0.067220 249
0.070856 277
0.097607 273
0.257995 255
0.085698 293
0.027508 275
0.232278 245
0.030010 271
0.047551 251
0.095828 253
0.105824 297
0.025523 269
0.134947 277
0.153081 271
0.162615 281
0.096496 269
0.117409 285
0.084889 249
0.025695 269
0.073576 247
0.048660 283
0.051274 295
0.190805 277
0.145730 259
0.120505 279
0.107083 279
0.025248 283
0.075138 269
0.070907 255
0.057488 275
0.027399 265
0.028115 269
0.047402 283
0.089796 293
0.278932 279
0.116503 267
0.106260 275
0.205248 275
0.048216 241
0.121266 277
0.268246 285
0.199100 271
0.024203 245
0.026444 277
0.026011 275
0.023204 249
0.096352 285
0.028330 277
0.168755 285
0.204947 283
0.103939 287
0.022276 287
0.071793 275
0.117015 265
0.033985 269
0.070117 275
0.197375 261
0.148856 285
0.063915 251
0.000067 2
0.022717 247
0.086818 277
0.050568 263
0.047966 277
0.046014 275
0.141243 275
0.074799 283
0.052360 267
0.067838 267
0.021811 261
0.104749 275
0.030859 269
0.136689 267
0.054829 277
0.049230 259
0.049194 317
0.459151 269
0.065661 313
0.043531 259
0.049204 277
0.052716 283
0.063131 269
0.082257 257
0.024012 261
0.074304 307
0.027057 269
0.130490 269
0.148512 283
0.028965 291
0.101951 269
0.047334 331
0.150464 275
0.049267 277
0.064514 285
0.021988 295
0.095561 257
0.067307 287
0.152975 285
0.073769 261
0.047907 269
0.064748 295
0.024709 269
0.067521 283
0.023512 263
0.208218 251
0.123708 259
0.194149 273
0.030009 275
0.026277 277
0.046367 259
0.136380 263
0.021368 261
0.048870 283
0.064922 267
0.046897 277
0.127111 283
0.148440 271
0.079813 279
0.028774 261
0.047911 273
0.085837 285
0.082887 271
0.085182 283
0.051257 275
0.268206 263
0.044921 253
0.046807 267
0.043893 273
0.027347 283
0.138766 283
0.333467 267
0.030104 317
0.165559 273
0.082780 259
0.124497 283
0.231351 247
0.571410 281
0.024232 255
0.118992 283
0.028126 275
0.025907 255
0.071474 269
0.148190 275
0.048338 275
0.054127 275
0.134429 283
0.116271 279
0.029329 283
0.031315 275
0.086230 271
0.049934 291
0.101904 255
0.048737 283
0.052667 275
0.067780 327
0.104873 241
0.055166 251
0.025261 275
0.047569 247
0.024941 279
0.269051 273
0.080170 323
0.028261 279
0.127976 265
0.082315 263
0.124130 287
0.067722 307
0.103879 283
0.185575 293
0.023008 253
0.096539 249
0.029132 261
0.122287 261
0.151002 261
0.108965 295
0.207318 265
0.025999 265
0.032304 279
0.023342 327
0.046439 261
0.145148 271
0.191322 275
0.149123 245
0.028345 275
0.179824 279
0.191417 261
0.147972 283
0.027919 291
0.025123 305
0.142170 295
0.024608 289
0.053059 275
0.052551 305
0.117592 263
0.290178 283
0.048730 245
0.152715 273
0.074536 283
0.210252 261
0.084181 283
0.049518 255
0.072667 271
0.065780 281
0.050018 301
0.049697 327
0.050945 263
0.128638 285
0.044540 293
0.049743 271
0.028606 259
0.022664 283
0.084270 271
0.025709 283
0.117913 293
0.030366 277
0.025237 279
0.128995 285
0.142798 251
0.285399 343
0.073720 299
0.049840 241
0.086922 265
0.187045 297
0.026755 281
0.066802 241
0.072160 253
0.177933 283
0.028244 289
0.080267 283
0.048461 275
0.043837 241
0.023917 269
0.027940 285
0.023901 295
0.022654 253
0.026910 337
0.025118 287
0.026989 259
0.100535 283
0.128237 293
0.051636 251
0.045819 275
0.024597 267
0.260462 265
0.083903 269
0.026488 261
0.027228 279
0.072826 285
0.024673 293
0.051184 243
0.079140 277
0.032295 285
0.152576 275
0.030089 261
0.052715 283
0.029087 281
0.027511 303
0.046677 257
0.103986 265
0.154293 269
0.101058 251
0.027620 291
0.032284 271
0.091376 327
0.150335 275
0.025607 279
0.117292 243
0.146467 297
0.047351 275
0.045919 269
0.025983 275
0.052537 277
0.129632 311
0.052297 289
0.030966 283
0.085044 287
0.024855 325
0.147081 245
0.089057 277
0.130425 269
0.087023 283
0.168769 275
0.045292 275
0.089526 271
0.025920 263
0.050460 279
0.218983 277
0.027874 307
0.033498 275
0.072831 253
0.402374 279
0.052065 271
0.155545 271
0.171680 259
0.026024 307
0.298086 263
0.068196 275
0.180418 275
0.176541 283
0.053618 333
0.021670 265
0.034548 283
0.128456 271
0.028285 259
0.025047 263
0.050180 285
0.053889 279
0.256458 279
0.238680 335
0.024553 257
0.028230 255
0.087710 311
0.842820 237
0.911564 239
1.101112 235
0.062577 233
1.225962 241
0.374803 239
1.024020 235
0.624831 249
0.016298 253
0.320745 231
0.397591 247
0.006035 245
0.403555 239
0.146002 249
0.419778 245
0.129776 241
0.044294 241
0.253633 255
0.007582 247
0.066507 257
0.054506 229
0.043876 249
0.041243 243
0.006644 245
0.016961 233
0.469463 239
0.339010 259
0.008257 263
0.056045 269
0.007856 267
0.008129 255
0.003100 269
0.054774 243
0.174074 255
0.075315 257
0.038088 253
0.008414 249
0.052700 249
0.054392 251
0.005679 239
0.160362 269
0.047687 251
0.015758 255
0.035851 239
0.026635 261
0.006190 253
0.031533 255
0.039342 253
1592.838618 223
0.057714 221
0.016724 233
0.019764 221
0.035493 231
0.046056 227
0.069330 221
0.016638 221
0.020088 235
0.040760 227
0.035884 235
0.017430 237
0.024640 237
0.014280 239
0.019004 239
0.017836 233
0.021494 227
0.870991 227
0.057572 219
0.036296 227
0.018321 227
0.250641 251
0.017558 255
0.021135 253
0.059164 227
0.018246 227
0.017979 225
0.289447 225
0.035286 233
0.017476 253
0.038198 233
0.082547 237
0.016897 245
0.019681 245
0.019619 235
0.018309 249
0.019692 237
0.020214 243
0.019846 239
0.000079 2
0.017923 235
0.063530 245
0.016707 239
0.009846 233
0.017702 235
0.007699 257
0.010416 245
0.006884 245
0.008170 245
0.009876 239
0.103608 227
0.017679 229
0.106618 243
0.018917 243
0.043747 227
0.034889 261
0.036195 231
0.017040 235
0.020427 233
0.019526 241
0.017269 233
0.018087 229
0.021359 231
0.016559 233
0.018627 229
0.015388 237
0.016790 229
0.017103 237
0.025231 231
0.018319 229
0.018110 233
0.025833 233
0.019078 233
0.042520 251
0.100219 235
0.017715 231
0.018941 229
0.019486 233
0.019510 231
0.019683 235
0.021726 255
0.021743 235
0.053313 231
0.017150 235
0.017766 233
0.020442 233
0.016994 227
0.022640 233
0.019472 229
0.021995 233
0.018613 229
0.017182 235
0.019793 235
0.018464 245
0.019463 239
0.023546 235
0.024373 233
0.017986 237
0.020233 231
0.023574 233
0.023063 233
0.025258 237
0.019091 235
0.020024 233
0.043178 241
0.017054 235
0.019378 225
0.071217 243
0.349570 225
0.016652 225
0.060164 223
0.094074 225
0.068582 235
0.016075 247
0.036920 243
0.015047 233
0.022289 255
0.020963 237
0.040274 245
0.037270 243
0.015318 245
0.021929 239
0.018218 251
0.041979 247
0.016854 253
0.017075 231
0.018737 239
0.020422 239
0.022247 233
0.057153 261
0.068714 237
0.016813 247
0.012204 243
0.017425 231
0.020512 263
0.041693 247
0.108446 231
0.046350 249
0.008270 259
0.019567 239
0.022220 249
0.020641 245
0.041950 261
0.021970 261
0.055164 247
0.018020 251
0.171181 237
0.066651 229
0.016698 233
0.040845 225
0.328580 235
0.018994 233
0.115649 237
0.022780 229
0.020624 231
0.019977 229
0.023652 231
0.038416 243
0.017655 239
0.163910 253
0.054282 261
0.053105 227
0.036773 223
0.018000 225
0.054922 227
0.049796 231
0.036647 231
0.036970 227
0.040971 223
22.591656 259
0.063021 257
0.016544 269
0.021581 257
0.017969 267
0.041055 263
0.069760 257
0.016619 257
0.019693 271
0.038852 263
0.037076 271
0.017005 273
0.020141 273
0.018591 275
0.016657 275
0.017570 269
0.016854 263
0.899904 263
0.057134 255
0.035868 263
0.016778 263
0.040457 271
0.017737 273
0.021849 273
0.027169 271
0.021079 279
0.024555 273
0.281938 287
0.017608 291
0.018007 289
0.053643 263
0.016706 263
0.019737 261
0.298697 261
0.033815 269
0.017396 289
0.037837 269
0.083079 273
0.016941 281
0.017750 281
0.018643 271
0.017278 285
0.018480 273
0.028966 279
0.016352 277
0.022201 271
0.140353 263
0.017661 265
0.109441 279
0.018608 279
0.043423 263
0.058174 303
0.019206 297
0.037418 267
0.018709 271
0.016953 269
0.016895 277
0.019387 269
0.015350 265
0.019914 267
0.020594 269
0.016855 265
0.019106 273
0.014498 265
0.018050 273
0.016901 267
0.020972 265
0.019063 269
0.017769 269
0.018558 269
0.038293 287
0.081786 271
0.017612 267
0.019921 265
0.028303 267
0.000016 2
0.022953 267
0.018096 271
0.020597 291
0.017261 271
0.050216 267
0.016960 271
0.018055 269
0.018978 269
0.016719 263
0.018749 269
0.021107 265
0.024798 269
0.018761 265
0.016891 271
0.021775 271
0.020666 281
0.018803 275
0.019114 271
0.021362 269
0.020543 273
0.019939 267
0.021621 269
0.020799 269
0.030153 273
0.010336 271
0.018036 269
0.040185 277
0.017185 271
0.019749 261
0.071222 279
0.175775 261
0.016896 261
0.063945 259
0.085595 261
0.069880 271
0.015522 283
0.037561 279
0.022449 269
0.021000 291
0.021510 273
0.043799 281
0.040263 279
0.018102 281
0.017662 275
0.018874 287
0.040532 283
0.017736 289
0.037902 283
0.018362 287
0.021155 297
0.019331 285
0.019428 287
0.026693 277
0.017834 287
0.018605 289
0.018682 267
0.020378 275
0.019448 275
0.016832 269
0.056559 297
0.068778 273
0.016857 283
0.020772 279
0.022270 267
0.020261 299
0.039610 283
0.110424 267
0.052611 285
0.018591 295
0.018389 275
0.019203 285
0.021523 281
0.042313 297
0.017624 297
0.054334 283
0.017701 287
0.167613 273
0.071818 265
0.016629 269
0.041441 261
0.384205 271
0.020513 269
0.107244 273
0.017459 265
0.017275 267
0.016834 265
0.019248 267
0.035974 279
0.017859 275
0.167307 291
0.037002 289
0.056438 297
0.056070 263
0.037977 259
0.018105 261
0.053813 263
0.051454 267
0.036622 267
0.035060 263
0.041199 259
60.412068 17
0.318929 25
26403.318470 1
1.224621 1
0.151399 1
1.093856 3
1.096600 1
0.242038 1
0.780061 1
1.012556 3
0.959328 3
0.673519 3
0.042086 3
0.039887 3
0.039407 3
0.040017 1
0.041250 1
0.039465 1
0.040147 1
0.040142 1
0.039284 1
1.166814 1
0.178908 1
0.450499 2
1.237701 107
0.004383 25
2.869007 8
0.106395 19
0.000171 55
2.522942 11
0.000043 6
