0.340898 64
0.000508 8
0.000055 59
0.966809 1
0.280903 1
0.385805 1
0.129764 1
0.186122 1
0.173056 1
0.240520 1
0.143258 1
0.173990 1
0.085342 1
0.161548 1
0.099116 1
0.642187 1
0.202753 1
0.012917 1
0.202398 1
0.205169 1
0.514546 56
0.288353 95
0.627410 1
0.168627 1
0.153216 1
0.159846 1
0.392209 4
0.252875 4
0.657186 1
0.138871 1
0.184291 1
0.182952 1
0.202886 1
0.136981 1
0.184394 1
0.602297 1
0.103994 1
0.063216 1
0.194545 1
0.157817 1
0.129359 1
0.142377 1
0.257088 1
0.155136 1
0.015625 1
0.200567 1
1.535596 1
1.528778 4
7.934386 1
0.227306 1
0.285764 1
0.503637 1
0.769086 1
0.319685 1
0.583252 1
0.744279 1
0.094613 1
0.220430 1
0.493933 1
0.078950 1
0.194095 1
0.947314 4
0.129951 1
0.414617 1
0.256458 1
0.105354 1
0.166759 1
0.333626 1
0.184759 1
0.218635 1
0.150333 1
0.195639 1
0.197147 1
0.145451 1
0.207132 1
0.206036 1
0.195700 1
0.114623 1
0.398601 1
0.214360 1
0.150181 1
0.162255 1
0.125871 1
0.203121 142
0.908828 1
0.304963 1
1.594110 1
0.236646 1
0.195588 1
0.103461 1
1.022623 4
0.159060 4
0.157084 4
0.137916 4
0.538030 1
0.118682 1
0.156255 1
0.144147 1
0.359540 1
0.327921 1
0.596411 1
0.102988 1
0.112497 1
0.403858 1
0.140847 1
0.330136 1
1.225319 1
0.213858 1
0.263086 1
0.443396 1
0.111939 1
0.315809 1
0.207502 1
0.090498 1
0.204047 1
0.112113 1
0.109142 1
0.176557 1
0.117656 1
0.725610 1
0.089428 1
0.299910 1
0.417384 1
0.368606 1
0.144547 1
0.300550 1
0.099067 1
0.122547 1
0.206327 1
0.115430 1
0.207475 1
0.243383 1
0.181494 1
0.038110 1
0.187070 1
0.065521 1
0.173943 1
0.072642 1
0.222438 1
0.661081 1
0.061858 1
0.106683 1
0.926001 1
0.522386 1
0.166443 1
0.409740 4
0.142505 4
0.155934 4
0.522347 1
0.188862 1
0.117865 1
0.252967 1
0.269227 1
0.147049 1
0.168396 1
0.146484 1
0.203679 1
0.464512 1
0.270357 1
0.258879 1
0.518521 4
0.658610 1
0.596355 1
0.877153 1
0.120426 1
0.164441 1
0.583244 1
0.108177 1
0.119337 1
0.355786 1
0.253247 1
0.163984 1
0.260640 1
0.572659 2
0.000054 9
0.000190 64
0.000121 8
0.000045 59
2.032676 1
0.130608 1
0.079934 1
0.102240 1
0.235117 1
0.465811 1
0.103732 1
0.191512 1
0.107187 1
0.117269 1
0.149407 1
0.161362 1
0.372628 1
0.544068 1
0.298499 1
0.296597 1
0.268653 1
0.245999 1
0.487681 1
1.043074 1
0.129416 1
1.144010 2
0.000056 9
0.020500 27
2.566287 2
0.440446 33
0.030987 37
0.002915 50
0.000032 4
0.000017 33
0.000020 71
0.000029 6
0.873439 35
0.000200 25
0.000046 170
1.764108 344
0.274074 344
0.280741 344
0.276038 172
0.000058 172
0.275272 172
0.000344 172
0.213822 344
0.211182 172
0.000053 172
0.202202 344
0.200496 172
0.310208 32
0.000022 168
0.000044 2
0.328281 344
0.102078 172
0.278067 174
0.000091 168
0.347337 168
0.004085 168
0.000147 2
0.000125 168
0.061224 168
0.041701 338
0.012265 168
0.005820 170
0.000030 168
0.016635 168
0.001945 170
0.000318 168
0.000072 168
0.000466 170
0.503690 34
0.001624 168
0.048368 170
0.000927 168
0.112542 170
0.917556 38
0.000051 38
0.156341 6
0.006429 64
0.000130 67
1.516607 1
0.308614 1
0.439637 1
0.086700 1
0.521649 1
0.109498 1
0.712981 1
0.042312 1
1.221995 1
0.251084 1
0.783290 1
0.308906 1
0.185316 1
0.132998 1
0.105410 1
2.986719 1
0.246958 1
0.610152 1
0.200351 1
0.166691 1
0.420747 1
0.166911 1
0.351720 4
0.129007 4
0.134910 1
0.653579 1
0.723652 1
0.074627 1
0.249788 1
0.322540 1
0.257816 1
0.202844 1
0.465362 1
0.138784 1
0.790336 4
0.149543 4
0.967933 1
0.094667 1
0.136430 1
1.146505 1
0.093918 1
0.225108 1
0.170860 1
0.266994 1
0.183187 1
0.171392 1
0.248705 142
2.079202 38
0.171863 117
0.146698 94
0.148483 213
0.141033 96
0.147538 38
0.149093 113
0.143189 21
0.164974 54
0.245813 150
0.489021 146
4.003765 11
0.000237 19
0.000120 8
0.000124 47
1.935770 1
0.277448 1
0.233688 1
0.473666 1
0.266755 1
0.521237 1
0.089389 1
3.008424 1
0.521149 1
0.295665 1
0.473529 1
0.079914 1
0.214336 1
0.149047 1
0.234579 1
0.150847 1
0.116938 1
0.327345 11
0.285547 12
0.008620 41
0.063543 12
0.489048 35
8.220376 31
6.233722 622
0.000411 153
5.014830 2
1.613595 243
0.005029 31
0.131326 2
0.000130 62
0.000057 2
0.000047 162
0.000063 2
0.000054 162
0.000052 2
0.000043 2
0.000637 64
0.000121 2
0.000057 82
0.000052 2
0.000065 3
5.070192 1
0.851703 2
0.018976 41
0.342520 129
0.000596 95
2.833958 1
0.830872 2
0.001992 102
1.022318 1
0.536105 2
0.001809 2
3.652177 44
3.575458 108
0.003750 61
0.000148 2
0.054028 65
0.057307 52
0.022930 47
0.042758 65
0.012937 15
0.000043 2
1.809864 69
0.002104 17
0.941048 64
0.004649 17
0.957107 64
0.009525 17
0.960301 65
0.002407 17
0.955018 71
0.002650 17
0.983116 63
0.002325 17
1.064489 66
0.002364 17
1.059803 68
0.019820 17
1.188776 64
0.002385 17
1.200129 66
0.004402 17
1.117755 68
0.021782 17
1.063896 70
0.008593 17
1.031284 69
0.003340 17
1.158466 73
0.002914 17
1.139848 72
0.007726 17
1.074117 68
0.016103 17
0.649864 12
0.363629 69
0.000043 2
0.003699 15
0.000047 2
0.962927 75
0.014330 15
0.000207 2
0.951388 68
0.015917 15
0.000055 2
1.025098 69
0.018310 15
0.000148 2
1.121882 65
0.004913 17
0.983575 65
0.002303 17
1.003695 68
0.003086 17
1.014994 77
0.003187 17
1.024561 64
0.012743 15
0.000046 2
0.963225 69
0.003312 15
0.000154 2
0.919834 68
0.008115 17
1.103076 67
0.002274 17
0.969535 66
0.002288 17
1.038651 70
0.003552 17
1.028985 65
0.009944 17
1.019099 66
0.002279 17
0.979392 71
0.013453 17
1.035024 65
0.003321 17
1.051118 68
0.003698 17
0.976565 67
0.012653 15
0.000044 2
1.046456 67
0.002248 17
0.960320 65
0.002527 17
0.949453 66
0.003402 17
1.024024 68
0.016428 17
0.990856 64
0.004266 17
0.984448 70
0.002927 17
0.925799 67
0.010217 17
1.470426 71
0.002799 17
1.580674 70
0.002466 17
2.043038 79
0.007922 17
1.256788 76
0.002974 17
0.986482 75
0.002973 17
1.009810 65
0.013740 17
0.957375 71
0.002347 17
0.947801 68
0.002324 17
0.985379 71
0.002573 17
0.989206 67
0.002368 17
1.210086 70
0.004135 17
0.994795 72
0.002389 17
0.969596 67
0.004138 17
1.036138 70
0.003810 17
1.054874 68
0.003768 17
1.071907 72
0.004180 17
0.995065 71
0.002415 17
1.001947 70
0.002770 17
1.039704 69
0.002292 17
0.983456 68
0.004032 17
1.276541 67
0.004140 17
1.040006 66
0.000133 2
0.002523 15
0.000118 2
1.118007 68
0.000130 2
0.002495 15
0.000116 2
1.223020 64
0.002647 17
1.025319 68
0.000032 2
0.003122 17
1.059277 65
0.003789 17
1.032856 73
0.003108 17
0.981048 67
0.002460 17
1.016803 12
0.144333 66
0.003698 17
1.079381 67
0.002309 17
0.961209 74
0.002513 17
2.038376 68
0.002288 17
1.124335 68
0.002303 17
1.029315 81
0.002332 17
1.079750 68
0.002405 17
1.082673 72
0.004114 17
0.996233 71
0.002287 17
1.024400 65
0.002297 17
1.077903 65
0.003818 17
1.025003 75
0.003464 17
1.061681 67
0.003008 17
1.072674 72
0.002333 15
0.000108 2
1.084586 66
0.002768 15
0.000882 2
1.077908 65
0.003380 17
1.089219 67
0.003421 17
1.020581 69
0.002285 17
0.950753 75
0.002269 17
1.068828 71
0.002301 17
1.114933 78
0.003387 17
1.133062 67
0.003269 17
1.098004 66
0.004181 17
1.126055 67
0.002704 17
1.124994 70
0.000180 2
0.003659 15
0.000148 2
1.118990 65
0.003206 17
1.033423 70
0.002753 17
1.017403 69
0.006386 17
1.135934 64
0.005326 17
1.076553 73
0.002369 17
1.028057 64
0.002536 17
1.062468 68
0.002675 17
0.987510 64
0.002476 17
1.131427 64
0.004251 17
1.147827 65
0.003588 17
1.175812 64
0.003476 17
1.080601 60
0.002857 17
1.287127 57
0.004057 17
0.980018 58
0.002409 17
0.970191 60
0.002312 17
1.009460 70
0.004511 18
0.028251 8
0.003037 21
0.002127 9
0.003090 25
0.002163 9
0.003049 20
0.002108 9
0.003082 20
0.002133 9
0.003053 21
0.002108 9
0.003048 27
0.002132 9
0.003098 19
0.002155 9
0.003004 22
0.003640 7
0.000043 2
0.004614 24
0.003591 7
0.000030 2
0.004104 20
0.002321 9
0.003152 22
0.002274 9
0.003113 24
0.002235 9
0.003125 26
0.002255 9
0.003181 25
0.002226 9
0.003088 29
0.002246 9
0.003195 28
0.003100 9
0.004639 24
0.002965 9
0.003759 27
0.002237 9
0.003320 31
0.002213 9
0.003065 24
0.002130 9
0.003054 25
0.002159 9
0.003128 21
0.002150 9
0.003114 21
0.002369 9
0.003242 24
0.002184 9
0.004565 33
0.004010 9
0.005077 20
0.002981 9
0.003212 25
0.002295 9
0.003001 24
0.002701 9
0.003535 23
0.002240 9
0.003076 22
0.002442 9
0.003053 26
0.002172 9
0.003075 21
0.002229 9
0.004692 22
0.002852 7
0.000030 2
0.004965 27
0.002323 9
0.003070 21
0.002194 9
0.003148 24
0.002215 9
0.003162 23
0.002263 9
0.003186 23
0.002225 9
0.003146 21
0.002247 9
0.003144 22
0.002268 9
0.003187 24
0.003999 9
0.004258 20
0.003142 9
0.003431 26
0.002208 9
0.003236 23
0.002233 9
0.003065 27
0.002214 9
0.003154 26
0.002178 9
0.003088 35
0.002154 9
0.003095 32
0.002191 9
0.003065 31
0.003924 7
0.000030 2
0.004485 21
0.002264 9
0.004028 27
0.002545 9
0.007907 24
0.002883 9
0.003895 27
0.002740 9
0.003933 23
0.002589 9
0.003807 26
0.003411 9
0.007894 28
0.002541 9
0.003162 23
0.002186 9
0.003061 26
0.002163 9
0.003052 24
0.002293 9
0.003079 28
0.002224 9
0.003538 27
0.002520 9
0.003040 26
0.003346 7
0.000121 2
0.004505 25
0.003166 9
0.003115 24
0.002229 9
0.003246 23
0.002319 9
0.003150 24
0.002261 9
0.003146 26
0.002214 9
0.003187 20
0.002297 9
0.003179 26
0.002266 9
0.003136 21
0.002570 9
0.006280 29
0.002314 9
0.003557 23
0.002299 9
0.003170 22
0.002462 9
0.003198 23
0.002311 9
0.003193 30
0.002282 9
0.003248 24
0.002244 9
0.003204 24
0.002326 9
0.003315 37
0.003045 9
0.004668 24
0.002929 9
0.004038 28
0.002305 9
0.003140 27
0.002232 9
0.003223 21
0.002221 9
0.003147 21
0.002245 9
0.003156 31
0.002255 9
0.003144 23
0.002197 9
0.003120 28
0.002239 9
0.005087 22
0.003339 7
0.000026 2
0.003165 21
0.002689 9
0.003710 23
0.002543 9
0.005259 25
0.003710 9
0.004703 31
0.002884 9
0.003982 27
0.002859 9
0.004007 34
0.003862 7
0.000036 2
0.005247 23
0.003222 9
0.003169 22
0.002238 9
0.003263 23
0.002284 9
0.003296 28
0.002281 9
0.003201 21
0.002237 9
0.003181 26
0.002276 9
0.003186 25
0.002572 9
0.005884 20
0.002596 9
0.003461 29
0.002514 9
0.003825 20
0.002636 9
0.003812 24
0.002674 9
0.003755 20
0.002478 9
0.003213 20
0.002310 9
0.003051 21
0.004751 7
0.000126 2
0.006415 20
0.004474 9
0.003172 16
0.002418 9
0.003279 13
0.003400 9
0.003584 14
0.002341 9
0.003189 16
0.002659 9
0.595886 52
0.284187 81
0.550479 36
0.022646 85
0.086779 36
0.018286 80
0.297074 36
0.021899 80
0.042269 36
0.017414 81
0.390252 36
0.018909 87
0.036225 36
0.017468 79
0.049216 36
0.017536 82
1.455383 36
0.025770 84
0.134076 36
0.015003 80
0.146122 36
0.017699 82
0.173703 34
0.000056 2
0.023035 84
0.296234 34
0.000168 2
0.023545 84
0.000144 2
0.125878 36
0.015347 83
0.000031 2
0.492749 36
0.024280 89
0.166312 36
0.025010 88
0.949421 36
0.020614 82
0.000126 2
0.284488 36
0.020222 87
0.089559 36
0.022407 91
0.302304 36
0.019375 84
0.065507 36
0.017071 85
0.045689 36
0.018108 81
0.637705 36
0.018434 81
0.393944 36
0.021750 84
0.099988 36
0.018260 93
0.125832 36
0.018482 80
0.040326 36
0.023278 85
0.037599 36
0.016428 82
0.000029 2
0.061827 36
0.015247 83
0.524834 36
0.023398 82
0.130118 36
0.023144 86
0.167595 36
0.018931 81
0.267056 36
0.019782 82
0.203727 36
0.021285 87
0.273121 36
0.020487 81
0.203432 36
0.015476 84
0.129223 36
0.018466 83
0.388503 36
0.022242 83
0.062360 36
0.016500 81
0.121928 36
0.018899 82
0.407914 36
0.019351 84
0.572561 36
0.023237 80
0.839517 36
0.021014 86
0.073723 36
0.018903 83
0.031201 36
0.015830 87
0.030988 36
0.015284 86
0.249324 36
0.025796 95
0.059522 36
0.023241 92
0.163327 36
0.021404 12
0.004652 91
0.438553 36
0.021917 81
0.128030 36
0.020780 85
0.000036 2
0.311177 36
0.017585 84
0.346798 36
0.021960 87
0.095347 36
0.025238 83
1.201271 36
0.019258 86
0.264904 36
0.021617 88
0.144751 36
0.018791 83
0.150907 36
0.020837 86
0.122183 36
0.022172 84
0.262145 36
0.016301 88
0.109160 36
0.021840 87
0.101898 36
0.019902 86
0.041391 36
0.015213 85
0.031132 36
0.014994 84
0.305047 36
0.022674 83
0.082038 36
0.015563 82
0.000060 2
0.614382 36
0.020507 86
0.055041 36
0.015143 80
0.103442 36
0.016153 84
0.000030 2
0.047199 36
0.015883 81
0.049726 36
0.015800 89
0.622533 36
0.023683 83
2.820124 36
0.021690 82
0.254475 34
0.000186 2
0.019509 83
0.062929 36
0.016031 90
0.104090 36
0.015835 84
0.162881 36
0.023768 84
0.376721 36
0.022108 97
0.069826 36
0.019687 84
0.708151 36
0.022196 88
0.113504 34
0.000156 2
0.027831 85
0.000033 2
0.130875 36
0.018697 81
0.337848 36
0.021733 81
1.385505 36
0.022517 91
0.916307 36
0.022159 83
0.252979 34
0.000176 2
0.029146 88
0.181357 36
0.023415 82
0.320483 36
0.020139 81
1.132251 36
0.018630 83
0.217075 36
0.023580 85
0.337425 34
0.000206 2
0.023946 91
0.083712 36
0.018349 87
0.354739 36
0.022480 94
0.126662 36
0.023558 83
0.529970 36
0.021550 82
0.077495 36
0.016362 83
0.048180 36
0.015936 88
0.180593 36
0.020855 81
0.292970 36
0.021243 86
0.150179 36
0.018123 85
0.315765 36
0.050075 80
0.107960 36
0.015345 89
0.045888 36
0.016135 80
0.571288 36
0.016904 84
0.654192 36
0.023700 80
0.531199 36
0.020758 80
0.401017 36
0.023276 81
0.236569 36
0.024716 78
0.000167 2
0.688541 36
0.019089 76
4.803338 24
0.022364 73
0.208473 36
0.017298 74
0.079381 36
0.015798 76
0.486464 36
0.008956 52
0.000847 28
0.228771 31
0.525998 25
0.321267 31
0.197313 27
0.022459 49
0.000034 2
0.111009 70
0.026909 50
0.000479 16
0.709705 38
1.293115 69
0.159139 351
0.001579 338
0.014226 343
0.000035 2
0.072581 179
0.000061 171
0.067674 188
0.000021 4
0.000051 74
0.000048 2
0.000049 73
0.000047 2
0.000045 2
0.000052 4
0.000061 2
0.045142 348
0.000024 4
0.000246 2
0.028781 4
0.000041 333
0.035305 348
0.109182 335
0.001131 338
0.002067 4
0.000047 90
0.000022 2
0.000021 76
0.000020 2
0.000020 8
0.000021 2
0.000024 2
0.000024 74
0.000023 2
0.000021 73
0.000022 2
0.000019 2
0.000025 4
0.000028 2
0.001972 4
0.000047 89
0.000022 2
0.000021 76
0.000020 2
0.000020 8
0.000020 2
0.000022 2
0.000021 74
0.000020 2
0.000028 75
0.000023 2
0.000025 4
0.000032 2
0.001466 4
0.000042 86
0.000021 2
0.000020 76
0.000020 2
0.000020 8
0.000020 2
0.000023 2
0.000030 74
0.000021 2
0.000020 73
0.000021 2
0.000020 2
0.000023 4
0.000029 2
0.002538 4
0.000050 84
0.000022 2
0.000020 76
0.000020 2
0.000020 8
0.000020 2
0.000021 2
0.000021 74
0.000021 2
0.000020 73
0.000021 2
0.000019 2
0.000026 4
0.000027 2
0.005331 4
0.000047 85
0.000022 2
0.000020 76
0.000021 2
0.000020 8
0.000020 2
0.000023 2
0.000021 74
0.000022 2
0.000076 73
0.000023 2
0.000020 2
0.000023 4
0.000028 2
0.001446 4
0.000037 83
0.000022 2
0.000021 76
0.000020 2
0.000019 8
0.000019 2
0.000020 2
0.000019 74
0.000019 2
0.000020 73
0.000018 2
0.000018 2
0.000022 4
0.000027 2
0.001462 4
0.000042 85
0.000021 2
0.000021 76
0.000021 2
0.000020 8
0.000020 2
0.000022 2
0.000020 74
0.000021 2
0.000022 73
0.000020 2
0.000019 2
0.000024 4
0.000026 2
0.001428 4
0.000042 85
0.000022 2
0.000021 76
0.000020 2
0.000020 8
0.000019 2
0.000019 2
0.000018 74
0.000018 2
0.000020 73
0.000018 2
0.000018 2
0.000021 4
0.000025 2
0.001536 4
0.000045 87
0.000022 2
0.000021 76
0.000020 2
0.000020 8
0.000020 2
0.000021 2
0.000020 74
0.000027 2
0.000022 73
0.000021 2
0.000019 2
0.000023 4
0.000030 2
0.003321 4
0.000045 88
0.000023 2
0.000021 76
0.000020 2
0.000019 8
0.000021 2
0.000020 2
0.000020 74
0.000019 2
0.000020 73
0.000018 2
0.000019 2
0.000022 4
0.000026 2
0.001936 180
0.000034 157
0.000018 2
0.001849 342
0.002986 341
0.003744 342
0.001478 341
0.001444 343
0.001038 339
0.001166 339
0.001863 342
0.003081 340
0.000028 2
0.001219 340
0.003603 340
0.000036 2
0.063294 349
0.000031 2
0.079559 335
0.019674 339
0.008684 337
0.014536 90
0.000017 78
0.000009 10
0.000023 2
0.000009 74
0.000007 2
0.000008 73
0.000008 2
0.000008 2
0.000019 4
0.000026 2
0.006653 328
0.000166 10
0.000972 348
0.000027 2
0.001365 351
0.001307 348
0.000026 2
0.001255 350
0.008868 353
0.001980 357
0.001799 355
0.009288 341
0.011332 338
0.000029 2
0.011680 345
0.000025 2
0.005248 338
0.000026 2
0.010094 353
0.008114 338
0.001183 340
0.021344 344
0.017935 346
0.000027 2
0.019344 340
0.000027 2
0.022543 344
0.000029 2
0.007529 335
0.000028 2
0.007531 338
0.000893 346
0.009965 343
0.003908 344
0.021383 339
0.020142 339
0.007609 340
0.070816 335
0.024859 344
0.000031 2
0.026215 353
0.152851 344
0.020566 337
0.000024 6
0.000049 2
0.025965 347
0.072467 264
0.000068 83
0.062969 352
0.000054 2
0.137840 351
0.099587 344
0.095861 347
0.058244 344
0.062353 344
0.000061 2
0.238871 110
0.226063 334
0.002646 338
0.002143 342
0.031871 350
0.091614 334
0.029872 363
0.396575 364
0.770447 345
0.049740 359
0.000056 2
0.056422 341
0.000057 2
0.022752 351
0.014034 359
0.000034 2
0.600026 347
0.000028 2
0.021840 346
0.023888 109
0.000035 251
6.844241 265
0.000061 85
0.211120 347
0.000023 2
0.473326 346
0.000032 2
0.268214 342
0.000060 2
0.095408 342
0.000043 2
0.042935 344
0.056703 184
0.000085 74
0.000171 83
0.000010 2
0.031360 345
0.100482 344
0.053896 257
0.000250 85
0.241477 353
0.051625 350
0.000020 2
0.000048 8
0.131409 347
0.000067 2
0.185738 357
0.000166 2
0.041541 362
0.000056 2
0.051922 353
0.012339 346
0.022766 345
0.000041 2
0.892087 345
3.308180 21
10.666365 12
27.788619 20
1.738334 131
0.502247 15
0.753398 84
0.000208 2
0.000357 84
0.000052 2
0.003666 72
0.000045 2
0.061547 37
0.000141 2
0.001571 37
0.000125 2
0.012252 25
0.000036 2
0.144549 91
0.000056 2
0.063925 72
0.000044 2
0.036160 44
0.000132 2
0.056524 27
0.029416 74
0.000042 2
0.014546 75
0.018845 29
0.007213 28
0.024671 74
0.000137 2
0.046590 76
0.079604 29
0.000137 29
0.002759 93
0.060377 74
0.004684 75
0.036509 27
0.021206 28
0.017872 56
0.000135 2
0.033088 87
0.028770 40
0.001620 44
0.000135 2
0.025239 31
0.000128 2
0.032151 86
0.001632 87
0.014609 84
0.034444 40
0.003014 37
0.000366 2
0.035580 37
0.000128 85
0.003019 87
0.030192 88
0.004349 40
0.003116 38
0.075891 87
0.035453 40
0.010169 39
0.000143 2
0.001209 86
0.018976 86
0.022725 84
0.019657 37
0.000142 2
0.009326 37
0.000134 2
0.012458 37
0.015376 87
0.008693 56
0.009515 61
0.000135 2
0.024874 38
0.000132 2
0.002774 31
0.019374 36
0.001619 2
0.016607 88
0.038594 28
0.000141 2
0.003441 40
0.027822 137
0.057945 52
0.003964 2
1.091365 28
0.000148 2
0.021837 48
0.000153 2
0.005374 51
0.073478 53
0.000142 2
0.048113 52
0.000176 2
0.004933 54
0.085664 48
0.000155 2
0.005775 61
0.050522 49
0.000446 2
0.010614 56
0.050618 55
0.032126 56
0.049270 52
0.000135 2
0.002929 56
0.058924 52
0.000151 59
0.000057 2
0.005796 8
0.000121 2
0.000051 9
0.000051 9
0.000046 4
0.000046 4
0.000048 154
0.000095 4
0.000054 2
0.049555 56
0.009675 49
0.000036 2
0.061885 56
0.008774 62
0.050244 56
0.043197 61
0.033220 52
0.058236 52
0.000149 2
0.013684 51
0.044106 52
0.020904 62
0.038898 57
0.009640 61
0.083621 54
0.004904 48
0.000156 2
0.056152 50
0.000040 2
0.026315 35
0.023139 55
0.000138 2
0.039366 50
0.057381 144
0.005388 35
0.040767 190
0.000174 6
0.024583 60
0.059017 54
0.076369 55
0.054316 52
0.071317 57
0.064059 56
0.068224 58
0.051524 61
0.054507 61
0.069690 58
0.078927 56
0.000140 2
0.061075 56
0.000032 2
0.134127 55
0.055128 58
0.048772 59
0.052872 61
0.149709 53
0.045985 55
0.059718 63
0.047187 37
0.020341 170
0.041669 196
0.584740 22
0.000084 149
0.000054 1
0.000051 2
0.000052 1
0.000116 2
0.000119 22
0.000151 147
0.000141 1
0.000112 2
0.000114 1
0.000104 2
0.000118 22
0.000122 130
0.000128 1
0.000113 1
0.000109 1
0.000105 2
0.000159 22
0.000103 138
0.000126 1
0.000102 2
0.000114 1
0.000105 2
0.000120 22
0.000117 148
0.000131 1
0.000109 2
0.000109 1
0.000102 2
0.000127 4
0.000124 146
0.000131 1
0.000107 3
0.000110 1
0.000108 1
0.000108 1
0.000107 1
0.000117 4
0.000115 9
0.000107 7
0.000122 4
0.000110 4
0.000113 2
0.000119 6
0.000113 12
0.000199 1
0.000055 11
0.000054 1
0.000053 2
0.000051 1
0.000128 11
0.000074 1
0.000052 4
0.000053 1
0.000053 1
0.000052 1
0.000111 5
0.000056 1
0.000053 10
0.000049 1
0.000049 4
0.000105 1
0.000055 2
0.000047 1
0.000049 4
0.000049 1
0.000138 9
0.000056 1
0.000048 2
0.000049 1
0.000048 1
0.000048 1
0.000050 10
0.000047 1
0.000048 12
0.000103 1
0.000054 7
0.000050 1
0.000052 4
0.000050 1
0.000052 2
0.000113 1
0.000058 12
0.000054 2
0.000053 6
0.000056 24
0.000127 4
0.000057 2
0.000120 46
0.000129 2
0.000059 9
0.000052 44
0.000117 2
0.000056 4
0.000115 4
0.000127 154
0.000058 1
0.000055 3
0.000053 1
0.000053 2
0.000121 1
0.000055 1
0.000054 4
0.000053 9
0.000053 6
0.000052 4
0.000118 2
0.000055 6
0.000054 8
0.000052 1
0.000052 4
0.000052 1
0.000116 5
0.000059 1
0.000053 9
0.000052 4
0.000053 2
0.000187 101
0.000122 2
0.000058 9
0.000426 101
0.000160 2
0.000120 4
0.000141 4
0.000115 154
0.000123 1
0.000109 3
0.000108 1
0.000106 2
0.000125 1
0.000058 1
0.000051 4
0.000123 9
0.000057 6
0.000052 4
0.000054 2
0.000051 6
0.000149 8
0.000057 1
0.000050 4
0.000051 1
0.000051 5
0.000051 1
0.000072 22
0.000166 156
0.000071 21
0.000058 4
0.000053 2
0.000215 1
0.000061 2
0.000127 1
0.000048 2
0.000053 22
0.000071 51
0.000154 2
0.000076 154
0.000058 1
0.000054 2
0.000162 9
0.000148 48
0.000069 1
0.000141 2
0.000064 22
0.000067 2
0.000061 4
0.000105 149
0.000169 1
0.000054 2
0.000065 1
0.000110 2
0.000067 4
0.000059 154
0.000165 22
0.000064 130
0.000066 1
0.000144 3
0.000072 1
0.000054 1
0.000064 1
0.000135 2
0.000073 1
0.000104 2
0.000063 22
0.000067 1
0.000123 1
0.000076 138
0.000053 1
0.000137 4
0.000055 9
0.000065 2
0.000115 1
0.000056 2
0.000062 6
0.000136 4
0.000073 22
0.000057 148
0.000159 2
0.000061 6
0.000065 1
0.000135 2
0.000069 8
0.000054 1
0.000066 1
0.000125 2
0.000065 4
0.000066 4
0.000146 1
0.000073 146
0.000134 1
0.000070 5
0.000055 1
0.000065 3
0.000128 1
0.000073 17
0.000123 4
0.000068 1
0.000053 1
0.000127 2
0.000202 86
0.000182 1
0.000121 4
0.000056 9
0.000114 7
0.000055 4
0.000052 4
0.000053 2
0.000052 6
0.000163 2
0.000067 9
0.000065 12
0.000147 1
0.000055 11
0.000068 60
0.000055 2
0.000160 1
0.000060 2
0.000066 4
0.001097 1
0.000197 11
0.000111 1
0.000107 4
0.000101 1
0.000102 1
0.000107 1
0.000109 5
0.000104 1
0.000105 10
0.000105 1
0.000118 4
0.000106 1
0.000105 2
0.000104 1
0.000104 4
0.000103 1
0.000102 9
0.000107 1
0.000104 2
0.000102 1
0.000110 1
0.000103 1
0.000104 10
0.000107 1
0.000105 12
0.000144 1
0.000051 7
0.000094 1
0.000052 4
0.000049 1
0.000109 2
0.000055 1
0.000054 12
0.000050 2
0.000139 6
0.000054 24
0.000050 4
0.000050 2
0.000127 46
0.000172 2
0.000116 9
0.000054 44
0.000049 2
0.000050 4
0.000119 4
0.000249 154
0.000155 1
0.000055 3
0.000048 1
0.000049 2
0.000048 1
0.000048 1
0.000137 4
0.000055 9
0.000049 6
0.000047 4
0.000048 2
0.000131 6
0.000052 8
0.000048 1
0.000047 4
0.000048 1
0.000134 5
0.000053 1
0.000050 9
0.000049 4
0.000051 2
0.000164 101
0.000191 2
0.000121 9
0.000056 101
0.000048 2
0.000137 4
0.000095 4
0.000124 154
0.000055 1
0.000052 3
0.000049 1
0.000126 2
0.000054 1
0.000050 1
0.000051 4
0.000050 9
0.000138 6
0.000055 4
0.000056 2
0.000050 6
0.000051 8
0.000124 1
0.000049 4
0.000048 1
0.000047 5
0.000047 1
0.000112 21
0.000056 4
0.000051 2
0.000098 51
0.000144 2
0.000144 9
0.000056 48
0.000053 2
0.000049 4
0.000084 4
0.000152 154
0.000058 1
0.000052 3
0.000049 1
0.000123 2
0.000068 1
0.000051 1
0.000052 4
0.000053 9
0.003293 6
0.000200 4
0.000112 2
0.000107 6
0.000101 8
0.000104 1
0.000099 4
0.000101 1
0.000097 5
0.000104 1
0.000102 17
0.000103 4
0.000100 2
0.000191 86
0.000131 2
0.000109 9
0.000107 60
0.000111 2
0.000125 4
0.023827 189
0.000016 3
0.000140 528
0.000009 3
0.000098 485
0.000009 1
0.000083 36
0.000040 24
0.000040 6
0.000052 48
0.000017 9
0.000019 50
0.000062 158
0.000029 1
0.000009 3
0.000049 9
0.000016 9
0.000020 31
0.000008 1
0.000014 5
0.000008 1
0.000052 15
0.000053 112
0.000016 101
0.000019 6
0.000007 4
0.000016 154
0.000007 1
0.000008 3
0.000008 1
0.000064 27
0.000009 2
0.000047 20
0.000008 5
0.000048 81
0.000008 9
0.000009 48
0.000052 2
0.002464 4
0.000177 404
0.027608 22
0.001994 171
0.000197 156
0.000009 1
0.000008 2
0.000055 3
0.000017 22
0.000062 154
0.000007 1
0.000061 2
0.000008 1
0.000046 2
0.000022 22
0.000074 149
0.000007 1
0.000092 3
0.000007 2
0.000045 22
0.000007 130
0.000048 2
0.000044 3
0.000044 22
0.000007 138
0.000045 1
0.000007 2
0.000051 3
0.000016 22
0.000061 148
0.000007 1
0.000099 2
0.000008 1
0.000005 2
0.000057 4
0.000007 154
0.000056 1
0.000007 2
0.000063 1
0.000007 1
0.000044 2
0.000044 4
0.000008 9
0.000048 11
0.000075 4
0.000015 2
0.000061 19
0.000007 11
0.000047 1
0.000007 2
0.000056 1
0.000006 11
0.000045 5
0.000015 1
0.000059 1
0.000006 1
0.000042 5
0.000007 1
0.000062 10
0.000006 1
0.000041 4
0.000006 1
0.000060 2
0.000007 1
0.000062 4
0.000007 1
0.000040 9
0.000007 1
0.000051 3
0.000021 1
0.000048 1
0.000006 10
0.000056 1
0.000007 12
0.000054 1
0.000006 7
0.000056 1
0.000007 4
0.000070 3
0.000014 1
0.000055 14
0.000007 6
0.000055 24
0.000007 4
0.000048 2
0.000102 55
0.000007 2
0.000094 9
0.000007 53
0.000053 6
0.000091 4
0.000008 154
0.000048 1
0.000008 3
0.000044 1
0.000007 2
0.000063 1
0.000007 1
0.000054 4
0.000007 9
0.000045 6
0.000007 4
0.000073 2
0.000008 6
0.000062 8
0.000007 1
0.000055 10
0.000007 1
0.000045 13
0.000006 2
0.000128 112
0.000009 101
0.000065 6
0.000017 4
0.000062 182
0.000049 4
0.000013 2
0.000056 14
0.000007 1
0.000046 10
0.000007 1
0.000047 27
0.000074 53
0.000014 9
0.000059 54
0.000071 4
0.000008 154
0.000049 5
0.000007 2
0.000042 6
0.000008 9
0.000041 12
0.000007 6
0.000049 14
0.000007 5
0.000042 22
0.000007 2
0.000083 97
0.000007 60
0.000058 6
0.001445 22
0.000029 1070
0.000248 2
0.000063 1
0.000050 3
0.000016 2
0.000051 170
0.000007 2
0.000059 3
0.000016 22
0.000059 130
0.000007 1
0.000056 1
0.000007 1
0.000046 2
0.000007 22
0.000121 138
0.000011 1
0.000008 2
0.000062 3
0.000015 22
0.000083 148
0.000007 1
0.000067 2
0.000007 1
0.000048 2
0.000016 4
0.000061 154
0.000007 1
0.000060 2
0.000007 1
0.000049 1
0.000007 1
0.000037 1
0.000014 4
0.000047 16
0.000007 4
0.000045 4
0.000014 2
0.000097 18
0.000016 33
0.000074 1
0.000007 1
0.000041 5
0.000007 1
0.000041 10
0.000007 1
0.000058 4
0.000007 1
0.000056 2
0.000007 1
0.000059 5
0.000045 9
0.000007 1
0.000045 4
0.000007 1
0.000040 23
0.000007 1
0.000044 12
0.000007 1
0.000045 15
0.000008 2
0.000056 30
0.000021 6
0.000101 57
0.000008 9
0.000057 59
0.000071 4
0.000009 154
0.000050 4
0.000007 1
0.000043 4
0.000007 4
0.000044 19
0.000009 2
0.000077 14
0.000007 1
0.000047 10
0.000014 1
0.000055 15
0.000091 101
0.000008 2
0.000054 112
0.000007 4
0.000088 158
0.000007 1
0.000060 4
0.000017 2
0.000041 1
0.000007 1
0.000042 13
0.000007 6
0.000050 12
0.000007 8
0.000052 6
0.000007 5
0.000049 28
0.000074 51
0.000007 2
0.000051 9
0.000007 48
0.000046 6
0.000018 4
0.000052 154
0.000007 1
0.000053 3
0.000007 1
0.000037 2
0.000006 1
0.000039 14
0.000013 6
0.000055 6
0.000007 6
0.000048 9
0.000007 4
0.000039 7
0.000008 17
0.000053 6
0.000103 97
0.000016 60
0.000053 2
0.000007 4
0.002168 174
0.001055 18
0.000012 1
0.000145 11
0.000008 1
0.000062 2
0.000007 1
0.000047 11
0.000007 1
0.000053 4
0.000007 1
0.000054 1
0.000007 1
0.000059 5
0.000007 1
0.000040 10
0.000006 1
0.000054 4
0.000007 1
0.000059 2
0.000007 1
0.000038 4
0.000007 1
0.000051 9
0.000007 1
0.000051 2
0.000007 1
0.000050 1
0.000006 1
0.000051 10
0.000007 1
0.000040 12
0.000006 1
0.000055 8
0.000015 4
0.000062 1
0.000007 2
0.000058 1
0.000007 12
0.000042 2
0.000006 6
0.000083 24
0.000008 4
0.000050 2
0.000107 55
0.000007 2
0.000077 9
0.000008 53
0.000043 2
0.000007 4
0.000088 4
0.000008 154
0.000063 4
0.000017 1
0.000048 2
0.000007 1
0.000048 1
0.000007 4
0.000051 9
0.000006 6
0.000052 4
0.000014 2
0.000068 6
0.000008 8
0.000064 1
0.000008 4
0.000064 1
0.000007 5
0.000063 1
0.000007 9
0.000062 4
0.000007 2
0.000130 101
0.000007 2
0.000080 9
0.000008 101
0.000073 2
0.000008 4
0.000085 4
0.000007 154
0.000044 1
0.000014 3
0.000051 1
0.000007 2
0.000063 2
0.000043 4
0.000008 9
0.000041 6
0.000008 4
0.000098 2
0.000007 6
0.000069 8
0.000009 1
0.000071 4
0.000007 1
0.000063 5
0.000007 1
0.000052 21
0.000007 4
0.000043 2
0.000072 51
0.000008 2
0.000064 57
0.000007 2
0.000070 4
0.000063 4
0.000008 154
0.000043 1
0.000007 3
0.000037 1
0.000007 2
0.000042 1
0.000007 1
0.000060 4
0.000007 9
0.000048 6
0.000007 4
0.000054 8
0.000052 8
0.000009 1
0.000040 4
0.000007 1
0.000042 5
0.000008 1
0.000040 17
0.000008 4
0.000048 2
0.000096 86
0.000007 2
0.000078 9
0.000007 60
0.000052 2
0.000007 4
0.002270 22
0.000011 22
0.000069 344
0.000168 3
0.000067 22
0.000009 147
0.000070 1
0.000007 2
0.000063 3
0.000015 22
0.000084 130
0.000008 1
0.000069 1
0.000008 1
0.000054 2
0.000007 22
0.000057 138
0.000007 1
0.000070 2
0.000007 1
0.000040 2
0.000007 22
0.000064 148
0.000009 1
0.000074 2
0.000007 1
0.000053 2
0.000015 4
0.000062 152
0.000007 1
0.000064 2
0.000017 1
0.000060 4
0.000007 9
0.000059 7
0.000007 4
0.000055 4
0.000013 2
0.000066 19
0.000007 11
0.000044 3
0.000019 1
0.000061 11
0.000007 1
0.000055 4
0.000007 1
0.000057 1
0.000007 1
0.000057 5
0.000007 1
0.000060 10
0.000008 1
0.000070 4
0.000006 1
0.000070 3
0.000015 4
0.000064 1
0.000007 9
0.000059 3
0.000049 1
0.000006 1
0.000058 1
0.000006 10
0.000067 1
0.000007 12
0.000061 1
0.000007 7
0.000064 5
0.000014 1
0.000049 23
0.000007 24
0.000049 4
0.000007 2
0.000122 53
0.000007 2
0.000077 9
0.000014 51
0.000058 6
0.000073 4
0.000008 154
0.000099 5
0.000007 2
0.000049 1
0.000007 1
0.000047 4
0.000007 9
0.000039 6
0.000007 4
0.000089 8
0.000016 8
0.000044 1
0.000008 4
0.000042 7
0.000007 9
0.000043 6
0.000086 112
0.000008 101
0.000058 6
0.000018 4
0.000051 154
0.000007 1
0.000052 3
0.000007 1
0.000041 2
0.000007 1
0.000043 14
0.000007 6
0.000051 6
0.000007 6
0.000048 14
0.000007 5
0.000044 26
0.000008 2
0.000074 62
0.000008 48
0.000055 6
0.000020 158
0.000047 1
0.000008 3
0.000040 4
0.000007 1
0.000043 13
0.000007 6
0.000068 6
0.000007 6
0.000046 13
0.000007 1
0.000041 23
0.000008 4
0.000044 2
0.000074 88
0.000007 9
0.000062 66
0.001696 164
0.000011 1
0.000151 22
0.000082 149
0.000007 1
0.000064 2
0.000007 1
0.000035 2
0.000015 22
0.000056 132
0.000006 1
0.000053 2
0.000007 22
0.000046 138
0.000007 1
0.000069 2
0.000009 1
0.000005 2
0.000060 22
0.000008 148
0.000052 1
0.000007 2
0.000051 3
0.000050 4
0.000008 148
0.000049 1
0.000007 3
0.000050 1
0.000007 1
0.000053 1
0.000007 1
0.000059 4
0.000007 9
0.000056 11
0.000015 4
0.000058 2
0.000007 6
0.000059 12
0.000006 1
0.000040 11
0.000007 1
0.000054 2
0.000007 1
0.000063 12
0.000015 4
0.000059 1
0.000007 1
0.000060 1
0.000007 5
0.000051 1
0.000007 10
0.000042 5
0.000014 1
0.000045 17
0.000006 1
0.000046 2
0.000006 1
0.000055 1
0.000006 1
0.000051 10
0.000007 1
0.000049 12
0.000006 1
0.000052 7
0.000007 1
0.000056 4
0.000006 1
0.000038 2
0.000007 1
0.000052 12
0.000007 2
0.000091 6
0.000008 24
0.000090 6
0.000108 53
0.000008 2
0.000083 9
0.000007 51
0.000067 6
0.000081 4
0.000008 154
0.000069 1
0.000006 3
0.000041 1
0.000006 2
0.000062 1
0.000007 1
0.000072 13
0.000016 6
0.000075 4
0.000007 2
0.000048 6
0.000007 8
0.000094 1
0.000007 4
0.000058 1
0.000007 5
0.000059 1
0.000006 9
0.000058 4
0.000006 2
0.000148 103
0.000063 9
0.000069 101
0.000007 2
0.000074 4
0.000068 4
0.000015 154
0.000062 4
0.000008 1
0.000039 2
0.000006 1
0.000043 5
0.000016 9
0.000070 10
0.000007 2
0.000049 14
0.000013 1
0.000047 10
0.000007 1
0.000043 25
0.000016 2
0.000092 51
0.000007 2
0.000072 9
0.000007 48
0.000050 2
0.000008 4
0.000096 4
0.000008 154
0.000051 1
0.000007 3
0.000059 1
0.000007 2
0.000066 1
0.000007 1
0.000041 4
0.000007 9
0.000063 6
0.000007 4
0.000061 2
0.000007 6
0.000072 13
0.000007 1
0.000047 6
0.000007 17
0.000044 6
0.000088 88
0.000007 9
0.000062 66
0.001634 5
0.000012 22
0.000173 181
0.000008 2
0.000071 3
0.000017 22
0.000060 130
0.000007 1
0.000049 26
0.000008 138
0.000054 1
0.000007 2
0.000038 3
0.000016 22
0.000060 148
0.000009 1
0.000072 3
0.000015 2
0.000065 4
0.000008 148
0.000062 1
0.000007 3
0.000057 2
0.000016 1
0.000055 1
0.000007 4
0.000043 9
0.000007 7
0.000062 4
0.000007 4
0.000044 8
0.000016 12
0.000064 1
0.000007 11
0.000052 1
0.000007 2
0.000049 1
0.000007 11
0.000055 1
0.000007 4
0.000042 8
0.000007 1
0.000052 10
0.000007 1
0.000056 4
0.000007 1
0.000065 3
0.000018 4
0.000047 1
0.000006 9
0.000049 1
0.000007 2
0.000053 1
0.000007 1
0.000042 12
0.000007 12
0.000052 8
0.000043 1
0.000006 4
0.000041 4
0.000007 12
0.000051 2
0.000007 6
0.000076 24
0.000007 4
0.000042 2
0.000102 53
0.000009 2
0.000082 60
0.000016 2
0.007254 4
0.000031 4
0.000015 154
0.000007 1
0.000014 3
0.000006 1
0.000013 2
0.000007 1
0.000006 1
0.000013 4
0.000007 9
0.000013 6
0.000007 4
0.000016 2
0.000007 6
0.000011 8
0.000007 1
0.000018 5
0.000007 5
0.000014 1
0.000006 9
0.000006 4
0.000007 2
0.000053 112
0.000007 101
0.000006 2
0.000014 4
0.000022 4
0.000007 154
0.000006 1
0.000015 3
0.000005 1
0.000006 2
0.000007 1
0.000006 1
0.000014 4
0.000006 9
0.000005 6
0.000007 4
0.000012 2
0.000007 6
0.000012 8
0.000006 1
0.000013 4
0.000006 1
0.000016 5
0.000006 1
0.000011 21
0.000007 4
0.000014 2
0.000031 53
0.000015 9
0.000007 48
0.000006 2
0.000016 4
0.000015 4
0.000016 163
0.000006 4
0.000011 9
0.000007 6
0.000014 4
0.000006 2
0.000006 6
0.000006 8
0.000007 1
0.000013 4
0.000006 1
0.000014 5
0.000006 1
0.000006 17
0.000006 4
0.000015 2
0.000036 86
0.000005 2
0.000006 9
0.000007 60
0.000014 2
0.000007 4
0.009313 174
0.000535 172
0.000096 697
0.000008 166
0.000019 3
0.000020 3
0.000020 22
0.000020 3
0.000022 4
0.000014 148
0.000022 130
0.000018 2
0.000012 1
0.000014 2
0.000014 1
0.000015 3
0.000007 1
0.000020 160
0.000019 1
0.000007 1
0.000020 4
0.000014 2
0.000015 4
0.000016 1
0.000007 4
0.000012 9
0.000009 7
0.000020 149
0.000018 4
0.000009 4
0.000020 5
0.000018 2
0.000009 6
0.000019 2
0.000018 12
0.000008 1
0.000019 13
0.000018 11
0.000007 1
0.000021 17
0.000020 3
0.000019 11
0.000017 6
0.000008 12
0.000019 5
0.000018 1
0.000007 11
0.000020 3
0.000020 1
0.000007 2
0.000016 1
0.000016 5
0.000009 1
0.000018 12
0.000017 10
0.000009 1
0.000018 5
0.000021 5
0.000024 2
0.000016 1
0.000007 1
0.000013 5
0.000020 5
0.000023 1
0.000017 1
0.000007 10
0.000008 1
0.000019 12
0.000017 4
0.000009 1
0.000018 2
0.000020 2
0.000006 1
0.000016 4
0.000019 1
0.000007 10
0.000016 1
0.000021 12
0.000018 1
0.000011 9
0.000006 1
0.000019 2
0.000014 14
0.000014 2
0.000014 1
0.000012 1
0.000007 1
0.000018 13
0.000020 10
0.000018 2
0.000021 1
0.000007 12
0.000019 6
0.000020 1
0.000205 7
0.000009 24
0.000021 6
0.000017 1
0.000007 4
0.000014 1
0.000021 2
0.000019 1
0.000018 12
0.000007 2
0.000056 30
0.000007 4
0.000014 2
0.000048 61
0.000019 61
0.000012 2
0.000011 9
0.000007 59
0.000012 2
0.000007 4
0.000018 11
0.000022 59
0.000019 2
0.000023 4
0.000033 4
0.000017 4
0.000012 154
0.000007 1
0.000012 3
0.000009 1
0.000021 158
0.000017 2
0.000009 1
0.000019 4
0.000017 1
0.000007 4
0.000020 19
0.000462 2
0.000012 1
0.000018 4
0.000006 9
0.000013 6
0.000007 4
0.000012 2
0.000007 6
0.000013 8
0.000006 1
0.000013 4
0.000006 1
0.000012 5
0.000011 1
0.000007 9
0.000013 4
0.000006 2
0.000068 219
0.000029 4
0.000006 154
0.000006 1
0.000006 3
0.000017 1
0.000006 2
0.000012 1
0.000006 1
0.000013 4
0.000007 9
0.000006 6
0.000012 4
0.000011 2
0.000007 6
0.000012 8
0.000007 1
0.000012 4
0.000007 1
0.000016 5
0.000007 1
0.000015 21
0.000007 4
0.000006 2
0.000029 53
0.000007 9
0.000012 48
0.000006 2
0.000014 4
0.000017 4
0.000012 154
0.000006 1
0.000006 3
0.000013 1
0.000006 2
0.000013 1
0.000006 1
0.000007 4
0.000012 9
0.000007 6
0.000014 4
0.000005 2
0.000007 6
0.000006 8
0.000014 1
0.000005 4
0.000006 1
0.000007 5
0.000012 1
0.000008 17
0.000018 22
0.000018 192
0.000018 180
0.000015 6
0.000024 8
0.000019 1
0.000019 4
0.000022 1
0.000007 5
0.000019 1
0.000022 9
0.000006 4
0.000020 2
0.000042 103
0.000394 110
0.000012 6
0.000048 158
0.000005 1
0.000007 3
0.000006 1
0.000014 2
0.000006 1
0.000013 1
0.000007 4
0.000012 9
0.000007 6
0.000013 4
0.000007 2
0.000012 6
0.000011 8
0.000007 1
0.000013 4
0.000006 1
0.000007 5
0.000012 1
0.000007 21
0.000013 4
0.000006 2
0.000039 110
0.000007 2
0.000017 4
0.000061 165
0.001067 2
0.000012 4
0.000019 2
0.000054 97
0.000020 1
0.000016 4
0.000015 9
0.000020 2
0.000007 1
0.000014 2
0.000015 22
0.000017 6
0.000007 4
0.000020 17
0.000020 130
0.000008 1
0.000030 10
0.000017 1
0.000009 1
0.000020 24
0.000027 60
0.000013 2
0.000017 1
0.000012 17
0.000020 138
0.000018 4
0.000018 4
0.000017 1
0.000024 2
0.000023 2
0.000557 22
0.000066 3
0.000030 4
0.000396 149
0.000020 86
0.000018 2
0.000013 9
0.000016 66
0.000575 22
0.000547 149
0.000441 1
0.000011 3
0.000016 1
0.000007 1
0.000013 1
0.000007 1
0.000019 24
0.000007 4
0.000018 8
0.000006 12
0.000013 1
0.000007 11
0.000013 1
0.000007 2
0.000012 1
0.000007 11
0.000007 1
0.000012 4
0.000007 1
0.000012 1
0.000007 1
0.000012 5
0.000007 1
0.000012 10
0.000007 1
0.000012 4
0.000006 1
0.000012 2
0.000007 1
0.000016 4
0.000005 1
0.000007 9
0.000014 1
0.000006 2
0.000006 1
0.000013 1
0.000007 1
0.000013 10
0.000024 1
0.000035 12
0.000006 1
0.000012 7
0.000006 1
0.000013 4
0.000006 1
0.000013 2
0.000006 1
0.000013 12
0.000007 2
0.000014 6
0.000005 24
0.000007 4
0.000015 2
0.000089 61
0.000835 76
0.000038 190
0.000022 43
0.000064 219
0.000024 186
0.000021 59
0.000026 116
0.000023 190
0.000018 51
0.000030 97
0.000020 66
0.001239 156
0.000033 692
0.000017 185
0.000027 56
0.000016 42
0.000025 49
0.000016 30
0.003606 164
0.000029 214
0.000020 121
0.000042 180
0.000019 51
0.000016 2
0.000026 112
0.000033 278
0.000024 74
0.000022 62
0.000028 221
0.000018 50
0.000015 24
0.000438 2
0.000030 657
0.000111 4
0.000019 55
0.000051 3
0.000059 148
0.002732 1089
0.000697 157
0.000011 1
0.000083 1
0.000007 1
0.000061 4
0.000007 9
0.000041 7
0.000007 4
0.000050 4
0.000007 2
0.000049 6
0.000006 12
0.000053 1
0.000007 11
0.000057 1
0.000007 2
0.000048 1
0.000007 11
0.000050 1
0.000007 4
0.000055 1
0.000007 1
0.000050 1
0.000006 5
0.000056 1
0.000007 10
0.000050 1
0.000007 4
0.000055 1
0.000007 2
0.000050 1
0.000007 4
0.000056 1
0.000007 9
0.000050 1
0.000006 2
0.000050 1
0.000007 1
0.000056 1
0.000007 10
0.000048 1
0.000007 12
0.000049 1
0.000007 7
0.000049 1
0.000007 4
0.000068 3
0.000007 1
0.000061 12
0.000041 152
0.000005 1
0.000020 35
0.000012 2
0.000007 6
0.000050 28
0.000007 11
0.000035 7
0.000007 1
0.000031 17
0.000025 4
0.000053 60
0.000006 1
0.000006 2
0.000035 21
0.000050 24
0.000007 59
0.000006 2
0.000006 9
0.000056 215
0.000008 1
0.000050 74
0.000053 417
0.000008 8
0.000067 39
0.000058 116
0.000049 165
0.000013 1
0.000016 26
0.000006 6
0.000011 8
0.000007 1
0.000044 32
0.000014 2
0.000048 163
0.000072 2
0.000054 6
0.000071 24
0.000055 4
0.000053 2
0.000105 53
0.000062 2
0.000054 9
0.000054 51
0.000056 2
0.000059 4
0.000074 4
0.000056 154
0.000060 1
0.000051 3
0.000050 1
0.000051 2
0.000049 1
0.000050 1
0.000051 4
0.000054 9
0.000054 6
0.000058 4
0.000057 2
0.000054 6
0.000052 8
0.000050 1
0.000049 4
0.000049 1
0.000051 5
0.000049 1
0.000053 9
0.000054 4
0.000053 2
0.000105 101
0.000063 2
0.000057 9
0.000054 101
0.000053 2
0.000058 4
0.000275 4
0.000102 154
0.000055 1
0.000049 3
0.000049 1
0.000051 2
0.000049 1
0.000048 1
0.000048 4
0.000052 9
0.000051 6
0.000058 4
0.000053 2
0.000055 6
0.000048 8
0.000050 1
0.000047 4
0.000058 1
0.000046 5
0.000047 1
0.000045 21
0.000049 4
0.000047 2
0.000076 51
0.000049 2
0.000050 9
0.000047 48
0.000048 2
0.000051 4
0.000062 4
0.000048 154
0.000051 1
0.000044 3
0.000045 1
0.000044 2
0.000046 1
0.000044 1
0.000048 4
0.000050 9
0.000049 6
0.000054 4
0.000050 2
0.000050 6
0.000049 8
0.000050 1
0.000047 4
0.000049 1
0.000050 5
0.000049 1
0.000048 17
0.000050 4
0.000050 2
0.000092 86
0.000055 2
0.000052 9
0.000052 60
0.000052 2
0.000055 4
0.000128 86
0.000026 77
0.892209 22
0.000195 187
0.000048 565
0.000097 499
0.000240 969
0.000026 55
0.000023 116
0.000026 190
0.000023 51
0.000207 163
0.000118 149
0.000088 1
0.000072 2
0.000070 1
0.000070 2
0.000081 22
0.000079 147
0.000094 1
0.000071 2
0.000070 1
0.000065 2
0.000073 22
0.000094 133
0.000086 1
0.000072 1
0.000068 1
0.000066 2
0.000079 22
0.000081 143
0.000080 1
0.000073 1
0.000070 1
0.000085 2
0.000096 22
0.000076 154
0.000092 1
0.000073 2
0.000069 1
0.000066 2
0.000073 22
0.000070 150
0.000093 1
0.000076 2
0.000068 1
0.000065 2
0.000077 4
0.000078 150
0.000082 1
0.000071 2
0.000071 1
0.000070 1
0.000069 1
0.000070 1
0.000071 4
0.000073 9
0.000072 7
0.000073 4
0.000076 4
0.000071 2
0.000078 6
0.000068 12
0.000068 1
0.000065 11
0.000069 1
0.000065 2
0.000075 22
0.000053 543
0.000037 512
0.000105 316
0.000045 780
0.000029 348
0.000025 61
0.000028 39
0.000024 27
0.000025 41
0.000022 50
0.000339 1291
0.000029 75
0.000267 1
0.000097 11
0.000073 1
0.000071 4
0.000070 1
0.000069 1
0.000072 1
0.000069 5
0.000069 1
0.000070 10
0.000070 1
0.000070 4
0.000068 1
0.000072 2
0.000070 1
0.000070 4
0.000069 1
0.000068 9
0.000070 1
0.000070 2
0.000067 1
0.000071 1
0.000066 1
0.000067 10
0.000069 1
0.000071 12
0.000097 11
0.000084 79
0.000032 73
0.000025 6
0.000047 58
0.000024 51
0.000033 171
0.000040 62
0.000072 219
0.000029 180
0.000028 59
0.000022 6
0.000023 116
0.000071 190
0.000024 51
0.000037 163
0.000288 1
0.000093 7
0.000079 1
0.000072 4
0.000068 1
0.000073 2
0.000075 1
0.000075 12
0.000077 2
0.000079 6
0.000075 24
0.000079 4
0.000080 2
0.000131 47
0.000081 2
0.000078 9
0.000079 45
0.000079 2
0.000081 4
0.000102 4
0.000081 154
0.000084 1
0.000075 3
0.000072 1
0.000077 2
0.000069 1
0.000070 1
0.000072 4
0.000074 9
0.000075 6
0.000080 4
0.000074 2
0.000076 6
0.000080 8
0.000072 1
0.000072 4
0.000074 1
0.000072 5
0.000077 1
0.000104 9
0.000077 4
0.000076 2
0.000147 101
0.000086 2
0.000078 9
0.000078 101
0.000084 2
0.000093 4
0.000099 4
0.000079 154
0.000085 1
0.000072 3
0.000071 1
0.000564 22
0.000047 703
0.000053 496
0.000041 75
0.000051 50
0.000039 55
0.000026 38
0.000075 149
0.000031 162
0.000031 28
0.000027 37
0.000019 6
0.000049 112
0.000043 274
0.000028 51
0.000024 27
0.000023 116
0.000028 171
0.000027 47
0.000023 23
0.000040 97
0.000025 66
0.000442 2
0.000100 22
0.000088 560
0.000109 669
0.000025 38
0.000040 51
0.000047 44
0.000071 159
0.000046 74
0.000052 219
0.000061 245
0.000028 62
0.000018 48
0.000068 6
0.000055 241
0.000050 163
0.000324 1
0.000075 1
0.000062 4
0.000062 9
0.000062 6
0.000061 4
0.000063 2
0.000070 6
0.000061 8
0.000061 1
0.000057 4
0.000059 1
0.000058 5
0.000060 1
0.000060 21
0.000064 4
0.000065 2
0.000102 51
0.000068 2
0.000063 9
0.000065 48
0.000064 2
0.000065 4
0.000082 4
0.000066 154
0.000070 1
0.000062 3
0.000061 1
0.000061 2
0.000058 1
0.000060 1
0.000058 4
0.000061 9
0.000064 6
0.000068 4
0.000063 2
0.000067 6
0.000063 8
0.000063 1
0.000062 4
0.000082 1
0.000061 5
0.000062 1
0.000061 17
0.000063 4
0.000063 2
0.000115 86
0.000073 2
0.000065 9
0.000068 60
0.000066 2
0.000064 4
0.000442 361
0.000094 866
0.000038 205
0.000050 95
0.000040 171
0.000027 62
0.000054 219
0.000029 190
0.000020 55
0.000035 116
0.000064 241
0.000052 163
0.001284 366
0.000043 885
0.000043 84
0.000036 68
0.000020 38
0.000283 596
0.000296 192
0.000096 887
0.000027 181
0.000021 38
0.000241 1147
0.000024 51
0.000041 163
0.001423 22
0.000148 149
0.000064 189
0.000020 1
0.000033 392
0.000028 491
0.000026 44
0.000051 76
0.000023 40
0.000236 818
0.000037 357
0.000023 51
0.000020 23
0.000182 163
0.000088 1
0.000085 26
0.000033 560
0.000059 527
0.000101 152
0.000020 38
0.000178 824
0.000024 116
0.000027 190
0.000020 51
0.000159 163
0.000085 2
0.000062 1
0.000058 2
0.000062 22
0.000062 147
0.000070 1
0.000064 2
0.001125 162
0.000037 51
0.000022 28
0.000179 520
0.000146 1
0.000065 2
0.000074 22
0.000067 133
0.000071 1
0.000064 1
0.000060 1
0.000059 2
0.000064 22
0.000065 143
0.000072 1
0.000097 1
0.000062 1
0.000063 2
0.000062 22
0.000061 154
0.000080 1
0.000061 2
0.000060 1
0.000059 2
0.000076 4
0.000066 155
0.000071 1
0.000061 2
0.000060 1
0.000060 1
0.000061 1
0.000061 1
0.000061 4
0.000069 9
0.000063 7
0.000066 4
0.000058 4
0.000062 2
0.000061 6
0.000089 184
0.000039 541
0.000040 497
0.000154 220
0.000025 129
0.000024 167
0.000023 50
0.000020 16
0.000131 584
0.000040 214
0.000020 23
0.000113 163
0.000090 12
0.000065 1
0.000116 206
0.000172 1198
0.000021 38
0.000195 944
0.000035 214
0.000363 17
0.000103 11
0.000009 22
0.000056 703
0.000011 1
0.000131 362
0.000017 1
0.000021 178
0.000010 3
0.000025 149
0.000007 1
0.000008 2
0.000008 1
0.000104 51
0.000009 1
0.000047 26
0.000017 1
0.000018 23
0.000052 14
0.000007 14
0.000009 1
0.000048 31
0.000016 1
0.000018 22
0.000008 6
0.000008 24
0.000049 6
0.000053 1
0.000046 48
0.000017 9
0.000019 46
0.000025 158
0.000009 1
0.000064 21
0.000018 6
0.000020 31
0.000008 1
0.000015 9
0.000008 4
0.000049 2
0.000017 101
0.000019 118
0.000073 167
0.000016 4
0.000017 36
0.000019 38
0.000062 112
0.000018 4
0.000018 163
0.000016 29
0.000014 6
0.000009 8
0.000069 33
0.000008 2
0.000058 88
0.000017 9
0.000018 66
0.000084 2
0.000062 1
0.000059 11
0.000062 1
0.000059 4
0.000061 1
0.000058 1
0.000063 1
0.000061 5
0.000060 1
0.000061 10
0.000062 1
0.000061 4
0.000061 1
0.000061 2
0.000060 1
0.000061 4
0.000060 1
0.000061 9
0.000061 1
0.000061 2
0.000060 1
0.000060 1
0.000060 1
0.000062 10
0.000061 1
0.000061 12
0.000077 1
0.000067 7
0.000035 22
0.000021 164
0.000019 1
0.000017 2
0.000065 209
0.000011 2
0.000021 22
0.000009 133
0.000081 173
0.000009 2
0.000021 22
0.000010 154
0.000018 1
0.000011 2
0.000025 2
0.000024 1
0.000082 178
0.000030 1
0.000008 2
0.000018 1
0.000008 2
0.000018 22
0.000066 239
0.000025 3
0.000023 4
0.000021 9
0.000009 60
0.000027 2
0.000023 145
0.000007 1
0.000089 9
0.000029 1
0.000008 1
0.000017 4
0.000017 9
0.000016 7
0.000059 4
0.000026 4
0.000009 2
0.000016 6
0.000016 12
0.000056 27
0.001799 1
0.000130 1
0.000012 22
0.000022 4
0.000019 1
0.000009 1
0.000022 1
0.000008 5
0.000017 1
0.000016 10
0.000017 1
0.000081 13
0.000036 9
0.000007 1
0.000017 2
0.000009 1
0.000052 25
0.000008 1
0.000058 16
0.000019 12
0.000052 38
0.000073 4
0.000030 46
0.000063 61
0.000041 4
0.000010 154
0.000018 1
0.000017 3
0.000016 1
0.000009 2
0.000061 25
0.000009 2
0.000022 6
0.000007 8
0.000017 1
0.000052 20
0.000010 4
0.000022 2
0.000058 103
0.000010 9
0.000023 101
0.000007 2
0.000058 163
0.000009 3
0.000017 1
0.000378 369
0.000040 9
0.000020 6
0.000019 4
0.000018 2
0.000008 6
0.000022 8
0.000007 1
0.000017 4
0.000016 1
0.000017 5
0.000016 1
0.000016 17
0.000016 4
0.000019 2
0.000059 86
0.000008 2
0.000017 9
0.000016 60
0.000017 2
0.000018 4
0.005074 156
0.000015 3
0.000024 1
0.000009 2
0.000029 1
0.000009 22
0.000018 154
0.000009 1
0.000016 2
0.000009 1
0.000018 2
0.000020 22
0.000025 149
0.000026 2
0.000008 1
0.000017 2
0.000009 1
0.000021 2
0.000025 22
0.000025 1
0.000008 133
0.000018 1
0.000023 1
0.000026 12
0.000009 3
0.000025 22
0.000023 143
0.000026 2
0.000007 1
0.000018 1
0.000023 1
0.000012 2
0.000025 30
0.000008 22
0.000024 154
0.000008 1
0.000022 2
0.000026 4
0.000009 3
0.000024 22
0.000023 154
0.000025 2
0.000008 1
0.000017 2
0.000019 1
0.000008 2
0.000017 22
0.000017 148
0.000008 1
0.000016 2
0.000020 1
0.000008 2
0.000016 4
0.000017 145
0.000008 1
0.000016 2
0.000009 1
0.000020 1
0.000007 1
0.000016 1
0.000017 4
0.000016 9
0.000008 7
0.000021 4
0.000008 4
0.000016 2
0.000016 6
0.000016 12
0.000009 1
0.000016 11
0.000008 1
0.000016 2
0.000009 1
0.000016 11
0.000008 1
0.000016 4
0.000009 1
0.000015 1
0.000009 1
0.000016 5
0.000008 1
0.000016 10
0.000008 1
0.000016 4
0.000016 1
0.000008 2
0.000021 1
0.000007 4
0.000016 1
0.000009 9
0.000016 1
0.000008 2
0.000016 1
0.000008 1
0.000016 1
0.000008 10
0.000016 1
0.000009 12
0.000016 1
0.000008 7
0.000016 1
0.000008 4
0.000015 1
0.000009 2
0.000016 1
0.000008 12
0.000016 2
0.000008 6
0.000021 24
0.000007 4
0.000018 2
0.000034 97
0.000025 52
0.000022 42
0.000007 2
0.000017 9
0.000016 40
0.000016 2
0.000018 4
0.000038 4
0.000024 154
0.000026 4
0.000008 1
0.000016 3
0.000009 1
0.000020 2
0.000024 1
0.000027 154
0.000008 1
0.000017 4
0.000024 9
0.000025 1
0.000008 6
0.000019 4
0.000022 2
0.000026 3
0.000008 6
0.000018 8
0.000022 1
0.000026 1
0.000008 4
0.000018 1
0.000023 5
0.000024 2
0.000007 1
0.000018 9
0.000023 4
0.000026 1
0.000009 2
0.000025 5
0.000024 19
0.000026 16
0.000024 6
0.000019 101
0.000009 2
0.000024 9
0.000025 5
0.000007 101
0.000019 2
0.000020 4
0.000027 14
0.000030 2
0.000008 4
0.000016 154
0.000009 1
0.000016 3
0.000008 1
0.000016 2
0.000008 1
0.000016 1
0.000008 4
0.000021 9
0.000007 6
0.000016 4
0.000016 2
0.000009 6
0.000042 14
0.000008 5
0.000024 1
0.000026 101
0.000008 21
0.000018 4
0.000021 2
0.000024 11
0.000025 107
0.000020 51
0.000007 2
0.000017 9
0.000009 48
0.000015 2
0.000009 4
0.000030 159
0.000008 4
0.000063 154
0.000010 9
0.000016 4
0.000025 9
0.000032 4
0.000008 6
0.000023 4
0.000032 3
0.000008 2
0.000022 6
0.000032 5
0.000009 8
0.000023 1
0.000025 9
0.000008 4
0.000018 1
0.000024 5
0.000032 10
0.000008 1
0.000023 17
0.000025 2
0.000007 4
0.000019 2
0.000023 15
0.000026 10
0.000025 26
0.000025 2
0.000008 86
0.000008 2
0.000020 9
0.000009 60
0.000016 2
0.000008 4
0.000038 62
0.000026 54
0.000037 159
0.000026 6
0.000025 6
0.000025 19
0.000027 16
0.000024 6
0.000026 23
0.000026 6
0.000056 97
0.000025 66
0.001601 178
0.000013 3
0.000025 1
0.000007 2
0.000019 22
0.000017 154
0.000009 1
0.000017 2
0.000008 1
0.000016 2
0.000017 22
0.000017 149
0.000009 1
0.000016 2
0.000008 1
0.000016 2
0.000016 22
0.000017 133
0.000009 1
0.000016 1
0.000008 1
0.000016 2
0.000009 22
0.000022 143
0.000007 1
0.000016 1
0.000009 1
0.000016 2
0.000016 22
0.000017 154
0.000008 1
0.000016 2
0.000008 1
0.000017 2
0.000009 22
0.000023 154
0.000006 1
0.000016 2
0.000009 1
0.000016 2
0.000009 22
0.000022 148
0.000007 1
0.000008 2
0.000018 1
0.000008 2
0.000016 4
0.000017 145
0.000008 1
0.000016 3
0.000015 1
0.000009 1
0.000015 1
0.000008 1
0.000021 4
0.000007 9
0.000017 7
0.000008 4
0.000016 4
0.000029 2
0.000009 6
0.000017 12
0.000016 1
0.000009 11
0.000016 1
0.000008 2
0.000015 1
0.000008 11
0.000016 1
0.000008 4
0.000015 1
0.000009 1
0.000049 22
0.000017 1
0.000008 2
0.000016 1
0.000009 4
0.000015 1
0.000009 9
0.000015 1
0.000008 2
0.000016 1
0.000008 1
0.000015 1
0.000009 10
0.000017 1
0.000008 12
0.000016 1
0.000009 7
0.000015 1
0.000008 4
0.000015 1
0.000009 2
0.000015 1
0.000009 12
0.000020 2
0.000007 6
0.000016 24
0.000017 4
0.000008 2
0.000060 46
0.000008 2
0.000016 9
0.000009 44
0.000015 2
0.000008 4
0.000039 4
0.000009 154
0.000016 1
0.000008 3
0.000016 1
0.000008 2
0.000016 1
0.000008 1
0.000016 4
0.000008 9
0.000017 6
0.000009 4
0.000015 2
0.000009 6
0.005645 1019
0.002991 346
0.000275 4
0.000092 2
0.000076 22
0.000097 133
0.000078 1
0.000069 1
0.000070 1
0.000066 2
0.000076 22
0.000073 143
0.000079 1
0.000067 1
0.000068 1
0.000071 2
0.000073 22
0.000071 154
0.000077 1
0.000065 2
0.000087 1
0.000060 2
0.000070 4
0.000069 148
0.000073 1
0.000062 2
0.000063 1
0.000062 1
0.000067 1
0.000065 1
0.000064 4
0.000067 9
0.000068 7
0.000065 4
0.000066 4
0.000063 2
0.000067 6
0.000063 12
0.000065 1
0.000062 11
0.000063 1
0.000065 2
0.000065 1
0.000063 11
0.000064 1
0.000067 4
0.000064 1
0.000063 1
0.000065 1
0.000064 5
0.000064 1
0.000064 10
0.000084 1
0.000084 4
0.000090 1
0.000064 2
0.000060 1
0.000060 4
0.000061 1
0.000062 9
0.000064 1
0.000063 2
0.000062 1
0.000061 1
0.000066 1
0.000063 10
0.000066 1
0.000065 12
0.000065 1
0.000064 7
0.000065 1
0.000063 4
0.000061 1
0.000061 2
0.000063 1
0.000061 12
0.000062 2
0.000036 6
0.000030 24
0.000030 4
0.000028 2
0.000081 91
0.000062 171
0.000030 4
0.000038 9
0.000031 6
0.000030 4
0.000031 2
0.000030 6
0.000029 8
0.000028 1
0.000029 4
0.000029 1
0.000029 5
0.000029 1
0.000030 9
0.000029 4
0.000028 2
0.000068 112
0.000055 297
0.000029 2
0.000028 6
0.000028 8
0.000029 1
0.000029 4
0.000030 1
0.000028 5
0.000029 1
0.000030 21
0.000029 4
0.000029 2
0.000050 62
0.000052 240
0.000029 4
0.000028 2
0.000030 6
0.000030 8
0.000029 1
0.000029 4
0.000028 1
0.000029 5
0.000029 1
0.000029 17
0.000028 4
0.000029 2
0.000063 157
0.000057 6
0.001169 199
0.000035 147
0.000029 1
0.000029 2
0.000028 1
0.000025 2
0.000031 22
0.000032 133
0.000030 1
0.000028 1
0.000030 1
0.000028 2
0.000030 22
0.000031 143
0.000028 1
0.000028 1
0.000028 1
0.000026 2
0.000031 22
0.000029 154
0.000025 1
0.000027 2
0.000026 1
0.000023 2
0.000029 4
0.000029 157
0.000028 1
0.000027 2
0.000027 1
0.000028 1
0.000027 1
0.000027 1
0.000031 4
0.000029 9
0.000031 7
0.000029 4
0.000030 4
0.000030 2
0.000029 6
0.000030 12
0.000029 1
0.000029 11
0.000029 1
0.000029 2
0.000029 1
0.000028 11
0.000029 1
0.000029 4
0.000030 1
0.000028 1
0.000029 1
0.000029 5
0.000029 1
0.000028 10
0.000029 1
0.000028 4
0.000028 1
0.000028 2
0.000029 1
0.000028 4
0.000028 1
0.000029 9
0.000029 1
0.000028 2
0.000028 1
0.000029 1
0.000028 1
0.000029 10
0.000028 1
0.000028 12
0.000029 1
0.000029 7
0.000028 1
0.000028 4
0.000028 1
0.000029 2
0.000028 1
0.000029 12
0.000030 2
0.000028 6
0.000028 24
0.000046 4
0.000035 2
0.000087 90
0.000028 54
0.000051 4
0.000072 154
0.000032 1
0.000029 3
0.000027 1
0.000030 2
0.000029 1
0.000029 1
0.000029 4
0.000029 9
0.000029 6
0.000029 4
0.000030 2
0.000030 6
0.000030 8
0.000028 1
0.000029 4
0.000029 1
0.000028 5
0.000029 1
0.000029 9
0.000029 4
0.000029 2
0.000070 213
0.000030 6
0.000035 159
0.000029 3
0.000028 1
0.000029 2
0.000030 1
0.000030 1
0.000029 4
0.000029 9
0.000029 6
0.000029 4
0.000030 2
0.000029 6
0.000028 8
0.000030 1
0.000029 4
0.000029 1
0.000029 5
0.000029 1
0.000028 21
0.000030 4
0.000029 2
0.000055 53
0.000020 9
0.000009 48
0.000019 2
0.000010 4
0.000027 4
0.000010 154
0.000020 4
0.000018 1
0.000009 2
0.000018 1
0.000007 1
0.000018 4
0.000009 9
0.000017 6
0.000007 4
0.000018 2
0.000009 6
0.000015 8
0.000009 1
0.000017 4
0.000007 1
0.000017 5
0.000009 1
0.000017 17
0.000008 4
0.000019 2
0.000052 86
0.000007 2
0.000017 9
0.000017 60
0.000009 2
0.000018 4
0.001342 177
0.000014 22
0.000026 147
0.000008 1
0.000018 2
0.000008 1
0.000017 2
0.000018 22
0.000017 133
0.000009 1
0.000020 1
0.000008 3
0.000023 22
0.000009 143
0.000018 1
0.000009 1
0.000018 3
0.000017 22
0.000018 154
0.000008 1
0.000018 2
0.000008 1
0.000008 2
0.000018 4
0.000056 165
0.000020 13
0.000018 7
0.000009 4
0.000016 4
0.000008 2
0.000017 6
0.000008 12
0.000017 1
0.000009 11
0.000017 1
0.000007 2
0.000017 1
0.000008 11
0.000015 1
0.000009 4
0.000017 1
0.000006 1
0.000017 1
0.000016 5
0.000016 1
0.000016 10
0.000016 1
0.000016 4
0.000016 1
0.000016 2
0.000016 1
0.000008 4
0.000024 1
0.000007 9
0.000017 1
0.000016 2
0.000016 1
0.000016 1
0.000009 1
0.000017 10
0.000007 1
0.000017 12
0.000008 1
0.000017 7
0.000007 1
0.000017 4
0.000008 1
0.000017 2
0.000007 1
0.000017 12
0.000016 2
0.000009 6
0.000024 24
0.000007 4
0.000018 2
0.000058 57
0.000008 2
0.000016 9
0.000017 55
0.000009 2
0.000019 4
0.000032 4
0.000010 154
0.000017 1
0.000009 3
0.000018 1
0.000007 2
0.000024 1
0.000008 1
0.000017 4
0.000016 9
0.000016 6
0.000009 4
0.000018 2
0.000009 6
0.000017 8
0.000007 1
0.000017 4
0.000009 1
0.000016 5
0.000008 1
0.000018 9
0.000008 4
0.000018 2
0.000082 215
0.000009 4
0.000031 4
0.000008 154
0.000009 1
0.000017 3
0.000017 1
0.000016 2
0.000016 1
0.000008 1
0.000024 4
0.000007 9
0.000016 6
0.000017 4
0.000017 2
0.000009 6
0.000016 8
0.000009 1
0.000016 4
0.000017 1
0.000017 5
0.000017 1
0.000016 21
0.000009 4
0.000018 2
0.000037 51
0.000008 2
0.000016 9
0.000017 48
0.000009 2
0.000017 4
0.000023 4
0.000008 154
0.000009 1
0.000021 3
0.000007 1
0.000017 2
0.000009 1
0.000016 1
0.000009 4
0.000021 9
0.000007 6
0.000017 4
0.000017 2
0.000009 6
0.000022 8
0.000008 1
0.000017 4
0.000008 1
0.000016 5
0.000017 1
0.000016 17
0.000009 4
0.000018 2
0.000051 86
0.000007 2
0.000017 9
0.000017 60
0.000009 2
0.000018 4
0.000322 171
0.000011 1
0.000020 2
0.000019 1
0.000007 2
0.000022 22
0.000017 147
0.000009 1
0.000016 2
0.000019 1
0.000007 2
0.000017 22
0.000054 133
0.000010 27
0.000009 144
0.000027 1
0.000010 3
0.000021 22
0.000008 154
0.000009 1
0.000055 2
0.000008 7
0.000018 157
0.000009 1
0.000017 3
0.000008 1
0.000017 1
0.000008 1
0.000016 1
0.000017 4
0.000016 9
0.000009 7
0.000016 4
0.000007 4
0.000025 2
0.000007 6
0.000017 12
0.000009 1
0.000019 11
0.000008 1
0.000019 2
0.000009 1
0.000019 11
0.000007 1
0.000016 4
0.000009 1
0.000019 1
0.000007 1
0.000017 5
0.000009 1
0.000016 10
0.000007 1
0.000017 4
0.000007 1
0.000024 2
0.000007 1
0.000017 4
0.000009 1
0.000016 9
0.000007 1
0.000017 2
0.000009 1
0.000016 1
0.000007 1
0.000017 10
0.000009 1
0.000017 12
0.000007 1
0.000017 7
0.000008 1
0.000017 4
0.000007 1
0.000017 2
0.000008 1
0.000017 12
0.000007 2
0.000017 6
0.000016 24
0.000017 4
0.000009 2
0.000063 56
0.000008 2
0.000017 9
0.000016 54
0.000009 2
0.000017 4
0.000032 4
0.000010 154
0.000017 1
0.000009 3
0.000019 1
0.000007 2
0.000017 1
0.000008 1
0.000331 483
0.000010 8
0.000024 1
0.000007 4
0.000017 1
0.000009 5
0.000017 1
0.000007 21
0.000017 4
0.000009 2
0.000043 51
0.000008 2
0.000018 9
0.000007 48
0.000024 2
0.000009 4
0.000023 4
0.000010 154
0.000017 1
0.000016 3
0.000009 1
0.000017 2
0.000007 1
0.000016 1
0.000017 4
0.000009 9
0.000016 6
0.000008 4
0.000017 2
0.000009 6
0.000016 8
0.000007 1
0.000017 4
0.000008 1
0.000020 5
0.000008 1
0.000017 17
0.000007 4
0.000018 2
0.000054 86
0.000008 2
0.000009 9
0.000023 60
0.000008 2
0.000018 4
0.001905 199
0.000053 147
0.000018 1
0.000007 2
0.000016 3
0.000015 22
0.000014 133
0.000007 1
0.000020 1
0.000007 3
0.000124 556
0.000009 148
0.000018 1
0.000006 2
0.000015 1
0.000007 2
0.000013 4
0.000014 145
0.000006 1
0.000014 2
0.000005 1
0.000015 1
0.000020 15
0.000005 7
0.000013 8
0.000013 8
0.000106 64
0.000007 4
0.000019 1
0.000006 2
0.000013 1
0.000014 4
0.000007 1
0.000013 9
0.000006 1
0.000013 2
0.000007 1
0.000013 1
0.000005 1
0.000014 10
0.000007 1
0.000012 12
0.000006 1
0.000013 7
0.000006 1
0.000044 22
0.000016 6
0.000013 24
0.000036 6
0.000036 42
0.000006 2
0.000013 9
0.000007 40
0.000014 2
0.000007 4
0.000029 4
0.000008 154
0.000051 13
0.000015 9
0.000013 6
0.000006 4
0.000019 2
0.000006 6
0.000020 8
0.000005 1
0.000078 20
0.000007 6
0.000007 101
0.000042 118
0.000047 163
0.000015 2
0.000014 1
0.000007 1
0.000038 25
0.000007 6
0.000014 8
0.000006 1
0.000038 32
0.000016 4
0.000031 2
0.000008 51
0.000017 2
0.000006 9
0.000038 58
0.000007 154
0.000021 4
0.000044 18
0.000016 6
0.000007 4
0.000033 17
0.000006 4
0.000019 1
0.000007 5
0.000017 1
0.000006 17
0.000040 6
0.000022 86
0.000006 2
0.000053 75
0.001232 174
0.000012 3
0.000019 169
0.000014 1
0.000014 2
0.000014 1
0.000006 2
0.000109 509
0.000008 3
0.000017 22
0.000007 154
0.000014 1
0.000007 2
0.000014 3
0.000015 22
0.000014 148
0.000007 1
0.000013 2
0.000007 1
0.000014 2
0.000013 4
0.000096 189
0.000007 12
0.000019 1
0.000006 11
0.000013 1
0.000007 2
0.000013 1
0.000006 11
0.000013 1
0.000007 4
0.000015 1
0.000006 1
0.000013 1
0.000007 5
0.000044 19
0.000007 1
0.000018 4
0.000006 1
0.000013 9
0.000007 1
0.000032 5
0.000007 10
0.000012 1
0.000007 12
0.000034 14
0.000015 2
0.000033 21
0.000015 24
0.000035 6
0.000039 48
0.000015 9
0.000013 44
0.000014 2
0.000041 162
0.000014 1
0.000014 3
0.000007 1
0.000037 17
0.000006 6
0.000020 4
0.000006 2
0.000013 6
0.000046 20
0.000008 9
0.000019 4
0.000058 2
0.000008 215
0.000047 166
0.000006 1
0.000021 2
0.000006 1
0.000012 1
0.000045 31
0.000009 8
0.000018 1
0.000006 4
0.000013 1
0.000007 5
0.000047 28
0.000015 51
0.000006 2
0.000014 9
0.000013 48
0.000042 164
0.000007 1
0.000013 3
0.000007 1
0.000041 23
0.000016 4
0.000013 2
0.000007 6
0.000041 20
0.000017 17
0.000013 4
0.000007 2
0.000043 157
0.000009 2
0.000018 4
0.052138 199
0.000050 1310
0.000302 33
0.000027 58
0.000114 93
0.000024 4
0.000079 159
0.000024 52
0.000077 7
0.000023 15
0.000103 215
0.000025 169
0.000092 15
0.000022 65
0.000104 110
0.000025 171
0.000084 15
0.000022 61
0.000342 163
0.003346 397
0.000097 1037
0.000219 26
0.000026 78
0.000081 15
0.000024 45
0.000060 20
0.000022 30
0.000091 52
0.000023 45
0.000084 159
0.000024 52
0.000096 20
0.000023 2
0.000085 215
0.000024 169
0.000088 6
0.000024 72
0.000062 2
0.000024 110
0.000065 6
0.000024 186
0.000034 22
0.000029 156
0.000032 1
0.000028 2
0.000078 20
0.000023 35
0.000028 1
0.000026 2
0.000030 22
0.000031 154
0.000030 1
0.000027 2
0.000030 1
0.000026 2
0.000029 22
0.000031 149
0.000029 1
0.000028 2
0.000030 1
0.000025 2
0.000028 22
0.000035 133
0.000030 1
0.000028 1
0.000063 88
0.000024 75
0.000026 1
0.000025 2
0.000027 22
0.000030 143
0.000030 1
0.000027 1
0.000030 1
0.000026 2
0.000028 22
0.000032 154
0.000029 1
0.000027 2
0.000029 1
0.000026 2
0.000028 22
0.000033 154
0.000029 1
0.000027 2
0.000031 1
0.000025 2
0.000028 22
0.000033 148
0.000030 1
0.000027 2
0.000027 1
0.000028 2
0.000030 4
0.000031 148
0.000029 1
0.000028 3
0.000029 1
0.000029 1
0.000029 1
0.000028 1
0.000030 4
0.000029 9
0.000029 7
0.000029 4
0.000029 4
0.000030 2
0.000029 6
0.000030 12
0.000029 1
0.000029 11
0.000029 1
0.000029 2
0.000029 1
0.000029 11
0.000029 1
0.000028 4
0.000030 1
0.000029 1
0.000029 1
0.000029 5
0.000029 1
0.000029 10
0.000029 1
0.000030 4
0.000028 1
0.000029 2
0.000029 1
0.000030 4
0.000028 1
0.000029 9
0.000029 1
0.000029 2
0.000028 1
0.000029 1
0.000029 1
0.000029 10
0.000053 1
0.000038 12
0.000029 1
0.000030 7
0.000029 1
0.000029 4
0.000029 1
0.000030 2
0.000029 1
0.000029 12
0.000030 2
0.000029 6
0.000032 24
0.000030 4
0.000029 2
0.000066 41
0.000030 2
0.000030 9
0.000030 39
0.000029 2
0.000028 4
0.000048 4
0.000032 154
0.000029 1
0.000030 3
0.000030 1
0.000029 2
0.000029 1
0.000029 1
0.000029 4
0.000030 9
0.000030 6
0.000029 4
0.000028 2
0.000030 6
0.000029 8
0.000030 1
0.000029 4
0.000029 1
0.000029 5
0.000029 1
0.000029 9
0.000030 4
0.000029 2
0.000074 101
0.000031 2
0.000028 9
0.000035 101
0.000029 2
0.000028 4
0.000039 4
0.000080 154
0.000034 1
0.000028 3
0.000029 1
0.000029 2
0.000031 1
0.000029 1
0.000030 4
0.000029 9
0.000029 6
0.000029 4
0.000029 2
0.000029 6
0.000028 8
0.000030 1
0.000029 4
0.000029 1
0.000029 5
0.000029 1
0.000030 21
0.000029 4
0.000029 2
0.000052 51
0.000030 2
0.000033 9
0.000032 48
0.000030 2
0.000028 4
0.000038 4
0.000032 154
0.000030 1
0.000028 3
0.000030 1
0.000029 2
0.000029 1
0.000029 1
0.000029 4
0.000029 9
0.000029 6
0.000030 4
0.000030 2
0.000030 6
0.000027 8
0.000028 1
0.000027 4
0.000028 1
0.000029 5
0.000029 1
0.000029 17
0.000029 4
0.000029 2
0.000066 86
0.000030 2
0.000042 9
0.000030 60
0.000027 2
0.000028 4
0.144372 22
0.001529 327
0.000033 880
0.000200 186
0.000024 541
0.000107 179
0.000022 344
0.000081 3
0.000019 64
0.000057 17
0.000018 42
0.000066 5
0.000017 52
0.000049 2
0.000018 36
0.000022 22
0.000025 156
0.000025 1
0.000022 2
0.000025 1
0.000020 2
0.000023 22
0.000024 154
0.000023 1
0.000022 2
0.000026 1
0.000021 2
0.000021 22
0.000024 149
0.000024 1
0.000021 2
0.000024 1
0.000019 2
0.000022 22
0.000055 93
0.000019 6
0.000068 133
0.000029 1
0.000030 4
0.000038 52
0.000044 4
0.000021 182
0.000057 2
0.000019 2
0.000023 22
0.000025 143
0.000024 1
0.000030 1
0.000032 31
0.000008 4
0.000057 16
0.000006 1
0.000037 11
0.000017 9
0.000042 2
0.000035 2
0.000047 177
0.000043 1
0.000049 13
0.000035 2
0.000038 1
0.000044 3
0.000035 2
0.000039 213
0.000051 165
0.000006 3
0.000042 9
0.000015 9
0.000034 18
0.000006 8
0.000038 11
0.000007 1
0.000032 27
0.000039 2
0.000050 52
0.000038 22
0.000049 160
0.000066 2
0.000033 59
0.000013 2
0.000028 171
0.000028 74
0.000086 163
0.000062 4
0.000053 148
0.000054 1
0.000050 2
0.000049 1
0.000048 1
0.000050 1
0.000048 1
0.000052 4
0.000056 9
0.000051 7
0.000051 4
0.000050 4
0.000052 2
0.000055 6
0.000051 12
0.000050 1
0.000051 11
0.000050 1
0.000051 2
0.000074 1
0.000057 11
0.000052 1
0.000051 4
0.000050 1
0.000050 1
0.000050 1
0.000051 5
0.000050 1
0.000053 10
0.000051 1
0.000053 4
0.000049 1
0.000050 2
0.000050 1
0.000050 4
0.000048 1
0.000051 9
0.000050 1
0.000051 2
0.000082 40
0.000020 50
0.000075 270
0.000020 62
0.000071 436
0.000017 28
0.000017 116
0.000020 190
0.000017 51
0.000101 163
0.001612 374
0.000095 914
0.000020 136
0.000019 58
0.000016 51
0.000020 180
0.000018 47
0.000015 6
0.000245 984
0.000656 374
0.000102 807
0.000019 66
0.000224 1095
0.000022 233
0.000955 22
0.000043 1072
0.000019 184
0.000041 81
0.000040 75
0.000017 38
0.000215 1163
0.000125 163
0.000069 1
0.000053 1
0.000048 1
0.000048 10
0.000048 1
0.000047 12
0.000049 1
0.000047 7
0.000048 1
0.000048 4
0.000047 1
0.000048 2
0.000050 1
0.000070 12
0.000032 2
0.000023 6
0.000068 189
0.000063 393
0.000023 493
0.000099 1
0.000046 31
0.000052 13
0.000020 62
0.000022 42
0.000023 2
0.000029 9
0.000118 105
0.000019 38
0.000021 40
0.000023 2
0.000023 4
0.000040 4
0.000030 154
0.000057 59
0.000019 52
0.000020 1
0.000023 3
0.000022 1
0.000024 2
0.000022 1
0.000047 158
0.000018 40
0.000051 8
0.000019 1
0.000031 4
0.000046 5
0.000018 22
0.000021 9
0.000022 6
0.000024 4
0.000022 2
0.000022 6
0.000022 8
0.000024 1
0.000021 4
0.000029 1
0.000023 5
0.000023 1
0.000024 9
0.000023 4
0.000021 2
0.000058 101
0.000024 2
0.000023 9
0.000047 103
0.000020 274
0.000021 101
0.000023 2
0.000022 4
0.000029 4
0.000027 154
0.000062 9
0.000019 51
0.000020 1
0.000022 3
0.000027 1
0.000047 25
0.000018 2
0.000020 2
0.000023 1
0.000026 1
0.000047 53
0.000019 222
0.000021 4
0.000023 9
0.000023 6
0.000024 4
0.000022 2
0.000047 4
0.000018 48
0.000021 6
0.000022 8
0.000026 1
0.000046 6
0.000018 24
0.000020 4
0.000023 1
0.000023 5
0.000021 1
0.000026 21
0.000023 4
0.000022 2
0.000042 51
0.000025 2
0.000056 88
0.000018 75
0.000020 9
0.000022 48
0.000022 2
0.000023 4
0.000035 4
0.000024 154
0.000024 1
0.000021 3
0.000023 1
0.000023 2
0.000024 1
0.000021 1
0.000021 4
0.000028 9
0.000023 6
0.000021 4
0.000023 2
0.000024 6
0.000021 8
0.000024 1
0.000022 4
0.000022 1
0.000022 5
0.000029 1
0.000022 17
0.000023 4
0.000022 2
0.000057 86
0.000025 2
0.000022 9
0.000024 60
0.000021 2
0.000022 4
0.001825 206
0.000032 154
0.000024 1
0.000022 2
0.000022 1
0.000019 2
0.000023 22
0.000025 149
0.000023 1
0.000023 2
0.000022 1
0.000021 2
0.000024 22
0.000061 133
0.000025 1
0.000022 1
0.000023 1
0.000020 2
0.000024 22
0.000024 143
0.000022 1
0.000029 1
0.000024 1
0.000020 2
0.000024 22
0.000024 154
0.000023 1
0.000022 2
0.000024 1
0.000020 2
0.000023 22
0.000024 154
0.000023 1
0.000022 2
0.000023 1
0.000020 2
0.000025 4
0.000024 148
0.000023 1
0.000021 3
0.000023 1
0.000022 1
0.000023 1
0.000023 1
0.000023 4
0.000023 9
0.000023 7
0.000023 4
0.000022 4
0.000024 2
0.000022 6
0.000023 12
0.000023 1
0.000036 11
0.000025 1
0.000023 2
0.000023 1
0.000022 11
0.000023 1
0.000023 4
0.000038 1
0.000023 1
0.000023 1
0.000022 5
0.000022 1
0.000023 10
0.000022 1
0.000022 4
0.000023 1
0.000022 2
0.000022 1
0.000022 4
0.000023 1
0.000022 9
0.000023 1
0.000022 2
0.000022 1
0.000022 1
0.000023 1
0.000022 10
0.000022 1
0.000023 12
0.000022 1
0.000022 7
0.000023 1
0.000022 4
0.000022 1
0.000022 2
0.000023 1
0.000023 12
0.000024 2
0.000022 6
0.000023 24
0.000023 4
0.000023 2
0.000061 103
0.000046 172
0.000023 20
0.000024 12
0.000022 8
0.000023 1
0.000023 4
0.000023 1
0.000023 5
0.000022 1
0.000023 9
0.000023 4
0.000023 2
0.000056 213
0.000022 6
0.000027 159
0.000020 6
0.000021 15
0.000021 12
0.000020 15
0.000021 10
0.000021 26
0.000022 2
0.000044 53
0.000014 9
0.000007 48
0.000014 2
0.000007 4
0.000021 4
0.000006 154
0.000014 1
0.000007 3
0.000013 1
0.000006 2
0.000014 1
0.000007 1
0.000012 4
0.000007 9
0.000014 6
0.000005 4
0.000014 2
0.000007 6
0.000013 8
0.000006 1
0.000013 4
0.000013 1
0.000007 5
0.000066 110
0.000008 2
0.000013 9
0.000006 60
0.000013 2
0.000007 4
0.000739 361
0.000012 3
0.000115 506
0.000007 1
0.000016 2
0.000007 22
0.000014 154
0.000007 1
0.000016 2
0.000006 3
0.000021 4
0.000007 154
0.000014 1
0.000007 2
0.000099 65
0.000006 2
0.000020 1
0.000006 11
0.000013 1
0.000007 4
0.000013 1
0.000005 1
0.000013 1
0.000007 5
0.000016 11
0.000049 14
0.000015 9
0.000014 1
0.000007 2
0.000032 13
0.000006 1
0.000032 21
0.000024 4
0.000014 1
0.000029 15
0.000007 2
0.000018 6
0.000006 24
0.000039 6
0.000030 48
0.000006 2
0.000039 61
0.000029 4
0.000007 154
0.000005 1
0.000047 12
0.000016 9
0.000013 6
0.000033 20
0.000007 1
0.000019 4
0.000006 1
0.000006 5
0.000038 16
0.000086 213
0.000009 169
0.000055 27
0.000007 2
0.000042 25
0.000035 28
0.000033 51
0.000007 2
0.000035 63
0.000020 4
0.000007 154
0.000007 1
0.000041 12
0.000035 21
0.000016 6
0.000040 19
0.000008 1
0.000019 17
0.000006 4
0.000030 2
0.000033 88
0.000008 9
0.000038 66
0.002443 179
0.000013 2
0.000114 518
0.000007 1
0.000075 350
0.000006 2
0.000057 170
0.000007 1
0.000043 22
0.000007 4
0.000042 25
0.000039 15
0.000007 11
0.000032 7
0.000015 1
0.000031 17
0.000034 8
0.000007 4
0.000031 13
0.000034 13
0.000007 1
0.000032 21
0.000035 8
0.000006 12
0.000029 32
0.000006 4
0.000036 2
0.000115 268
0.000007 2
0.000052 27
0.000041 20
0.000034 19
0.000014 2
0.000048 101
0.000006 2
0.000038 116
0.000043 163
0.000006 2
0.000037 15
0.000006 6
0.000034 20
0.000038 11
0.000007 1
0.000032 27
0.000035 53
0.000006 9
0.000036 54
0.000008 4
0.000039 161
0.000008 1
0.000037 24
0.000039 17
0.000007 4
0.000034 24
0.000007 4
0.000034 2
0.000032 97
0.000008 60
0.000042 6
0.000134 174
0.000070 172
0.000059 6
0.000086 155
0.000056 27
0.000057 148
0.000062 186
0.000061 163
0.000052 7
0.000048 24
0.000058 32
0.000049 15
0.000953 909
0.000180 3
0.000041 1
0.000045 7
0.000043 16
0.000043 6
0.000034 2
0.000043 15
0.000036 1
0.000042 5
0.000041 23
0.000043 13
0.000041 4
0.000041 14
0.000035 6
0.000042 28
0.000037 2
0.000080 99
0.000049 6
0.000061 159
0.000045 7
0.000041 14
0.000042 12
0.000048 15
0.000041 10
0.000042 14
0.000041 2
0.000066 213
0.000052 6
0.000049 159
0.000038 3
0.000043 4
0.000032 1
0.000042 23
0.000047 16
0.000042 6
0.000040 27
0.000042 6
0.000053 62
0.000038 48
0.000043 6
0.000047 159
0.000048 6
0.000041 6
0.000034 9
0.000042 12
0.000040 6
0.000042 14
0.000042 27
0.000042 2
0.000062 157
0.000049 6
0.000768 4
0.000011 160
0.000065 26
0.000007 4
0.000048 36
0.000039 15
0.000007 1
0.000033 7
0.000035 17
0.000007 4
0.000032 8
0.000035 13
0.000035 13
0.000034 21
0.000035 8
0.000035 21
0.000038 30
0.000043 45
0.000009 2
0.000034 58
0.000043 159
0.000006 3
0.000036 5
0.000008 4
0.000032 21
0.000040 19
0.000008 1
0.000031 19
0.000015 2
0.000044 101
0.000009 2
0.000039 116
0.000084 163
0.000007 27
0.000042 21
0.000007 1
0.000032 31
0.000036 53
0.000015 2
0.000038 63
0.000014 4
0.000042 161
0.000041 21
0.000038 20
0.000007 1
0.000031 11
0.000014 17
0.000033 6
0.000035 88
0.000007 9
0.000039 66
0.024143 9
0.000176 13
0.000061 4
0.000049 4
0.000049 3
0.000049 1
0.000048 4
0.000049 1
0.000048 6
0.000048 1
0.000051 8
0.000069 9
0.000028 75
0.000047 6
0.000982 9
0.000032 81
0.000079 1
0.000029 8
0.000024 1
0.000022 3
0.000025 1
0.000024 16
0.000025 4
0.000023 2
1.990567 22
0.089956 9
0.000012 10
0.000109 3
0.041149 203
0.000030 46
0.000373 2
0.000032 6
0.000023 1
0.000037 10
0.000025 1
0.000022 2
0.010030 210
0.000846 237
0.000775 120
0.000123 46
0.058618 61
0.006777 37
0.009728 65
0.027754 65
0.026066 69
0.044763 65
0.007089 64
0.009097 63
0.052047 68
0.035157 64
0.017114 64
0.053125 72
0.008903 65
0.005974 2
0.000142 63
0.052372 71
0.019164 64
0.014614 62
0.049766 64
0.027216 61
0.008041 62
0.035384 60
0.079008 67
0.061820 45
0.002278 37
0.000029 2
0.013233 68
0.009029 27
0.001342 2
0.000049 64
0.019434 311
0.000029 2
18.185723 12
33.194183 1
0.169622 2
0.162962 19
0.000191 8
0.000067 47
1.188956 1
0.168484 1
0.201569 1
0.475280 1
7.516910 1
0.494187 1
0.106148 1
0.103788 1
1.828365 4
0.164507 4
0.467910 1
0.058128 1
0.263963 10
1.973124 1
0.186047 1
0.228340 1
0.000053 20
1.100044 1
1.485555 1
0.229453 1
1.558697 1
0.190354 1
0.157621 2
0.652024 1
0.206108 1
0.515118 1
0.242696 1
0.082068 1
0.128464 1
0.236513 1
0.470342 1
0.126948 1
0.178223 1
0.267759 1
0.159218 1
0.714798 1
0.292922 1
0.091584 1
0.397371 11
0.060978 642
0.000350 253
0.001093 19
0.000044 8
0.000023 47
7.430022 1
0.402886 1
1.236115 1
0.118419 1
0.070385 1
0.435121 1
0.176636 1
0.140595 1
0.217899 1
0.560658 4
0.160114 4
0.147359 4
0.144499 4
0.557577 1
0.177482 1
0.183296 1
0.135112 1
0.449896 1
0.132786 1
0.121904 1
0.125119 1
0.673078 1
0.366240 1
0.523822 1
0.774630 1
0.761861 1
0.134394 1
0.664455 1
0.312616 1
0.137004 1
0.095080 1
0.180026 1
0.422007 1
0.087189 1
0.224710 1
0.405575 1
0.102946 1
0.202657 1
0.140897 1
0.498234 85
0.748565 1
0.520663 1
0.466487 1
0.100961 1
0.200248 1
0.095527 1
0.118146 1
0.205333 1
0.092831 1
0.216215 1
0.472799 1
0.154009 1
0.148359 1
0.140867 1
0.115543 1
1.104773 1
0.114067 1
0.183885 1
0.210588 1
0.123140 1
0.095482 1
0.106385 1
0.126677 1
2.771702 1
0.112019 1
0.269245 1
0.307255 1
0.136918 1
0.375856 1
0.115973 1
0.796158 85
4.339729 17
