0.329348 64
0.014627 8
0.000052 59
1.978152 1
0.343276 1
0.886290 4
0.142241 4
0.148485 1
0.617667 1
0.110142 1
0.223676 1
0.108231 1
0.912550 1
0.183522 1
0.532441 1
0.262632 1
0.117769 1
0.274738 1
0.119663 1
0.533356 1
0.253261 1
0.101310 3
0.552380 11
0.191032 2
0.760626 1
0.147141 1
0.396144 1
0.365093 3
0.133705 3
0.129274 1
0.823736 1
0.214434 1
0.095293 1
0.442883 1
0.105115 1
0.187828 1
0.294741 1
0.138593 1
0.173802 1
0.624632 1
0.116428 1
0.432338 1
0.166301 1
0.163146 1
0.126431 1
0.129116 1
0.311945 2
0.171287 2
7.850499 948
1.899444 2
0.581427 2
1.009008 64
0.000190 67
2.317793 1
0.370065 1
3.005811 1
0.296321 1
0.284124 1
0.178670 1
0.084992 1
0.206295 1
2.053035 1
0.110972 1
0.156996 1
0.355106 1
0.102224 1
0.998675 1
0.107728 1
0.231920 1
1.096214 1
0.197336 1
0.436898 1
0.556903 4
0.833551 1
0.100792 1
0.264868 1
0.506131 1
0.175449 1
0.976212 1
1.292969 1
0.180295 1
0.314957 1
0.099121 1
0.192622 1
2.939733 4
0.305240 1
0.081510 1
1.025025 1
0.087607 1
0.063920 1
0.339284 1
0.173974 1
0.359878 4
0.137052 4
0.149311 1
0.186272 1
0.355040 1
3.872540 1
0.229709 1
0.143753 1
0.254619 1
0.397511 1
0.186354 1
0.226597 1
8.311315 1
0.117245 1
0.104732 1
0.176393 1
0.722214 4
0.123155 4
0.599500 4
0.040015 4
0.040809 4
0.041205 4
0.181406 4
0.145813 4
0.145983 4
0.582850 1
0.241183 1
0.193495 1
0.108885 1
0.198420 1
0.396754 1
0.091161 1
0.074658 1
0.185793 1
0.481321 1
0.137496 1
0.113746 1
0.540398 1
0.063656 1
0.140093 1
0.208965 1
0.630681 4
0.435869 1
0.456301 142
0.817813 1
0.749327 1
0.496186 1
0.318403 1
0.271736 1
0.165429 1
0.103419 1
0.148468 1
2.856984 1
0.093113 1
0.527834 1
0.172568 1
0.202071 1
0.814810 1
0.173764 1
0.187345 1
0.145193 1
0.102190 1
0.905078 1
0.108260 1
0.089672 1
0.258439 1
0.138185 1
0.134748 1
0.380016 1
0.159264 1
0.094591 1
0.487828 1
0.112770 1
0.098345 1
0.198972 1
0.114458 1
0.153459 1
0.222174 1
0.543142 1
0.101194 1
0.566872 4
0.142902 4
1.074079 1
0.118240 1
0.198484 1
0.298661 1
0.258406 1
0.566017 1
0.584217 1
0.163568 1
0.097625 1
0.287055 1
0.214119 1
0.116634 1
0.298224 1
0.195592 1
0.185849 142
1.285034 1
0.163369 1
0.305768 1
0.584494 1
0.099297 1
0.230478 1
0.219436 1
0.102568 1
0.980927 1
0.122159 1
0.111792 1
0.637978 1
0.092741 1
0.187523 1
0.785158 1
0.160555 1
0.265505 1
0.096057 1
0.254779 1
15.859023 1
0.027486 1
0.111954 1
0.164108 1
0.901711 4
0.164156 4
0.171552 4
0.324219 4
0.671681 1
0.100991 1
0.450564 1
0.184682 1
0.192822 1
0.279174 1
0.134213 1
0.131055 1
0.188439 1
1.189557 1
0.148336 1
0.221204 1
0.148152 1
0.619893 4
0.137332 4
0.144531 4
0.107739 4
0.671269 1
0.124767 1
0.115396 1
0.327178 1
0.113546 1
0.112328 1
0.220649 1
0.656655 142
3.253499 35
0.353996 141
0.258727 161
0.209801 110
0.251184 27
0.450523 70
2.139354 190
0.511502 185
1.785099 190
0.402898 110
0.458161 17
0.328036 85
0.383937 99
0.320751 22
0.301443 87
0.313629 101
0.315188 5
0.315599 23
0.294837 35
0.347472 29
0.362184 24
0.355537 10
0.351108 21
0.399961 24
0.369663 6
0.336937 38
0.889453 77
0.241893 99
0.167417 76
0.156835 140
0.165586 2
0.161621 50
0.303686 55
0.219877 23
0.206402 38
0.170375 35
0.162358 16
0.152820 9
0.151512 24
0.151766 46
0.151345 77
0.151411 55
0.151001 22
0.158470 33
0.153869 57
0.152392 77
0.156491 59
0.144491 62
0.164675 37
0.151765 55
0.150460 77
0.164696 99
0.166296 12
0.149196 51
0.165388 1
0.171049 138
0.162781 52
0.158113 67
0.167522 97
0.165896 41
0.161775 19
0.167767 10
0.179860 73
0.158360 99
0.170813 30
0.163189 29
0.169932 29
0.171009 4
0.160627 18
0.175924 52
0.180141 7
0.192734 29
0.173695 21
0.171014 8
0.173645 29
0.165370 33
0.176296 34
1.524883 68
3.264143 306
2.100403 11
0.026365 27
4.219374 2
0.089739 47
0.108567 100
0.000015 9
0.000143 88
0.296609 59
0.000125 425
0.000078 419
0.000081 132
0.025175 6
0.006868 64
0.000218 8
0.000073 59
3.426730 215
1.691151 51
0.321022 3
0.600779 3
0.040858 3
0.040383 3
0.040627 3
0.040380 3
0.040473 3
0.041290 3
0.040293 3
0.039696 3
0.040651 3
0.041298 3
0.040751 3
0.040573 3
1.068232 237
0.799949 14
0.063724 47
0.105076 109
0.000176 88
0.296189 59
0.000030 210
0.000017 103
0.000021 103
0.000017 102
0.000164 469
1.423953 25
0.029610 6
0.007016 64
0.000125 8
0.000053 59
1.677061 216
0.279183 397
0.222345 336
0.191490 141
0.144802 161
0.599656 110
0.040973 27
0.041035 70
0.040940 190
0.040162 110
0.040722 17
0.041296 85
0.040312 99
0.041566 22
0.040563 87
0.039894 101
0.040201 5
0.040620 23
0.040781 35
0.041266 29
0.040419 24
0.040902 10
0.040900 21
0.041116 24
0.635678 6
0.601363 38
0.041090 77
0.040555 99
0.040891 76
0.039801 140
0.040369 2
0.040384 50
0.040530 55
0.041348 23
0.040780 38
0.040455 35
0.040853 16
0.040048 9
0.040609 24
0.041120 46
0.041200 77
0.039553 55
0.040793 22
0.040016 33
0.040587 57
0.040872 77
0.040216 59
0.039896 62
0.039998 37
0.040248 55
0.041184 77
0.040747 99
0.040777 12
0.040017 51
0.040167 1
0.040234 138
0.041077 52
0.041274 67
0.040285 97
0.039791 41
0.040453 19
0.039668 10
0.040705 73
0.040829 99
0.041230 30
0.041074 29
0.041076 29
0.040115 4
0.040219 18
0.039971 52
0.040332 7
0.041396 29
0.040512 21
0.040568 8
0.040236 29
0.041305 33
0.040890 34
0.041480 68
0.039715 306
0.041189 360
0.040287 438
0.533717 312
0.490150 360
0.560128 402
2.243982 85
3.812398 1
0.514093 1
0.351490 1
0.771062 1
0.141911 1
0.208592 2
0.972995 1
0.762562 1
0.288391 1
0.439456 1
0.159098 1
0.212248 1
0.177463 1
0.271254 1
0.176959 1
0.109444 1
3.994680 11
3.836519 12
0.151259 41
0.053845 12
0.504017 35
17.479811 31
3.406706 622
0.000424 153
37.710789 12
59.102835 12
44.494839 1
0.411469 2
1.820140 243
0.004903 31
0.119699 396
0.000731 66
0.000797 82
0.000032 2
0.000046 3
1.382845 2
0.017804 41
0.348345 129
0.000586 95
4.179914 1
0.357847 2
0.001526 102
0.445492 1
0.285507 4
3.795581 42
0.000149 2
1.426620 12
2.615983 108
0.003180 63
0.074652 65
0.091623 52
0.030561 47
0.060396 65
56.247819 12
59.206515 12
59.125910 12
27.979204 33
0.005823 2
0.004966 65
0.111509 19
0.000219 55
0.887723 17
0.558869 11
0.239086 12
0.007121 41
0.052786 12
0.474499 35
1.937816 31
3.510456 622
0.000363 153
1.504580 2
1.164699 243
0.009436 31
0.139279 396
0.000472 153
0.900070 2
0.016459 41
0.303098 129
0.000544 95
1.293736 1
0.214105 2
0.001555 102
0.475750 1
0.166825 2
0.001302 2
3.515713 44
3.709244 108
0.002604 63
0.055306 65
0.055712 52
0.023814 47
0.019996 65
6.124413 69
0.901416 64
0.946036 64
0.914123 65
0.956395 71
0.943545 63
1.005109 66
0.978485 68
1.176558 64
0.991713 66
1.015549 68
0.886082 70
0.957714 69
1.108948 73
0.975165 72
1.033801 68
1.009498 71
0.942501 75
1.080147 68
0.943605 69
1.014833 65
0.973755 65
0.958189 68
0.953985 77
1.024697 64
1.163334 69
0.969987 68
0.974845 67
0.968158 66
1.000759 70
0.985791 65
1.311944 66
1.065242 71
1.006023 65
0.362936 12
0.580569 68
0.937144 67
0.964479 67
1.006387 65
0.956883 66
1.070127 68
1.007279 64
0.968313 70
0.987560 67
0.894560 71
0.997901 70
0.990645 79
0.933046 76
1.280866 75
0.978054 65
0.934824 71
0.961067 68
1.165894 71
1.027288 67
1.247710 70
0.958746 72
0.986483 67
0.988145 70
1.012303 68
0.976566 72
0.921768 71
1.006429 70
0.915829 69
0.959452 68
1.195537 67
1.008075 68
1.104158 70
1.498161 64
0.945077 70
0.914709 65
0.957840 73
0.992620 67
0.934328 66
0.966068 67
0.935154 74
0.981515 68
1.022326 68
0.972348 81
2.227152 68
1.063199 72
0.968445 71
0.918408 65
0.951623 65
1.021375 75
0.929607 67
1.025412 72
0.964193 66
0.909534 65
1.050434 67
1.595065 69
0.972197 75
0.978901 71
0.492966 12
0.465082 78
0.924457 67
0.984612 66
1.004953 67
0.928990 72
0.980728 65
1.005512 70
0.959983 69
1.002268 64
0.959867 73
0.964710 64
0.987746 68
0.990155 64
1.062645 64
1.014174 65
1.107144 64
1.190277 60
1.690211 455
0.003583 30
0.000507 30
0.000610 30
0.000036 61
0.313248 131
0.040807 57
1.040711 58
0.994151 60
0.983836 70
0.003011 18
0.036494 8
0.004709 21
0.003290 9
0.004595 25
0.003259 9
0.003921 20
0.002628 9
0.003934 20
0.002185 9
0.003142 21
0.002233 9
0.003148 27
0.002177 9
0.004972 19
0.003127 9
0.003888 22
0.002819 9
0.003142 24
0.002171 9
0.003963 20
0.002635 9
0.004172 22
0.002824 9
0.004041 24
0.002711 9
0.003592 26
0.002995 9
0.005396 25
0.003241 9
0.004194 29
0.002331 9
0.003100 28
0.002307 9
0.003144 24
0.002400 9
0.003137 27
0.002218 9
0.003076 31
0.002255 9
0.003114 24
0.002281 9
0.003094 25
0.002216 9
0.004555 21
0.002867 9
0.004689 21
0.002316 9
0.003156 24
0.002268 9
0.003134 33
0.002217 9
0.003253 20
0.002291 9
0.003149 25
0.002355 9
0.003138 24
0.002205 9
0.003183 23
0.002251 9
0.003561 22
0.002982 9
0.005069 26
0.002707 9
0.003157 21
0.002262 9
0.003134 22
0.002205 9
0.003164 27
0.002259 9
0.003171 21
0.002281 9
0.003189 24
0.002241 9
0.003153 23
0.002289 9
0.003188 23
0.005526 9
0.002631 21
0.003167 9
0.003400 22
0.002296 9
0.003172 24
0.002284 9
0.003140 20
0.002226 9
0.003106 26
0.002254 9
0.003190 23
0.002239 9
0.003160 27
0.002267 9
0.003177 26
0.004979 9
0.003454 35
0.003015 9
0.003175 32
0.002331 9
0.003148 31
0.002261 9
0.003141 21
0.002232 9
0.003219 27
0.002337 9
0.003108 24
0.002260 9
0.003158 27
0.002237 9
0.003146 23
0.002557 9
0.004696 26
0.003402 9
0.003644 28
0.002250 9
0.003250 23
0.002294 9
0.003165 26
0.002204 9
0.003074 24
0.002260 9
0.003167 28
0.002279 9
0.003166 27
0.002236 9
0.003116 26
0.002398 9
0.004910 25
0.003628 9
0.003844 24
0.002283 9
0.003140 23
0.002303 9
0.003178 24
0.002256 9
0.003107 26
0.002225 9
0.003126 20
0.002268 9
0.003187 26
0.002240 9
0.003121 21
0.002262 9
0.008217 38
0.003365 23
0.003002 9
0.003167 22
0.002251 9
0.003395 23
0.002286 9
0.003196 30
0.002241 9
0.003184 24
0.002295 9
0.003187 24
0.002284 9
0.003174 37
0.002226 9
0.003150 24
0.003477 9
0.004756 28
0.002675 9
0.003868 27
0.002289 9
0.003149 21
0.002322 9
0.003184 21
0.002345 9
0.003157 31
0.002247 9
0.003123 23
0.002307 9
0.003160 28
0.002292 9
0.003098 22
0.004090 9
0.004894 21
0.002507 9
0.003210 23
0.002265 9
0.003120 25
0.002285 9
0.003334 31
0.002297 9
0.003175 27
0.002249 9
0.003165 34
0.002278 9
0.003164 23
0.002288 9
0.003198 22
0.003853 9
0.004701 23
0.002849 9
0.003241 28
0.002334 9
0.003198 21
0.002289 9
0.003193 26
0.002408 9
0.003197 25
0.002345 9
0.003214 20
0.002284 9
0.003197 29
0.002352 9
0.003190 20
0.003544 9
0.004623 24
0.003133 9
0.003270 20
0.002265 9
0.003183 20
0.002231 9
0.003140 21
0.002216 9
0.003191 20
0.002278 9
0.003304 16
0.002247 9
0.003094 13
0.002230 9
0.003098 14
0.002546 9
0.006639 16
0.002273 9
0.526621 52
0.221736 81
0.138774 24
0.016731 85
0.078749 24
0.020337 80
0.102622 24
0.021149 80
0.056674 24
0.015589 81
0.128597 24
0.015425 87
0.029133 24
0.015096 79
0.030684 24
0.021870 82
0.384227 24
0.023386 84
0.131106 24
0.018777 80
0.070078 24
0.015505 82
0.080537 24
0.019920 84
0.076938 24
0.015524 86
0.114117 24
0.021932 85
0.158793 24
0.023676 89
0.071608 24
0.018156 88
0.132335 24
0.023128 84
0.204853 24
0.019745 87
0.087970 24
0.020470 91
0.127078 24
0.021650 84
0.066193 24
0.016470 85
0.049661 24
0.015089 81
0.087448 24
0.015242 81
0.096459 24
0.015546 84
0.084593 24
0.019841 93
0.049041 24
0.019452 80
0.075446 24
0.015772 85
0.036636 24
0.015607 84
0.059471 24
0.016399 83
0.171112 24
0.017021 82
0.065835 24
0.016924 86
0.168619 24
0.020823 81
0.096896 24
0.016718 82
0.091464 24
0.016518 87
0.111362 24
0.020457 81
0.130969 24
0.018289 84
0.060335 24
0.017790 83
0.092100 24
0.019491 83
0.054797 24
0.015287 81
0.076776 24
0.017044 82
0.117004 24
0.017099 84
0.167724 24
0.015676 80
0.287738 24
0.024134 86
0.072113 24
0.018815 83
0.033852 24
0.016981 87
0.029327 24
0.016884 86
0.073411 24
0.022577 95
0.048324 24
0.016550 92
0.069363 24
0.016251 91
0.141274 24
0.020902 81
0.063762 24
0.016128 87
0.092592 24
0.015578 84
0.094726 24
0.016156 87
0.073431 24
0.018089 83
0.761657 24
0.020123 86
0.141911 24
0.021433 88
0.066732 24
0.017882 83
0.058999 24
0.020481 86
0.079143 24
0.019338 84
0.192153 24
0.021472 88
0.125131 24
0.022560 87
0.076380 24
0.016273 86
0.101269 24
0.024727 85
0.060462 24
0.020290 84
0.190137 24
0.016322 83
0.071176 24
0.015885 84
0.100053 24
0.019553 86
0.057789 24
0.021507 80
0.069499 24
0.017272 86
0.052441 24
0.017401 81
0.059078 24
0.017146 89
0.094315 24
0.021115 83
0.278129 24
0.020356 82
0.114656 24
0.015413 83
0.054672 24
0.016401 90
0.077449 24
0.017162 84
0.035879 24
0.015797 84
0.057288 24
0.017133 97
0.069193 24
0.019318 84
0.151702 24
0.024475 88
0.092660 24
0.018990 87
0.045019 24
0.015641 81
0.055255 24
0.020809 81
2.755521 24
0.022792 91
0.874816 24
0.023616 83
0.544275 24
0.017891 88
0.167139 24
0.023206 82
0.263183 24
0.021473 81
2.732693 24
0.022699 83
0.109756 24
0.020099 85
0.577482 24
0.023180 91
0.182094 24
0.021773 87
0.140706 24
0.019898 94
0.112917 24
0.017912 83
0.095985 24
0.016626 82
0.975640 24
0.022266 83
0.119211 24
0.021211 88
0.084443 24
0.017806 79
0.000138 2
0.169807 24
0.018419 86
0.121640 24
0.020750 85
0.173310 24
0.021057 80
0.111133 24
0.015539 89
0.105448 24
0.016064 80
0.333787 24
0.024208 84
0.670170 24
0.024053 80
0.284061 24
0.020721 80
0.154423 24
0.015314 81
0.109227 24
0.015750 80
0.140635 24
0.021340 76
4.587400 24
0.020793 73
0.135729 24
0.014974 74
0.123081 24
0.021106 76
0.267402 24
0.009964 52
0.000769 28
0.140605 31
0.538864 25
0.320947 31
0.303038 27
0.008646 51
0.087710 70
0.034596 50
0.000322 16
3.349426 50
0.609877 52
0.092937 34
0.372761 41
0.020866 59
0.001090 33
0.012660 40
0.026971 36
0.238042 43
0.024269 63
0.000500 35
0.001190 42
0.123848 72
0.001904 36
0.128368 47
0.002554 33
0.043531 38
0.193910 69
0.216571 188
0.000024 2
0.000213 159
0.000137 2
0.009505 336
0.000279 2
0.018305 94
0.000394 251
0.072314 348
0.000054 2
0.045215 351
0.056846 352
0.000058 2
0.028841 335
0.000043 2
0.034730 348
0.109899 333
0.000035 2
0.016728 338
0.002151 182
0.000016 80
0.000007 73
0.000006 2
0.000006 2
0.000203 6
0.001933 171
0.000026 173
0.001579 341
0.002221 337
0.000030 2
0.007984 340
0.013631 336
0.000042 2
0.017735 334
0.000028 6
0.010784 179
0.000030 161
0.006781 342
0.003467 343
0.001815 339
0.009460 342
0.014719 339
0.000040 2
0.022244 340
0.000059 2
0.003294 339
0.000041 2
0.002367 341
0.000042 2
0.001825 337
0.000041 2
0.002640 339
0.028992 171
0.000203 171
0.009253 169
0.000181 173
0.005835 338
0.000030 2
0.004114 340
0.000054 2
0.056369 351
0.092684 335
0.029327 337
0.000055 2
0.041064 337
0.037473 337
0.000058 2
0.011755 4
0.000054 85
0.000035 76
0.000033 2
0.000031 8
0.000031 2
0.000032 2
0.000052 74
0.000032 2
0.000030 73
0.000032 2
0.000038 2
0.000058 4
0.000057 2
0.002434 4
0.000056 97
0.000038 76
0.000037 2
0.000035 8
0.000035 2
0.000035 2
0.000036 74
0.000034 2
0.000095 73
0.000127 2
0.000033 2
0.000046 4
0.000045 2
0.005496 178
0.000048 173
0.001872 348
0.000029 2
0.001510 350
0.019169 353
0.002125 355
0.000032 2
0.001670 353
0.000029 2
0.024465 341
0.014018 340
0.011635 98
0.000045 249
0.006998 340
0.008419 353
0.004755 336
0.000035 2
0.014349 338
0.000031 2
0.022850 344
0.032337 348
0.020461 342
0.024022 346
0.037368 335
0.000055 2
0.015819 338
0.002226 183
0.000014 4
0.000024 159
0.010926 343
0.007458 344
0.031767 12
0.013943 88
0.000036 251
0.061094 337
0.000035 2
0.077492 332
0.000025 2
0.000248 6
0.444281 329
0.000300 6
0.046969 344
0.000042 2
0.103751 353
0.286056 336
0.000232 8
0.042573 345
0.037339 347
0.083558 347
0.085214 352
0.000060 2
0.210634 351
0.137776 4
0.000067 91
0.000036 76
0.000034 2
0.000032 8
0.000031 2
0.000032 2
0.000033 74
0.000032 2
0.000034 73
0.000033 2
0.000031 2
0.000043 4
0.000040 2
0.117767 347
0.202895 261
0.000270 83
0.050728 346
0.279285 110
0.341353 334
0.032635 336
0.000062 2
0.039252 169
0.000060 173
0.031311 350
0.102607 334
0.030188 361
0.000058 2
0.429333 364
0.692951 345
0.083150 359
0.000063 2
0.033987 343
0.023246 351
0.024407 361
0.677504 347
0.000299 2
0.033570 346
0.023721 358
0.000033 2
6.488634 348
0.000063 2
0.200234 341
0.000041 8
0.484439 189
0.000054 159
0.223092 344
0.073566 261
0.000229 81
0.000043 2
0.042677 342
0.000185 2
0.056625 94
0.000015 76
0.000131 171
0.000030 2
0.053321 345
0.112148 344
0.053763 334
0.000060 6
0.000038 2
0.308288 353
0.040460 360
0.097890 349
0.196973 186
0.000049 173
0.041692 362
0.000054 2
0.041204 353
0.022104 346
0.013247 4
0.000112 94
0.000037 76
0.000031 2
0.000031 8
0.000031 2
0.000033 2
0.000031 74
0.000029 2
0.000032 73
0.000029 2
0.000029 2
0.000043 4
0.000038 2
0.813687 345
7.658477 21
37.186121 12
7.605595 20
2.312274 131
0.381160 15
0.535592 74
0.000329 86
0.002406 86
0.038693 105
0.009743 105
0.040713 73
0.676786 104
0.108298 104
0.288019 48
0.080556 4
0.000153 120
0.000245 1
0.000075 3
0.000064 1
0.000097 1
0.000058 1
0.000062 1
0.000060 4
0.000098 9
0.000060 9
0.000057 4
0.000057 4
0.000059 8
0.000058 2
0.000065 6
0.000067 11
0.000058 1
0.000057 2
0.000060 1
0.000058 8
0.000060 1
0.000058 20
0.000060 1
0.000057 2
0.000059 1
0.000057 7
0.000057 1
0.000058 2
0.000060 1
0.000057 3
0.000057 1
0.000058 33
0.000062 4
0.000064 2
0.000102 50
0.000067 2
0.000068 9
0.000063 9
0.000059 2
0.000064 4
0.002807 4
0.000126 120
0.000067 1
0.000059 3
0.000056 1
0.000055 1
0.000054 1
0.000055 1
0.000055 4
0.000059 9
0.000067 9
0.000063 4
0.000060 4
0.000060 8
0.000057 2
0.000073 6
0.000057 11
0.000056 1
0.000054 2
0.000055 1
0.000054 8
0.000056 1
0.000054 20
0.000057 1
0.000061 2
0.000063 1
0.000056 7
0.000093 1
0.000055 2
0.000054 1
0.000054 3
0.000054 1
0.000054 33
0.000059 4
0.000062 2
0.000099 50
0.003136 2
0.000228 9
0.000069 9
0.000063 2
0.000063 4
0.027965 27
0.199804 31
0.000016 10
0.000010 3
0.029764 60
0.001441 60
0.197274 39
0.127628 93
0.178237 123
0.221379 93
0.026028 39
0.157255 74
0.021259 140
0.033850 119
0.051787 118
0.286930 124
0.240585 137
0.000024 1
0.000201 3
0.000018 1
0.000135 2
0.000016 1
0.000082 1
0.000016 4
0.000091 9
0.000016 9
0.000127 4
0.000017 4
0.000085 2
0.000015 6
0.000120 6
0.000016 1
0.000115 26
0.000016 1
0.000094 17
0.000101 18
0.000098 24
0.000020 4
0.000085 2
0.000137 143
0.000016 2
0.000101 4
0.001238 265
0.000041 2
0.000254 94
0.000030 9
0.000125 93
0.000027 4
0.000716 159
0.000017 9
0.000124 16
0.000025 6
0.000088 11
0.000009 4
0.000051 13
0.000011 3
0.000054 13
0.000010 1
0.000052 8
0.000009 1
0.000052 22
0.000009 1
0.000052 16
0.000067 71
0.000009 2
0.000059 76
0.020681 10
0.000012 10
0.000008 3
0.023481 125
0.131716 151
0.000193 26
0.000075 14
0.000079 15
0.000066 13
0.000072 63
0.000065 70
0.000077 81
0.007003 22
0.023635 123
0.140904 124
0.111960 121
0.135354 121
0.100686 119
0.005752 122
0.128085 124
0.107917 147
0.151019 136
0.258668 120
0.160898 118
0.008234 133
0.189462 116
0.096252 135
0.136185 137
0.116879 67
0.058440 122
0.147090 46
0.077166 76
0.028477 85
0.064794 116
0.199018 50
0.082287 125
0.172883 29
0.023741 75
0.017122 119
0.015161 83
0.170201 49
0.034829 115
0.136404 117
0.039460 28
0.061275 76
0.041433 95
0.605516 4
0.000149 137
0.000084 1
0.000070 4
0.000065 1
0.000063 2
0.000063 1
0.000060 1
0.000104 4
0.000063 9
0.000065 9
0.000063 4
0.000063 4
0.000088 2
0.000071 6
0.000064 6
0.000062 1
0.000061 9
0.000063 1
0.000062 4
0.000063 1
0.000062 20
0.000066 1
0.000063 3
0.000062 1
0.000064 3
0.000058 1
0.000061 8
0.000062 1
0.000062 3
0.000062 1
0.000060 4
0.000061 1
0.000062 10
0.000065 1
0.000065 21
0.000063 1
0.000060 10
0.000064 4
0.000066 2
0.000108 56
0.000075 2
0.000069 9
0.000065 46
0.000064 2
0.000068 4
0.002439 4
0.000149 137
0.000076 1
0.000063 4
0.000061 1
0.000060 2
0.000059 1
0.000063 1
0.000063 4
0.000064 9
0.000063 9
0.000062 4
0.000061 4
0.000063 2
0.000078 6
0.000065 6
0.000062 1
0.000063 9
0.000061 1
0.000061 4
0.000060 1
0.000060 20
0.000062 1
0.000060 3
0.000061 1
0.000061 3
0.000061 1
0.000061 8
0.000063 1
0.000062 3
0.000059 1
0.000063 4
0.000064 1
0.000076 10
0.000065 1
0.000063 21
0.000063 1
0.000061 10
0.000063 4
0.000066 2
0.000109 60
0.000070 2
0.000066 9
0.000066 50
0.000065 2
0.000067 4
0.259763 23
0.043163 123
0.212208 130
0.085015 126
0.182522 117
0.119294 124
0.274989 130
0.308685 130
0.273741 52
0.033008 128
0.272269 116
0.082348 29
0.034188 119
0.193775 27
0.016196 76
0.022338 74
0.011798 80
0.046307 76
0.215020 48
0.174389 27
0.119322 75
0.079110 97
0.147179 50
0.088892 98
0.117982 29
0.225615 54
0.102396 29
0.007853 98
0.022973 140
0.140703 95
0.211138 99
0.005418 141
0.374038 98
0.578367 101
0.178511 98
0.150158 96
0.405120 96
0.762558 97
0.295709 101
0.418020 85
0.299593 84
0.417993 49
0.178672 28
0.047708 150
0.711563 146
0.149001 157
2.047876 160
1.035855 154
8.688179 157
0.184035 58
0.079240 95
0.319094 98
0.289658 98
0.268345 99
0.264528 99
0.350289 33
0.043403 150
3.515028 137
1.485575 138
4.455473 87
0.051414 104
0.578982 105
0.295280 40
0.065236 132
0.330079 138
0.875363 150
3.525949 151
0.729918 147
1.886347 140
0.798984 12
1.623818 142
0.838653 86
0.094136 106
0.524509 150
0.612605 107
0.490284 106
0.355401 39
0.108750 84
0.147800 95
0.088542 141
0.221827 98
0.281343 97
0.380148 95
0.179955 95
0.158678 95
0.429481 99
0.079662 97
0.089610 97
0.137043 95
0.249174 97
0.023960 97
0.217624 96
0.051481 94
0.161259 97
0.009486 98
0.158995 97
0.091358 94
0.037491 89
0.131909 148
0.050853 87
0.105815 147
0.107272 86
0.318044 97
0.374894 91
0.308394 37
0.032488 87
0.069123 95
0.233127 95
0.150644 40
0.038668 85
0.057412 101
0.236218 38
0.055692 142
1.326285 143
1.001157 148
2.199165 141
0.581970 151
0.178599 141
2.389249 145
0.182187 130
0.234571 134
0.192622 148
0.248408 145
0.177453 133
0.419902 134
0.183553 134
0.197814 134
0.074241 136
0.205485 135
0.237863 187
0.000171 416
0.000733 179
0.000166 424
0.003889 148
0.000015 4
0.000136 60
0.000018 4
0.000018 38
0.000009 1
0.000060 20
0.000016 21
0.000019 17
0.000058 181
0.003578 82
0.000450 156
0.000106 399
0.054709 1
0.010229 22
0.080033 87
0.053190 104
0.232312 40
0.017261 88
0.068564 87
0.020066 107
0.055224 102
0.268751 104
0.022811 106
0.249711 102
0.065800 106
0.144847 102
0.235275 40
0.017691 41
0.045301 86
0.017255 86
0.032842 99
0.008075 69
0.006456 101
0.344297 100
0.072190 39
0.060049 84
0.057039 94
0.126846 99
0.087126 94
0.197281 101
0.008184 37
0.037148 87
0.039990 104
0.134069 101
0.193322 40
0.050476 56
0.078528 91
0.005223 100
0.287994 39
0.002008 94
0.046430 63
0.058832 100
0.146730 95
0.105943 103
0.153899 103
0.030343 95
0.182272 104
0.007650 94
0.074519 46
0.039152 95
0.075047 104
0.104373 31
0.039710 30
0.020107 38
0.003195 88
0.047858 30
0.004513 35
0.045086 35
0.005273 137
0.027296 37
0.020074 8
0.000140 2
0.000059 9
0.000059 9
0.000051 4
0.000053 4
0.000054 154
0.000067 4
0.000051 2
0.024506 45
0.010040 37
0.036146 45
0.023650 59
0.041596 67
0.057221 177
0.000015 22
0.000152 471
0.000015 2
0.000011 3
0.000099 327
0.000021 3
0.000181 184
0.000028 38
0.000171 338
0.000028 2
0.000034 219
0.000080 245
0.000146 520
0.076988 2576
0.003134 22
0.000138 149
0.000065 1
0.000050 2
0.000049 3
0.000055 22
0.000049 147
0.000057 1
0.000042 2
0.000045 3
0.000053 22
0.000049 130
0.000054 1
0.000046 1
0.000046 3
0.000057 22
0.000048 138
0.000054 1
0.000049 2
0.000048 3
0.000055 22
0.000049 148
0.000055 1
0.000046 2
0.000049 3
0.000059 4
0.000050 148
0.000059 1
0.000044 3
0.000046 1
0.000047 1
0.000047 1
0.000043 1
0.000047 4
0.000062 9
0.000051 7
0.000047 4
0.000049 4
0.000050 2
0.000081 6
0.000065 12
0.000051 1
0.000061 27
0.000027 13
0.000045 16
0.000018 3
0.000042 17
0.000021 13
0.000042 21
0.000043 8
0.000042 15
0.000021 34
0.000047 2
0.000057 64
0.000047 57
0.000088 159
0.000020 6
0.000047 15
0.000020 12
0.000045 19
0.000021 16
0.000041 6
0.000093 213
0.000073 6
0.000023 212
0.000016 33
0.000015 116
0.000016 171
0.000015 47
0.000015 23
0.000029 159
0.000016 4
0.001197 506
0.000027 411
0.000016 41
0.000015 42
0.000016 53
0.000038 133
0.000015 4
0.000015 180
0.000014 47
0.000015 6
0.000027 215
0.000015 167
0.000015 44
0.000014 38
0.000015 110
0.000016 169
0.000014 43
0.000015 35
0.000029 159
0.000015 4
0.000260 199
0.000046 480
0.000071 181
0.000336 12
0.000021 90
0.000076 75
0.000017 4
0.002203 180
0.000031 119
0.000108 25
0.000019 54
0.000080 117
0.000019 8
0.000060 161
0.000017 47
0.000056 19
0.000016 2
0.000071 215
0.000018 170
0.000064 24
0.000017 55
0.000096 112
0.000019 170
0.000058 24
0.000017 51
0.000079 159
0.000017 4
0.868436 352
0.000019 22
0.000230 138
0.000064 167
0.000012 3
0.000062 179
0.000011 3
0.000078 178
0.000076 159
0.000072 26
0.000060 25
0.000064 26
0.000010 1
0.000050 7
0.000057 21
0.000054 8
0.000056 14
0.000054 13
0.000053 21
0.000057 20
0.000053 36
0.000069 2
0.000063 103
0.000010 2
0.000062 8
0.000012 154
0.000064 8
0.000009 1
0.000046 19
0.000010 4
0.000073 8
0.000064 14
0.000010 5
0.000049 14
0.000010 2
0.000078 213
0.000009 2
0.000281 163
0.000012 86
0.000082 116
0.000067 165
0.000066 21
0.000009 4
0.000105 17
0.000014 4
0.000079 24
0.000103 6
0.000015 97
0.000125 66
0.041879 38
0.007482 171
0.000017 3
0.000142 338
0.000072 192
0.000010 154
0.000183 390
0.000114 376
0.000011 4
0.000020 2
0.000106 464
0.000110 357
0.000140 163
0.026476 172
0.000013 2
0.000117 504
0.000008 1
0.000179 189
0.000011 154
0.000009 1
0.000011 4
0.000087 44
0.000126 132
0.000136 366
0.000113 464
0.000040 279
0.000019 2
0.000018 1
0.000018 1
0.000011 4
0.000129 47
0.000012 17
0.000060 6
0.000061 97
0.000011 60
0.000010 2
0.000072 4
0.025463 31
0.002486 22
0.000121 325
0.000009 2
0.000008 3
0.000021 22
0.000026 304
0.000012 2
0.000103 346
0.000010 2
0.000027 1
0.000032 1
0.000031 1
0.000031 1
0.000036 4
0.000033 9
0.000032 7
0.000033 4
0.000031 4
0.000034 2
0.000033 6
0.000033 12
0.000032 1
0.000031 11
0.000033 1
0.000031 2
0.000032 1
0.000032 11
0.000031 1
0.000032 4
0.000032 1
0.000031 1
0.000032 1
0.000032 5
0.000031 1
0.000032 10
0.000031 1
0.000032 4
0.000032 1
0.000031 2
0.000032 1
0.000032 4
0.000032 1
0.000032 9
0.000031 1
0.000032 2
0.000031 1
0.000031 1
0.000032 1
0.000032 10
0.000032 1
0.000032 12
0.000032 1
0.000032 7
0.000032 1
0.000031 4
0.000032 1
0.000031 2
0.000032 1
0.000031 12
0.000033 2
0.000032 6
0.000030 24
0.000036 4
0.000031 2
0.000091 79
0.000034 2
0.000031 9
0.000037 48
0.000032 2
0.000030 4
0.000053 4
0.000035 154
0.000032 1
0.000029 3
0.000033 1
0.000033 2
0.000032 1
0.000031 1
0.000032 4
0.000032 9
0.000032 6
0.000032 4
0.000033 2
0.000031 6
0.000030 8
0.000065 1
0.000034 4
0.000031 1
0.000032 5
0.000032 1
0.000033 9
0.000032 4
0.000031 2
0.000074 101
0.000033 2
0.000031 9
0.000034 101
0.000032 2
0.000042 4
0.000046 4
0.000034 154
0.000033 1
0.000040 3
0.000032 1
0.000032 2
0.000032 1
0.000031 1
0.000032 4
0.000032 9
0.000032 6
0.000032 4
0.000032 2
0.000033 6
0.000031 8
0.000031 1
0.000032 4
0.000032 1
0.000032 5
0.000032 1
0.000032 21
0.000032 4
0.000032 2
0.000052 51
0.000032 2
0.000031 9
0.000031 48
0.000032 2
0.000031 4
0.000041 4
0.000093 154
0.000036 1
0.000030 3
0.000030 1
0.000032 2
0.000031 1
0.000032 1
0.000032 4
0.000032 9
0.000032 6
0.000030 4
0.000033 2
0.000031 6
0.000036 8
0.000031 1
0.000031 4
0.000031 1
0.000031 5
0.000033 1
0.000032 17
0.000031 4
0.000032 2
0.000074 86
0.000032 2
0.000030 9
0.000032 60
0.000030 2
0.000032 4
0.001493 22
0.000049 149
0.000030 1
0.000032 2
0.000032 3
0.000040 22
0.000034 147
0.000032 1
0.000030 2
0.000031 3
0.000039 22
0.000033 133
0.000031 1
0.000030 1
0.000031 3
0.000038 22
0.000033 143
0.000031 1
0.000029 1
0.000031 3
0.000038 22
0.000033 154
0.000031 1
0.000029 2
0.000031 3
0.000038 4
0.000034 157
0.000031 1
0.000029 3
0.000032 1
0.000030 1
0.000031 1
0.000031 1
0.000032 4
0.000032 9
0.000030 7
0.000033 4
0.000031 4
0.000032 2
0.000030 6
0.000032 12
0.000031 1
0.000031 11
0.000032 1
0.000030 2
0.000031 1
0.000031 11
0.000031 1
0.000032 4
0.000030 1
0.000031 1
0.000032 1
0.000031 5
0.000030 1
0.000031 10
0.000030 1
0.000031 4
0.000030 1
0.000031 2
0.000030 1
0.000031 4
0.000030 1
0.000031 9
0.000030 1
0.000031 2
0.000031 1
0.000030 1
0.000031 1
0.000031 10
0.000030 1
0.000035 12
0.000068 1
0.000024 7
0.000024 1
0.000024 4
0.000025 1
0.000024 2
0.000024 1
0.000025 12
0.000025 2
0.000025 6
0.000023 24
0.000025 4
0.000025 2
0.000091 57
0.000027 2
0.000024 9
0.000025 55
0.000024 2
0.000026 4
0.000042 4
0.000027 154
0.000025 1
0.000024 3
0.000024 1
0.000025 2
0.000024 1
0.000025 1
0.000025 4
0.000025 9
0.000024 6
0.000025 4
0.000025 2
0.000025 6
0.000024 8
0.000024 1
0.000024 4
0.000025 1
0.000025 5
0.000024 1
0.000025 9
0.000025 4
0.000024 2
0.000055 101
0.000026 2
0.000024 9
0.000027 101
0.000025 2
0.000027 4
0.000034 4
0.000028 154
0.000025 1
0.000023 3
0.000024 1
0.000025 2
0.000024 1
0.000024 1
0.000025 4
0.000025 9
0.000025 6
0.000024 4
0.000025 2
0.000024 6
0.000024 8
0.000023 1
0.000024 4
0.000024 1
0.000024 5
0.000024 1
0.000026 21
0.000024 4
0.000024 2
0.000039 51
0.000025 2
0.000024 9
0.000023 48
0.000024 2
0.000024 4
0.000031 4
0.000027 154
0.000024 1
0.000023 3
0.000025 1
0.000024 2
0.000024 1
0.000023 1
0.000025 4
0.000024 9
0.000024 6
0.000024 4
0.000025 2
0.000025 6
0.000023 8
0.000025 1
0.000024 4
0.000025 1
0.000025 5
0.000024 1
0.000025 17
0.000024 4
0.000024 2
0.000050 86
0.000086 2
0.000024 9
0.000023 60
0.000023 2
0.000023 4
0.000320 22
0.000037 149
0.000024 1
0.000024 2
0.000024 3
0.000031 22
0.000027 147
0.000025 1
0.000024 2
0.000025 3
0.000030 22
0.000026 133
0.000024 1
0.000023 1
0.000025 3
0.000029 22
0.000026 143
0.000025 1
0.000023 1
0.000024 3
0.000030 22
0.000027 154
0.000046 1
0.000025 2
0.000025 3
0.000031 4
0.000028 157
0.000025 1
0.000023 3
0.000024 1
0.000024 1
0.000025 1
0.000024 1
0.000025 4
0.000024 9
0.000025 7
0.000024 4
0.000024 4
0.000035 2
0.000025 6
0.000024 12
0.000025 1
0.000024 11
0.000024 1
0.000024 2
0.000024 1
0.000025 11
0.000024 1
0.000024 4
0.000024 1
0.000024 1
0.000024 1
0.000024 5
0.000024 1
0.000024 10
0.000024 1
0.000025 4
0.000024 1
0.000024 2
0.000024 1
0.000024 4
0.000024 1
0.000024 9
0.000023 1
0.000025 2
0.000024 1
0.000024 1
0.000025 1
0.000066 10
0.000027 1
0.000023 12
0.000023 1
0.000026 7
0.000024 1
0.000025 4
0.000025 1
0.000024 2
0.000024 1
0.000025 12
0.000025 2
0.000026 6
0.000024 24
0.000025 4
0.000024 2
0.000068 56
0.000024 2
0.000023 9
0.000026 54
0.000024 2
0.000025 4
0.000044 4
0.000027 154
0.000025 1
0.000023 3
0.000024 1
0.000025 2
0.000024 1
0.000024 1
0.000025 4
0.000025 9
0.000024 6
0.000024 4
0.000025 2
0.000025 6
0.000023 8
0.000025 1
0.000024 4
0.000024 1
0.000024 5
0.000024 1
0.000025 9
0.000024 4
0.000025 2
0.000054 101
0.000025 2
0.000024 9
0.000025 101
0.000025 2
0.000033 4
0.000033 4
0.000026 154
0.000025 1
0.000023 3
0.000025 1
0.000024 2
0.000024 1
0.000024 1
0.000024 4
0.000024 9
0.000024 6
0.000024 4
0.000024 2
0.000025 6
0.000026 8
0.000024 1
0.000024 4
0.000024 1
0.000024 5
0.000024 1
0.000025 21
0.000024 4
0.000024 2
0.000040 51
0.000025 2
0.000028 9
0.000024 48
0.000024 2
0.000024 4
0.000032 4
0.000026 154
0.000045 1
0.000024 3
0.000025 1
0.000024 2
0.000025 1
0.000024 1
0.000025 4
0.000025 9
0.000024 6
0.000025 4
0.000025 2
0.000025 6
0.000027 8
0.000024 1
0.000025 4
0.000023 1
0.000025 5
0.000025 1
0.000024 17
0.000024 4
0.000024 2
0.000053 86
0.000025 2
0.000024 9
0.000025 60
0.000024 2
0.000025 4
0.018373 346
0.000247 3
0.000009 3
0.000063 155
0.000008 1
0.000047 1
0.000008 3
0.000046 165
0.000007 1
0.000048 26
0.000008 154
0.000056 6
0.000008 22
0.000048 157
0.000010 3
0.000060 171
0.000007 2
0.000051 7
0.000014 145
0.000051 1
0.000008 2
0.000040 1
0.000007 1
0.000040 6
0.000008 9
0.000072 23
0.000008 12
0.000047 13
0.000008 2
0.000042 13
0.000008 4
0.000041 3
0.000007 5
0.000042 12
0.000007 4
0.000042 4
0.000007 4
0.000075 11
0.000007 2
0.000039 3
0.000007 10
0.000041 14
0.000007 7
0.000042 6
0.000007 2
0.000043 15
0.000008 6
0.000048 30
0.000094 42
0.000008 2
0.000054 9
0.000007 40
0.000046 6
0.000054 158
0.000008 1
0.000045 6
0.000007 1
0.000037 14
0.000007 6
0.000044 12
0.000008 8
0.000047 21
0.000007 4
0.000046 2
0.000055 112
0.000015 101
0.000058 6
0.000017 165
0.000047 1
0.000019 1
0.000900 39
0.000013 1
0.000114 11
0.000007 21
0.000046 6
0.000450 53
0.000015 57
0.000132 2
0.000008 4
0.000094 4
0.000351 158
0.000011 1
0.000007 2
0.000045 2
0.000040 4
0.000008 9
0.000043 6
0.000007 4
0.000052 2
0.000007 6
0.000045 8
0.000007 1
0.000042 4
0.000008 1
0.000037 5
0.000009 1
0.000040 17
0.000008 4
0.000043 2
0.000087 86
0.000007 2
0.000053 9
0.000009 60
0.000046 2
0.000007 4
0.001431 22
0.000273 150
0.000012 2
0.000091 3
0.000017 22
0.000066 147
0.000007 1
0.000068 2
0.000008 3
0.000051 22
0.000007 133
0.000064 1
0.000008 1
0.000053 3
0.000017 22
0.000058 143
0.000007 1
0.000062 1
0.000009 3
0.000080 22
0.000008 154
0.000061 1
0.000008 2
0.000080 3
0.000017 22
0.000071 155
0.000017 2
0.000063 3
0.000017 22
0.000055 148
0.000008 1
0.000065 2
0.000007 3
0.000064 4
0.000009 145
0.000067 1
0.000008 3
0.000045 1
0.000048 1
0.000047 1
0.000045 1
0.000046 4
0.000047 9
0.000047 7
0.000046 4
0.000046 4
0.000047 2
0.000055 6
0.000045 12
0.000045 1
0.000045 11
0.000045 1
0.000044 2
0.000044 1
0.000044 11
0.000045 1
0.000044 4
0.000044 1
0.000044 1
0.000045 1
0.000043 5
0.000046 1
0.000044 10
0.000044 1
0.000045 4
0.000045 1
0.000044 2
0.000044 1
0.000043 4
0.000044 1
0.000044 9
0.000044 1
0.000044 2
0.000044 1
0.000157 1
0.000047 1
0.000045 10
0.000045 1
0.000045 12
0.000046 1
0.000045 7
0.000045 1
0.000045 4
0.000043 1
0.000043 2
0.000043 1
0.000043 12
0.000046 2
0.000045 6
0.000043 24
0.000046 4
0.000044 2
0.000086 46
0.000051 2
0.000049 9
0.000047 44
0.000071 2
0.000052 4
0.000069 4
0.000052 154
0.000053 1
0.000049 3
0.000049 1
0.000047 2
0.000050 1
0.000049 1
0.000046 4
0.000051 9
0.000051 6
0.000075 4
0.000053 2
0.000049 6
0.000053 8
0.000046 1
0.000047 4
0.000049 1
0.000046 5
0.000049 1
0.000047 9
0.000048 4
0.000051 2
0.000099 101
0.000059 2
0.000051 9
0.000052 101
0.000052 2
0.000055 4
0.000071 4
0.000052 154
0.000052 1
0.000047 3
0.000047 1
0.000045 2
0.000047 1
0.000048 1
0.000048 4
0.000045 9
0.000045 6
0.000061 4
0.000048 2
0.000047 6
0.000047 8
0.000045 1
0.000045 4
0.000044 1
0.000045 5
0.000043 1
0.000043 21
0.000048 4
0.000046 2
0.000291 110
0.000069 2
0.000057 4
0.000065 4
0.000046 154
0.000068 1
0.000048 3
0.000043 1
0.000043 2
0.000044 1
0.000043 1
0.000043 4
0.000044 9
0.000045 6
0.000062 4
0.000046 2
0.000046 6
0.000043 8
0.000046 1
0.000043 4
0.000043 1
0.000043 5
0.000044 1
0.000048 17
0.000046 4
0.000045 2
0.000085 86
0.000050 2
0.000048 9
0.000046 60
0.000047 2
0.000048 4
0.020160 22
0.000163 149
0.001198 175
0.000206 6
0.000065 22
0.000060 133
0.000090 1
0.000052 1
0.000052 3
0.000184 22
0.000062 143
0.000059 1
0.000050 1
0.000051 3
0.000066 22
0.000056 154
0.000059 1
0.000050 2
0.000051 3
0.000057 22
0.000107 154
0.000146 1
0.000047 2
0.000046 3
0.000056 22
0.000051 148
0.000055 1
0.000046 2
0.000045 3
0.000055 4
0.000051 148
0.000054 1
0.000047 3
0.000045 1
0.000045 1
0.000046 1
0.000044 1
0.000078 4
0.000048 9
0.000047 7
0.000046 4
0.000046 4
0.000046 2
0.000054 6
0.000050 12
0.000051 1
0.000048 11
0.000048 1
0.000049 2
0.000047 1
0.000049 11
0.000050 1
0.000047 4
0.000050 1
0.000051 1
0.000049 1
0.000050 5
0.000050 1
0.000049 10
0.000048 1
0.000049 4
0.000047 1
0.000049 2
0.000049 1
0.000049 4
0.000048 1
0.000048 9
0.000053 1
0.000047 2
0.000057 1
0.000048 1
0.000046 1
0.000052 10
0.000052 1
0.000054 12
0.000059 1
0.000048 7
0.000047 1
0.000045 4
0.000053 1
0.000052 2
0.000046 1
0.000044 12
0.000047 2
0.000051 6
0.000046 24
0.000049 4
0.000050 2
0.000101 41
0.000055 2
0.000048 9
0.000049 39
0.000047 2
0.000049 4
0.000068 4
0.000054 154
0.000054 1
0.000053 3
0.000048 1
0.000045 2
0.000045 1
0.000045 1
0.000045 4
0.000046 9
0.000047 6
0.000050 4
0.000046 2
0.000044 6
0.000044 8
0.000043 1
0.000043 4
0.000043 1
0.000044 5
0.000043 1
0.000045 9
0.000043 4
0.000044 2
0.000099 101
0.000052 2
0.000046 9
0.000052 101
0.000049 2
0.000046 4
0.000063 4
0.000046 154
0.000054 1
0.000043 3
0.000044 1
0.000042 2
0.000043 1
0.000043 1
0.000042 4
0.000048 9
0.000046 6
0.000049 4
0.000045 2
0.000045 6
0.000079 8
0.000055 1
0.000046 4
0.000044 1
0.000044 5
0.000043 1
0.000043 21
0.000046 4
0.000048 2
0.000085 51
0.000052 2
0.000046 9
0.000048 48
0.000048 2
0.000051 4
0.000066 4
0.000050 154
0.000052 1
0.000047 3
0.000046 1
0.000047 2
0.000047 1
0.000049 1
0.000047 4
0.000047 9
0.000049 6
0.000053 4
0.000050 2
0.000051 6
0.000045 8
0.000049 1
0.000047 4
0.000048 1
0.000046 5
0.000050 1
0.000048 17
0.000046 4
0.000050 2
0.000102 86
0.000058 2
0.000052 9
0.000050 60
0.000051 2
0.000054 4
0.001160 31
0.029696 78
0.028049 22
0.000135 149
0.000072 1
0.000050 2
0.000047 3
0.000057 22
0.000050 147
0.000059 1
0.000048 2
0.000045 3
0.000052 22
0.000048 133
0.000059 1
0.000046 1
0.000044 3
0.000057 22
0.000049 143
0.000053 1
0.000047 1
0.000049 3
0.000059 22
0.000049 154
0.000056 1
0.000047 2
0.000047 3
0.000054 22
0.000048 154
0.000061 1
0.000048 2
0.000044 3
0.000058 4
0.000052 148
0.000055 1
0.000052 2
0.000046 1
0.000048 1
0.000046 1
0.000046 1
0.000047 4
0.000051 9
0.000049 7
0.000048 4
0.000083 4
0.000049 2
0.000052 6
0.000048 12
0.000047 1
0.000048 11
0.000050 1
0.000047 2
0.000048 1
0.000047 11
0.000048 1
0.000046 4
0.000047 1
0.000044 1
0.000045 1
0.000048 5
0.000047 1
0.000047 10
0.000048 1
0.000047 4
0.000047 1
0.000047 2
0.000046 1
0.000047 4
0.000048 1
0.000045 9
0.000048 1
0.000046 2
0.000047 1
0.000049 1
0.000047 1
0.000179 10
0.000048 1
0.000046 12
0.000046 1
0.000048 7
0.000048 1
0.000047 4
0.000048 1
0.000047 2
0.000048 1
0.000045 12
0.000049 2
0.000052 6
0.000046 24
0.000051 4
0.000051 2
0.000096 42
0.000052 2
0.000049 9
0.000051 40
0.000048 2
0.000064 4
0.000073 4
0.000051 154
0.000053 1
0.000046 3
0.000044 1
0.000044 2
0.000049 1
0.000050 1
0.000049 4
0.000051 9
0.000049 6
0.000076 4
0.000047 2
0.000049 6
0.000049 8
0.000049 1
0.000048 4
0.000049 1
0.000046 5
0.000047 1
0.000046 9
0.000048 4
0.000049 2
0.000101 101
0.000059 2
0.000051 9
0.000051 101
0.000052 2
0.000056 4
0.000071 4
0.000102 154
0.000130 1
0.000047 3
0.000045 1
0.000043 2
0.000043 1
0.000042 1
0.000045 4
0.000046 9
0.000044 6
0.000049 4
0.000046 2
0.000045 6
0.000048 8
0.000045 1
0.000042 4
0.000042 1
0.000043 5
0.000043 1
0.000043 21
0.000044 4
0.000044 2
0.000073 51
0.000048 2
0.000055 9
0.000047 48
0.000047 2
0.000061 4
0.000069 4
0.000049 154
0.000052 1
0.000228 7
0.000072 14
0.000053 12
0.000057 15
0.000049 11
0.000050 23
0.000098 86
0.000057 2
0.000095 9
0.000050 60
0.000047 2
0.000054 4
0.002095 22
0.000125 149
0.000062 1
0.000050 2
0.000047 3
0.000056 22
0.000049 147
0.000063 1
0.000044 2
0.000044 3
0.000050 22
0.000051 133
0.000050 1
0.000045 1
0.000047 3
0.000066 22
0.000051 143
0.000054 1
0.000046 1
0.000071 3
0.000057 22
0.000048 154
0.000056 1
0.000045 2
0.000046 3
0.000054 22
0.000049 154
0.000060 1
0.000046 2
0.000047 3
0.000056 4
0.000050 148
0.000054 1
0.000046 3
0.000045 1
0.000044 1
0.000043 1
0.000047 1
0.000043 4
0.000047 9
0.000051 7
0.000048 4
0.000049 4
0.000050 2
0.000061 6
0.000047 12
0.000049 1
0.000046 11
0.000045 1
0.000048 2
0.000045 1
0.000048 11
0.000049 1
0.000046 4
0.000045 1
0.000047 1
0.000046 1
0.000048 5
0.000047 1
0.000051 10
0.000047 1
0.000047 4
0.000044 1
0.000046 2
0.000043 1
0.000044 4
0.000042 1
0.000047 9
0.000045 1
0.000042 2
0.000043 1
0.000042 1
0.000048 1
0.000043 10
0.000044 1
0.000046 12
0.000047 1
0.000045 7
0.000047 1
0.000047 4
0.000046 1
0.000047 2
0.000049 1
0.000045 12
0.000047 2
0.000050 6
0.000046 24
0.000047 4
0.000047 2
0.000116 47
0.000050 2
0.000051 9
0.000046 45
0.000046 2
0.000067 4
0.000066 4
0.000046 154
0.000049 1
0.000044 3
0.000043 1
0.000044 2
0.000044 1
0.000044 1
0.000043 4
0.000044 9
0.000045 6
0.000045 4
0.000045 2
0.000046 6
0.000044 8
0.000044 1
0.000042 4
0.000043 1
0.000043 5
0.000044 1
0.000042 9
0.000044 4
0.000043 2
0.000084 101
0.000051 2
0.000048 9
0.000046 101
0.000048 2
0.000047 4
0.000054 4
0.000048 154
0.000048 1
0.000043 3
0.000042 1
0.000042 2
0.000041 1
0.000042 1
0.000041 4
0.000043 9
0.000043 6
0.000045 4
0.000042 2
0.000047 6
0.000046 8
0.000049 1
0.000044 4
0.000045 1
0.000045 5
0.000046 1
0.000046 21
0.000045 4
0.000046 2
0.000074 51
0.000050 2
0.000058 9
0.000059 48
0.000051 2
0.000047 4
0.000069 4
0.000056 154
0.000055 1
0.000067 3
0.000053 1
0.000051 2
0.000050 1
0.000049 1
0.000051 4
0.000051 9
0.000053 6
0.000057 4
0.000053 2
0.000052 6
0.000053 8
0.000050 1
0.000050 4
0.000050 1
0.000049 5
0.000050 1
0.000050 17
0.000050 4
0.000051 2
0.000100 86
0.000062 2
0.000058 9
0.000053 60
0.000052 2
0.000053 4
0.000925 22
0.000133 149
0.000063 1
0.000048 2
0.000044 3
0.000055 22
0.000050 147
0.000055 1
0.000045 2
0.000045 3
0.000053 22
0.000047 133
0.000057 1
0.000044 1
0.000044 3
0.000050 22
0.000101 143
0.000141 1
0.000052 1
0.000046 3
0.000056 22
0.000048 154
0.000053 1
0.000044 2
0.000044 3
0.000070 4
0.000060 154
0.000058 1
0.000053 2
0.000045 1
0.000043 1
0.000042 1
0.000051 1
0.000047 4
0.000047 9
0.000046 7
0.000047 4
0.000043 4
0.000045 2
0.000047 6
0.000046 12
0.000046 1
0.000044 11
0.000045 1
0.000045 2
0.000044 1
0.000045 11
0.000044 1
0.000042 4
0.000043 1
0.000047 1
0.000044 1
0.000047 5
0.000049 1
0.000045 10
0.000042 1
0.000043 4
0.000042 1
0.000042 2
0.000042 1
0.000042 4
0.000042 1
0.000042 9
0.000043 1
0.000042 2
0.000043 1
0.000042 1
0.000043 1
0.000042 10
0.000042 1
0.000044 12
0.000045 1
0.000042 7
0.000043 1
0.000045 4
0.000043 1
0.000042 2
0.000042 1
0.000046 12
0.000048 2
0.000052 6
0.000045 24
0.000045 4
0.000045 2
0.000092 48
0.000050 2
0.000186 9
0.000051 46
0.000049 2
0.000048 4
0.000071 4
0.000048 154
0.000053 1
0.000053 3
0.000043 1
0.000043 2
0.000043 1
0.000043 1
0.000043 4
0.000044 9
0.000046 6
0.000055 4
0.000052 2
0.000048 6
0.000045 8
0.000044 1
0.000046 4
0.000045 1
0.000044 5
0.000048 1
0.000045 9
0.000047 4
0.000049 2
0.000099 101
0.000056 2
0.000057 9
0.000050 101
0.000053 2
0.000048 4
0.000069 4
0.000055 154
0.000116 38
0.000025 1
0.000026 3
0.000025 1
0.000025 2
0.000026 1
0.000025 1
0.000028 4
0.000026 9
0.000026 6
0.000024 4
0.000025 2
0.000025 6
0.000023 8
0.000024 1
0.000024 4
0.000024 1
0.000058 5
0.000027 1
0.000027 21
0.000025 4
0.000024 2
0.000047 51
0.000025 2
0.000030 9
0.000024 48
0.000025 2
0.000026 4
0.000039 4
0.000027 154
0.000025 1
0.000024 3
0.000026 1
0.000024 2
0.000025 1
0.000024 1
0.000024 4
0.000025 9
0.000024 6
0.000025 4
0.000026 2
0.000024 6
0.000026 8
0.000025 1
0.000023 4
0.000025 1
0.000024 5
0.000024 1
0.000024 17
0.000024 4
0.000024 2
0.000052 86
0.000026 2
0.000024 9
0.000046 60
0.000026 2
0.000028 4
0.003792 22
0.000040 149
0.000025 1
0.000025 2
0.000024 3
0.000030 22
0.000027 147
0.000026 1
0.000025 2
0.000024 3
0.000030 22
0.000027 133
0.000024 1
0.000023 1
0.000025 3
0.000030 22
0.000026 143
0.000024 1
0.000025 1
0.000025 3
0.000031 22
0.000026 154
0.000026 1
0.000023 2
0.000024 3
0.000031 4
0.000026 159
0.000025 1
0.000022 2
0.000024 1
0.000024 1
0.000024 1
0.000024 1
0.000025 4
0.000025 9
0.000024 7
0.000024 4
0.000024 4
0.000026 2
0.000025 6
0.000024 12
0.000025 1
0.000024 11
0.000024 1
0.000024 2
0.000024 1
0.000025 11
0.000024 1
0.000024 4
0.000024 1
0.000024 1
0.000024 1
0.000024 5
0.000023 1
0.000024 10
0.000024 1
0.000024 4
0.000024 1
0.000024 2
0.000024 1
0.000024 4
0.000025 1
0.000024 9
0.000024 1
0.000023 2
0.000024 1
0.000024 1
0.000024 1
0.000024 10
0.000024 1
0.000024 12
0.000024 1
0.000024 7
0.000024 1
0.000024 4
0.000023 1
0.000024 2
0.000024 1
0.000024 12
0.000025 2
0.000024 6
0.000024 24
0.000024 4
0.000024 2
0.000064 45
0.000025 2
0.000028 9
0.000028 43
0.000024 2
0.000024 4
0.000044 4
0.000027 154
0.000025 1
0.000023 3
0.000024 1
0.000025 2
0.000024 1
0.000025 1
0.000024 4
0.000025 9
0.000024 6
0.000026 4
0.000025 2
0.000025 6
0.000023 8
0.000024 1
0.000024 4
0.000025 1
0.000024 5
0.000024 1
0.000049 9
0.000024 4
0.000025 2
0.000063 101
0.000025 2
0.000024 9
0.000026 101
0.000024 2
0.000023 4
0.000037 4
0.000027 154
0.000024 1
0.000023 3
0.000024 1
0.000024 2
0.000024 1
0.000024 1
0.000026 4
0.000025 9
0.000025 6
0.000025 4
0.000025 2
0.000024 6
0.000024 8
0.000024 1
0.000024 4
0.000024 1
0.000024 5
0.000024 1
0.000024 21
0.000024 4
0.000025 2
0.000104 51
0.000109 2
0.000027 9
0.000025 48
0.000025 2
0.000025 4
0.000041 4
0.000027 154
0.000025 1
0.000023 3
0.000025 1
0.000024 2
0.000024 1
0.000024 1
0.000024 4
0.000025 9
0.000025 6
0.000024 4
0.000026 2
0.000024 6
0.000023 8
0.000023 1
0.000027 4
0.000025 1
0.000024 5
0.000025 1
0.000024 17
0.000025 4
0.000024 2
0.000059 86
0.000025 2
0.000023 9
0.000025 60
0.000024 2
0.000027 4
0.004936 9
0.000032 13
0.000023 4
0.000022 4
0.000023 3
0.000022 1
0.000021 4
0.000022 1
0.000025 6
0.000023 1
0.000022 8
0.000022 1
0.000023 8
0.000021 1
0.000021 3
0.000021 1
0.000022 16
0.000023 4
0.000022 2
0.024836 76
0.036899 76
0.045331 77
0.011381 77
0.094729 79
0.001176 79
0.064390 80
0.007277 80
0.050829 76
0.040856 76
0.053878 39
0.004205 39
0.013070 144
0.045745 19
0.000013 9
0.000111 168
0.037270 55
0.039254 360
0.000030 840
0.000180 107
0.000014 1
0.000015 20
0.000014 37
0.000012 2
0.000012 1
0.000012 12
0.000011 2
0.000007 6
0.000053 30
0.000043 48
0.000007 9
0.000041 54
0.000014 154
0.000014 22
0.000012 6
0.000011 4
0.000007 2
0.000052 25
0.000007 1
0.000032 15
0.000043 219
0.000016 180
0.000052 27
0.000017 38
0.000014 53
0.000069 63
0.000008 167
0.000016 4
0.000061 9
0.000006 6
0.000014 4
0.000014 27
0.000007 1
0.000039 23
0.000040 86
0.000006 2
0.000014 9
0.000016 66
0.017540 181
0.003213 25
0.000013 155
0.000015 2
0.000014 3
0.000018 22
0.000008 149
0.000014 1
0.000007 2
0.000017 3
0.000016 22
0.000013 130
0.000006 1
0.000011 1
0.000013 3
0.000066 336
0.000006 1
0.000012 2
0.000006 3
0.000023 159
0.000006 2
0.000006 1
0.000015 1
0.000006 1
0.000007 1
0.000013 4
0.000007 9
0.000014 7
0.000007 4
0.000013 4
0.000012 2
0.000011 6
0.000012 12
0.000012 1
0.000011 11
0.000007 1
0.000014 2
0.000007 1
0.000014 11
0.000007 1
0.000013 4
0.000007 1
0.000014 1
0.000006 1
0.000014 5
0.000007 1
0.000013 10
0.000007 1
0.000011 4
0.000006 1
0.000014 2
0.000006 1
0.000011 4
0.000007 1
0.000013 9
0.000007 1
0.000011 2
0.000006 1
0.000014 1
0.000007 1
0.000015 10
0.000006 1
0.000006 12
0.000014 1
0.000006 7
0.000011 1
0.000007 4
0.000013 1
0.000007 2
0.000011 1
0.000011 12
0.000011 2
0.000007 6
0.000013 24
0.000007 4
0.000015 2
0.000063 55
0.000006 2
0.000013 9
0.000007 53
0.000013 2
0.000007 4
0.000035 159
0.000006 3
0.000006 1
0.000011 2
0.000007 1
0.000014 1
0.000007 4
0.000013 9
0.000007 6
0.000014 4
0.000007 2
0.000013 6
0.000007 8
0.000013 1
0.000007 4
0.000007 1
0.000015 5
0.000005 1
0.000007 9
0.000011 4
0.000007 2
0.000045 112
0.000006 101
0.000006 2
0.000012 4
0.000019 4
0.000007 154
0.000006 1
0.000015 3
0.000006 1
0.000006 2
0.000006 1
0.000015 1
0.000006 4
0.000007 9
0.000013 6
0.000007 4
0.000014 2
0.000006 6
0.000012 8
0.000006 1
0.000014 4
0.000007 1
0.000014 5
0.000006 1
0.000012 21
0.000006 4
0.000016 2
0.000029 51
0.000006 2
0.000012 9
0.000006 48
0.000015 2
0.000007 4
0.000022 158
0.000006 1
0.000012 3
0.000006 1
0.000014 2
0.000007 1
0.000011 1
0.000006 4
0.000014 9
0.000007 6
0.000011 4
0.000006 2
0.000014 6
0.000006 8
0.000012 1
0.000006 4
0.000015 1
0.000006 5
0.000006 1
0.000014 17
0.000007 4
0.000015 2
0.000042 86
0.000007 2
0.000012 9
0.000011 60
0.000007 2
0.000015 4
0.002412 22
0.009078 339
0.000014 2
0.000008 3
0.000220 497
0.000022 506
0.000098 51
0.000008 53
0.000048 234
0.000007 1
0.000058 39
0.000007 1
0.000007 4
0.000039 20
0.000014 2
0.000044 219
0.000016 171
0.000012 9
0.000006 6
0.000060 31
0.000013 1
0.000015 27
0.000015 53
0.000014 63
0.000015 166
0.000006 1
0.000006 4
0.000060 40
0.000013 1
0.000016 29
0.000051 163
0.001400 366
0.000013 171
0.000006 1
0.000007 2
0.000157 486
0.000016 60
0.000067 23
0.000013 5
0.000014 24
0.000013 16
0.000017 36
0.000007 1
0.000012 2
0.000006 1
0.000040 48
0.000015 2
0.000048 133
0.000008 4
0.000043 159
0.000013 3
0.000014 24
0.000016 26
0.000015 21
0.000064 431
0.000007 5
0.000073 90
0.000060 213
0.000008 21
0.000007 6
0.000006 4
0.000060 28
0.000013 17
0.000016 6
0.000065 163
0.000417 360
0.002992 3
0.000011 3
0.000007 22
0.000109 475
0.000009 3
0.000080 287
0.000017 79
0.009364 4
0.000383 148
0.003351 4
0.000014 2
0.000096 62
0.000096 16
0.000008 4
0.000036 8
0.000040 12
0.000008 4
0.000035 4
0.000008 4
0.000034 11
0.000008 2
0.000034 3
0.000008 10
0.000034 14
0.000008 7
0.000035 8
0.000038 21
0.000043 30
0.000059 53
0.000008 2
0.000040 66
0.000050 159
0.000009 3
0.000039 5
0.000016 4
0.000033 19
0.000009 2
0.000038 19
0.000016 1
0.000036 15
0.000008 4
0.000035 2
0.000047 112
0.000008 101
0.000048 164
0.000008 1
0.000042 8
0.000017 4
0.000034 19
0.000008 2
0.000043 19
0.000008 1
0.000035 31
0.000039 53
0.000042 61
0.000016 4
0.000046 162
0.000016 1
0.000040 8
0.000007 9
0.000034 12
0.000008 6
0.000037 14
0.000009 5
0.000033 22
0.000008 2
0.000046 86
0.000008 2
0.000039 75
0.035807 48
0.092391 54
0.092178 53
0.106244 47
0.035225 366
0.000014 22
0.000189 507
0.000009 332
0.000109 160
0.000008 1
0.000044 6
0.000018 4
0.000036 24
0.000041 21
0.000041 15
0.000016 11
0.000036 7
0.000039 17
0.000039 8
0.000038 15
0.000038 5
0.000038 24
0.000038 13
0.000038 16
0.000037 32
0.000007 4
0.000040 2
0.000041 49
0.000007 9
0.000041 51
0.000047 162
0.000045 5
0.000007 4
0.000033 19
0.000016 2
0.000049 20
0.000007 5
0.000034 14
0.000007 2
0.000050 101
0.000007 2
0.000041 116
0.000048 162
0.000007 1
0.000038 8
0.000009 9
0.000033 12
0.000007 6
0.000037 14
0.000008 5
0.000035 26
0.000006 2
0.000038 53
0.000017 9
0.000040 58
0.000039 159
0.000016 2
0.000040 15
0.000007 6
0.000035 20
0.000016 1
0.000037 11
0.000016 17
0.000035 6
0.000042 88
0.000008 9
0.000082 66
0.009049 22
0.004098 159
0.000016 3
0.000128 381
0.000090 305
0.000066 182
0.000075 1
0.000058 164
0.000020 1
0.000054 16
0.000011 7
0.000053 16
0.000009 12
0.000048 15
0.000009 1
0.000041 17
0.000046 8
0.000045 15
0.000009 1
0.000040 8
0.000046 12
0.000009 1
0.000039 13
0.000045 20
0.000009 1
0.000040 8
0.000043 20
0.000009 24
0.000045 6
0.000060 86
0.000009 2
0.000047 61
0.000082 158
0.000008 5
0.000065 4
0.000009 4
0.000041 19
0.000009 2
0.000049 19
0.000009 1
0.000040 19
0.000046 2
0.000044 103
0.000011 9
0.000049 107
0.000009 4
0.000049 159
0.000010 2
0.000044 15
0.000009 6
0.000048 20
0.000009 1
0.000041 11
0.000019 21
0.000042 6
0.000044 62
0.000009 48
0.000047 164
0.000019 1
0.000050 8
0.000045 19
0.000009 4
0.000045 17
0.000009 4
0.000041 24
0.000046 6
0.000046 88
0.000051 75
0.003456 22
0.002478 156
0.000296 3
0.000013 3
0.000068 182
0.000010 22
0.000053 155
0.000009 22
0.000054 160
0.000019 143
0.000054 181
0.000018 1
0.000051 157
0.000009 1
0.000051 6
0.000009 4
0.000038 24
0.000045 20
0.000008 1
0.000038 15
0.000018 11
0.000037 6
0.000009 1
0.000036 7
0.000008 10
0.000036 6
0.000008 2
0.000036 6
0.000008 9
0.000035 4
0.000008 1
0.000036 12
0.000008 12
0.000036 9
0.000009 4
0.000036 4
0.000021 12
0.000036 32
0.000009 4
0.000042 2
0.000042 42
0.000042 53
0.000053 158
0.000009 1
0.000044 8
0.000042 19
0.000008 4
0.000038 17
0.000017 4
0.000038 16
0.000043 6
0.000044 103
0.000048 116
0.000054 163
0.000018 2
0.000045 15
0.000008 6
0.000038 20
0.000018 1
0.000038 11
0.000041 27
0.000044 53
0.000008 9
0.000041 54
0.000008 4
0.000045 159
0.000009 2
0.000040 15
0.000008 6
0.000038 20
0.000018 1
0.000039 11
0.000041 23
0.000048 86
0.000008 2
0.000043 75
0.001292 179
0.000015 2
0.000177 362
0.000009 325
0.000120 181
0.000008 1
0.000053 166
0.000009 1
0.000047 6
0.000010 4
0.000038 20
0.000008 4
0.000040 21
0.000020 11
0.000039 15
0.000018 1
0.000036 7
0.000060 16
0.000044 6
0.000009 2
0.000036 6
0.000009 9
0.000036 5
0.000042 12
0.000009 12
0.000036 13
0.000042 16
0.000083 32
0.000010 4
0.000047 2
0.000053 79
0.000010 2
0.000048 63
0.000054 158
0.000009 1
0.000047 7
0.000009 1
0.000040 19
0.000009 4
0.000043 17
0.000010 4
0.000042 16
0.000046 6
0.000051 103
0.000052 116
0.000056 162
0.000009 1
0.000045 8
0.000008 9
0.000041 18
0.000050 14
0.000009 5
0.000039 26
0.000009 2
0.000044 53
0.000051 63
0.000054 162
0.000009 1
0.000045 8
0.000009 9
0.000039 18
0.000050 14
0.000009 5
0.000040 24
0.000058 86
0.000009 2
0.000045 75
0.001585 22
0.003315 159
0.000013 3
0.000134 514
0.000010 1
0.000008 1
0.000075 195
0.000061 164
0.000019 157
0.000058 8
0.000008 4
0.000039 24
0.000046 21
0.000009 11
0.000048 16
0.000018 4
0.000037 3
0.000008 5
0.000037 16
0.000042 8
0.000041 13
0.000041 13
0.000042 21
0.000041 8
0.000042 15
0.000008 6
0.000038 30
0.000063 57
0.000009 2
0.000095 70
0.000010 162
0.000102 4
0.000008 1
0.000037 19
0.000008 4
0.000052 21
0.000009 1
0.000038 19
0.000018 2
0.000057 101
0.000008 2
0.000044 116
0.000053 162
0.000009 1
0.000043 8
0.000009 9
0.000037 18
0.000050 19
0.000041 28
0.000046 51
0.000008 2
0.000039 63
0.000049 162
0.000049 5
0.000008 4
0.000036 19
0.000009 2
0.000051 20
0.000008 5
0.000037 24
0.000053 86
0.000008 2
0.000043 75
0.000337 178
0.000012 1
0.000011 2
0.000097 359
0.000010 3
0.000068 182
0.000018 143
0.000058 181
0.000008 1
0.000049 166
0.000009 1
0.000053 7
0.000008 4
0.000036 24
0.000046 21
0.000042 15
0.000018 11
0.000037 7
0.000055 6
0.000046 12
0.000008 4
0.000037 8
0.000042 13
0.000040 13
0.000042 21
0.000041 8
0.000043 21
0.000044 30
0.000054 56
0.000008 2
0.000046 69
0.000050 159
0.000008 3
0.000043 9
0.000042 21
0.000049 19
0.000008 1
0.000375 601
0.000011 4
0.005481 400
0.001454 179
0.000013 184
0.000078 1
0.000007 2
0.000020 22
0.000008 149
0.000014 1
0.000015 2
0.000018 3
0.000020 22
0.000022 133
0.000008 1
0.000020 1
0.000020 3
0.000021 22
0.000019 143
0.000007 1
0.001495 4
0.000012 22
0.000007 154
0.000016 1
0.000015 2
0.000017 3
0.000017 22
0.000007 154
0.000014 1
0.000013 2
0.000016 3
0.000017 22
0.000008 148
0.000013 1
0.000007 2
0.000019 3
0.000017 4
0.000008 145
0.000013 1
0.000013 2
0.000014 1
0.000013 1
0.000014 1
0.000007 1
0.000059 36
0.000084 12
0.000006 1
0.000014 11
0.000007 1
0.000017 2
0.000007 1
0.000014 11
0.000007 1
0.000017 4
0.000006 1
0.000014 1
0.000014 1
0.000013 5
0.000014 1
0.000013 10
0.000014 1
0.000014 4
0.000013 1
0.000013 2
0.000007 1
0.000013 4
0.000013 1
0.000013 9
0.000014 1
0.000007 2
0.000012 1
0.000014 1
0.000013 1
0.000013 10
0.000013 1
0.000014 12
0.000006 1
0.000017 7
0.000006 1
0.000053 4
0.000014 1
0.000015 2
0.000013 1
0.000015 12
0.000014 2
0.000014 6
0.000014 24
0.000014 4
0.000016 2
0.000059 42
0.000007 2
0.000014 9
0.000016 40
0.000007 2
0.000019 4
0.000032 4
0.000008 154
0.000014 1
0.000015 3
0.000014 1
0.000014 2
0.000014 1
0.000014 1
0.000014 4
0.000015 9
0.000014 6
0.000014 4
0.000015 2
0.000013 6
0.000014 8
0.000015 1
0.000014 4
0.000013 1
0.000014 5
0.000015 1
0.000014 9
0.000013 4
0.000016 2
0.000047 101
0.000006 2
0.000015 9
0.000015 101
0.000014 2
0.000016 4
0.000021 4
0.000008 154
0.000014 1
0.000015 3
0.000008 1
0.000019 2
0.000007 1
0.000015 1
0.000014 4
0.000014 9
0.000014 6
0.000014 4
0.000015 2
0.000013 6
0.000015 8
0.000014 1
0.000014 4
0.000014 1
0.000014 5
0.000014 1
0.000014 21
0.000015 4
0.000015 2
0.000029 51
0.000007 2
0.000015 9
0.000014 48
0.000014 2
0.000016 4
0.000019 4
0.000008 154
0.000014 1
0.000014 3
0.000014 1
0.000014 2
0.000008 1
0.000013 1
0.000014 4
0.000015 9
0.000015 6
0.000014 4
0.000014 2
0.000014 6
0.000015 8
0.000007 1
0.000018 4
0.000007 1
0.000014 5
0.000015 1
0.000014 17
0.000014 4
0.000016 2
0.000041 86
0.000006 2
0.000015 9
0.000014 60
0.000014 2
0.000016 4
0.003044 22
0.000109 344
0.000007 22
0.000417 1195
0.000009 50
0.000256 12
0.000116 32
0.000281 58
0.000122 53
0.000270 266
0.000077 4
0.000018 2
0.000012 1
0.000007 1
0.000022 19
0.000007 4
0.000015 2
0.000018 6
0.000014 8
0.000015 1
0.000013 4
0.000014 1
0.000014 5
0.000013 1
0.000015 9
0.000022 4
0.000021 2
0.000146 101
0.000020 2
0.000007 9
0.000016 101
0.000023 2
0.000020 4
0.000088 4
0.000022 154
0.000020 1
0.000020 3
0.000020 1
0.000006 2
0.000021 1
0.000020 1
0.000020 4
0.000007 9
0.000021 6
0.000020 4
0.000021 2
0.000007 6
0.000020 8
0.000019 1
0.000020 4
0.000007 1
0.000020 5
0.000020 1
0.000020 21
0.000007 4
0.000020 2
0.000037 51
0.002270 65
0.000013 4
0.000007 154
0.000116 54
0.000016 5
0.000014 1
0.000015 17
0.000013 4
0.000016 2
0.000046 86
0.000007 2
0.000014 9
0.000014 60
0.000015 2
0.000014 4
0.005965 56
0.008838 22
0.000195 157
0.000060 184
0.000075 177
0.000049 159
0.000007 1
0.000040 169
0.000008 1
0.000040 180
0.000051 182
0.000016 2
0.000044 174
0.000007 2
0.000045 156
0.000007 3
0.000041 8
0.000008 9
0.000034 15
0.000007 2
0.000033 30
0.000037 15
0.000036 7
0.000036 17
0.000037 8
0.000036 15
0.000036 5
0.000037 24
0.000036 13
0.000036 16
0.000035 32
0.000007 4
0.000037 2
0.000040 43
0.000007 9
0.000035 45
0.000093 159
0.000007 8
0.000045 4
0.000090 15
0.000008 4
0.000033 17
0.000016 4
0.000034 16
0.000015 4
0.000033 2
0.000040 103
0.000042 116
0.000043 162
0.000016 1
0.000039 8
0.000007 9
0.000032 12
0.000007 6
0.000034 14
0.000007 5
0.000031 26
0.000007 2
0.000037 53
0.000008 9
0.000036 54
0.000007 4
0.000036 159
0.000007 2
0.000037 15
0.000007 6
0.000033 20
0.000016 1
0.000033 11
0.000016 17
0.000032 6
0.000041 88
0.000007 9
0.000038 66
0.077041 22
0.000295 157
0.000010 2
0.000080 207
0.000019 149
0.000076 163
0.000009 3
0.000056 170
0.000057 182
0.000054 182
0.000057 156
0.000018 1
0.000048 22
0.000044 16
0.000018 12
0.000039 15
0.000018 1
0.000039 17
0.000042 8
0.000041 16
0.000042 8
0.000042 13
0.000041 13
0.000041 21
0.000041 8
0.000041 20
0.000008 24
0.000040 6
0.000051 42
0.000008 2
0.000038 55
0.000054 158
0.000008 1
0.000043 7
0.000008 1
0.000035 19
0.000008 4
0.000038 17
0.000018 4
0.000039 16
0.000042 6
0.000066 101
0.000009 2
0.000044 116
0.000055 162
0.000009 1
0.000042 8
0.000008 9
0.000037 18
0.000044 14
0.000008 5
0.000037 26
0.000008 2
0.000040 53
0.000046 63
0.000050 163
0.000018 2
0.000045 15
0.000008 6
0.000038 20
0.000018 1
0.000038 11
0.000041 23
0.000051 86
0.000008 2
0.000042 75
0.002521 178
0.000015 183
0.000132 177
0.000009 2
0.000060 163
0.000052 167
0.000010 3
0.000030 22
0.000066 160
0.000008 22
0.000052 160
0.000008 4
0.000048 154
0.000010 1
0.000046 21
0.000008 4
0.000039 24
0.000044 15
0.000017 1
0.000036 16
0.000008 1
0.000036 8
0.000042 16
0.000041 8
0.000040 12
0.000008 1
0.000037 13
0.000042 20
0.000008 1
0.000036 8
0.000041 20
0.000008 24
0.000044 6
0.000047 47
0.000008 2
0.000039 60
0.000048 158
0.000019 1
0.000044 7
0.000008 1
0.000036 19
0.000009 4
0.000040 17
0.000018 4
0.000039 16
0.000019 4
0.000038 2
0.000061 101
0.000353 11
0.000013 101
0.000098 171
0.000018 1
0.000049 24
0.000018 2
0.000051 20
0.000008 5
0.000038 26
0.000009 2
0.000044 51
0.001016 11
0.000015 50
0.000122 184
0.000054 26
0.000052 12
0.000018 17
0.000039 6
0.000050 86
0.000008 2
0.000043 75
0.000933 22
0.005162 159
0.000014 3
0.000135 381
0.000012 133
0.000009 1
0.000079 174
0.000066 182
0.000115 162
0.000009 23
0.000074 4
0.000051 24
0.000010 1
0.000045 15
0.000046 17
0.000048 7
0.000009 1
0.000039 15
0.000009 1
0.000040 8
0.000045 13
0.000045 13
0.000045 20
0.000009 1
0.000040 8
0.000044 20
0.000009 24
0.000045 6
0.000052 48
0.000009 2
0.000046 61
0.000057 158
0.000009 1
0.000047 7
0.000009 1
0.000037 19
0.000009 4
0.000042 17
0.000019 4
0.000041 16
0.000047 6
0.000051 101
0.000009 2
0.000047 116
0.000058 163
0.000009 2
0.000048 15
0.000009 6
0.000042 20
0.000018 1
0.000044 11
0.000044 27
0.000046 53
0.000009 9
0.000047 58
0.000053 161
0.000050 15
0.000009 6
0.000042 20
0.000019 1
0.000043 11
0.000045 23
0.000053 86
0.000009 2
0.000046 75
0.002989 179
0.000014 2
0.000120 384
0.000080 304
0.000009 1
0.000056 182
0.000007 3
0.000056 166
0.000010 1
0.000045 16
0.000018 7
0.000042 16
0.000047 25
0.000008 2
0.000037 17
0.000042 8
0.000041 12
0.000008 4
0.000037 8
0.000041 13
0.000042 13
0.000041 21
0.000042 8
0.000040 15
0.000009 6
0.000038 30
0.000080 45
0.000009 2
0.000043 58
0.000049 158
0.000009 1
0.000043 7
0.000009 1
0.000035 19
0.000009 4
0.000040 17
0.000008 4
0.000038 16
0.000018 4
0.000038 2
0.000045 112
0.000050 111
0.000050 161
0.000047 15
0.000009 6
0.000038 20
0.000017 1
0.000040 11
0.000041 27
0.000046 62
0.000047 58
0.000043 159
0.000046 2
0.000039 6
0.000078 9
0.000010 6
0.000095 12
0.000045 14
0.000018 5
0.000038 1
0.000040 23
0.000063 86
0.005264 11
0.000015 60
0.000009 2
0.000136 4
0.003326 22
0.000014 8
0.000107 38
0.000043 22
0.006814 51
0.134639 51
0.055851 46
0.072771 57
0.075247 2
0.002578 17
0.000014 3
0.014789 203
0.000257 46
0.014882 59
0.083812 53
0.006596 55
0.082527 49
0.026329 49
0.082762 52
0.023688 49
0.091872 54
0.024533 49
0.049329 55
0.031637 51
0.053223 55
0.021605 54
0.064187 54
0.028191 58
0.066083 32
0.029941 51
0.009898 55
0.006216 2
0.000169 6
0.000052 1
0.000046 10
0.000049 3
0.009627 210
0.000809 120
0.000143 46
0.025055 48
0.033624 50
0.028664 57
0.029391 44
0.033087 45
0.008234 47
0.039088 44
0.029017 49
0.027735 47
0.015863 49
0.050304 49
0.020867 47
0.040451 44
0.018167 47
0.047361 47
0.012911 49
0.040285 49
0.036971 44
0.010398 46
0.044949 46
0.044227 44
0.018569 45
0.001721 47
0.055883 47
0.037465 52
0.018687 49
0.019330 49
0.063084 51
0.029101 51
0.023805 50
0.050406 45
0.064214 49
0.024771 44
0.035742 47
0.030536 48
0.027716 48
0.017080 49
0.119717 44
0.004347 48
0.004677 48
0.123848 56
0.005427 53
0.029393 48
0.061809 50
0.006762 48
0.015084 50
0.046439 49
0.034394 50
0.017299 47
0.048674 50
0.005748 52
0.009004 47
0.045665 48
0.023581 45
0.004657 48
0.050019 45
0.009715 48
0.018322 46
0.055901 45
0.001472 55
0.003103 48
0.052236 48
0.022510 47
0.029836 48
0.024599 47
0.033362 48
0.019648 48
0.016364 43
0.039313 48
0.044935 50
0.009002 47
0.007436 48
0.064360 52
0.033799 48
0.014991 48
0.013950 51
0.060771 46
0.008890 44
0.028231 50
0.021090 50
0.039162 53
0.008234 47
0.047368 50
0.012861 46
0.024165 46
0.029483 44
0.042157 48
0.029017 47
0.008484 51
0.049367 47
0.004238 48
0.012108 49
0.061842 43
0.014277 51
0.012790 44
0.048681 47
0.010063 52
0.031598 46
0.051040 48
0.008936 49
0.006244 49
0.073931 47
0.052639 47
0.037305 50
0.069675 50
0.061438 47
0.018542 48
0.070312 47
0.026106 51
0.000621 44
0.052254 47
0.027454 53
0.002558 46
0.041365 47
0.049490 47
0.017093 43
0.034688 45
0.057043 46
0.003069 47
0.034270 52
0.042785 52
0.008370 46
0.030695 46
0.017509 45
0.052013 48
0.075341 44
0.033016 47
0.009938 46
0.055571 47
0.002300 45
0.013718 46
0.060020 48
0.006950 47
0.008436 47
0.064753 44
0.006726 52
0.009009 54
0.060622 50
0.006407 44
0.016172 45
0.046004 48
0.016842 47
0.031661 50
0.044805 51
0.005953 47
0.063125 51
0.016013 46
0.058418 47
0.003652 49
0.058039 49
0.002163 49
0.020698 48
0.055150 50
0.026956 49
0.038501 49
0.004342 45
0.044181 47
0.000182 50
0.025920 47
0.046936 46
0.016278 49
0.013532 46
0.054652 50
0.007970 46
0.001098 44
0.054625 49
0.014071 47
0.007468 48
0.160879 49
0.041796 45
0.064112 43
0.020190 49
0.014488 45
0.059633 45
0.001805 48
0.020605 51
0.044515 48
0.040902 47
0.003240 50
0.003219 47
0.062675 48
0.055206 28
0.002219 39
0.006588 68
0.002689 27
0.000958 2
0.000123 64
0.000623 313
24.499436 12
20.362999 1
0.405697 2
0.133360 19
0.000154 55
3.687231 1
0.397620 1
0.769766 1
0.471534 1
0.173672 1
0.173917 1
0.130207 1
0.215327 1
0.567467 1
0.218255 1
0.589197 1
0.481389 1
0.357354 1
0.200971 1
0.185554 1
0.115918 1
1.443187 4
0.169374 4
0.304041 4
0.143407 4
0.185791 4
0.152028 4
0.155703 4
0.591404 1
0.183901 1
0.227464 1
0.252154 1
0.237075 1
0.147899 1
0.121979 1
0.493825 85
2.100347 17
